>           Pacific Ocean: PACIFIC PLATE, set 06 isochron: 34
193.4927 -43.01471
193.5740 -42.96173
193.6545 -42.90512
193.7371 -42.84950
193.8211 -42.79535
193.9071 -42.74886
193.9939 -42.70282
194.0848 -42.65421
194.1869 -42.60298
194.2847 -42.54964
194.3756 -42.50294
194.4422 -42.45926
194.5734 -42.38731
194.6470 -42.34460
194.7192 -42.28896
194.7942 -42.22758
194.8698 -42.16669
194.9399 -42.10883
194.9996 -42.05762
195.0481 -42.00743
>           Pacific Ocean: PACIFIC PLATE, set 06 isochron: 34
196.5218 -41.59688
196.6183 -41.57143
196.7043 -41.54382
196.7820 -41.50993
196.8639 -41.48128
196.9548 -41.44948
197.0554 -41.42291
197.1608 -41.39476
197.2684 -41.36974
197.3766 -41.33998
197.4856 -41.30391
197.5939 -41.26155
197.6952 -41.21336
197.7916 -41.16304
197.8791 -41.11058
197.9651 -41.06702
198.0428 -41.02711
198.1240 -40.99086
198.2010 -40.94669
198.2816 -40.89667
198.3600 -40.84134
198.4412 -40.78334
198.5224 -40.72530
198.6050 -40.67090
198.6862 -40.61594
198.7681 -40.55824
198.8473 -40.49097
198.9278 -40.42204
199.0075 -40.35252
>           Pacific Ocean: PACIFIC PLATE, set 06 isochron: 34?
184.9472 -46.30751
185.0229 -46.25458
185.1034 -46.20694
185.1881 -46.16747
185.3213 -46.09848
185.3532 -46.05597
>           Pacific Ocean: PACIFIC PLATE, set 10 isochron: 34
200.8261 -38.20625
200.9128 -38.18498
200.9996 -38.16476
201.0863 -38.14125
201.1737 -38.11717
201.2598 -38.08867
201.3528 -38.05911
201.4562 -38.02901
201.5734 -37.99612
201.6893 -37.96652
201.7989 -37.93578
201.9022 -37.91109
202.0077 -37.88477
202.1138 -37.86448
202.2165 -37.84472
202.3157 -37.82993
202.4149 -37.81293
202.5189 -37.79758
202.6237 -37.77837
202.7326 -37.75862
202.8381 -37.73387
202.9442 -37.71077
203.0434 -37.68877
203.1433 -37.67007
203.2398 -37.64807
203.3348 -37.62492
203.4243 -37.60235
203.5145 -37.58418
203.6096 -37.56381
203.7144 -37.53458
203.8205 -37.50423
203.9273 -37.47499
204.0314 -37.45292
204.1389 -37.42808
204.2486 -37.40490
204.3609 -37.37839
204.4789 -37.34576
204.6017 -37.30148
204.7315 -37.25663
204.8640 -37.21844
204.9951 -37.18853
205.1172 -37.16360
205.2330 -37.13978
205.3502 -37.12098
205.4758 -37.09549
205.6001 -37.07053
205.7180 -37.04055
205.8311 -37.01614
205.9546 -36.98562
206.0892 -36.95285
206.2231 -36.91502
206.3410 -36.87881
206.4443 -36.84708
206.5401 -36.82425
206.6323 -36.81316
206.7843 -36.78476
206.9411 -36.73125
207.0368 -36.71066
207.1430 -36.69284
207.2491 -36.67280
207.3580 -36.64377
207.4607 -36.61304
207.5592 -36.58344
207.6591 -36.55663
207.7632 -36.53094
207.8749 -36.49963
207.9866 -36.47112
208.1046 -36.43980
208.2242 -36.41013
208.3396 -36.37876
208.4426 -36.35242
208.5318 -36.33226
208.6175 -36.31490
208.7054 -36.29305
208.7991 -36.26106
208.8955 -36.22118
208.9933 -36.17731
>           Pacific Ocean: PACIFIC PLATE, set 11 isochron: 34
209.1444 -28.16573
209.1505 -28.23768
209.1615 -28.30775
209.1829 -28.37840
209.2099 -28.45268
209.2431 -28.52878
209.2701 -28.60173
209.2998 -28.66975
209.3295 -28.73710
209.3662 -28.80563
209.3966 -28.87657
209.4284 -28.94989
209.4644 -29.02744
209.5045 -29.11103
209.5446 -29.19395
209.5785 -29.27435
209.6138 -29.34679
209.6415 -29.41493
209.6698 -29.48178
209.6940 -29.55042
209.7210 -29.62203
209.7431 -29.69118
209.7659 -29.75726
209.7915 -29.82086
209.8254 -29.88807
209.8572 -29.96065
209.8849 -30.03742
209.9014 -30.11291
209.9201 -30.18894
209.9449 -30.26192
209.9816 -30.33365
210.0210 -30.39809
210.0584 -30.46429
210.0944 -30.53465
210.1324 -30.61096
210.1698 -30.68663
210.2037 -30.75864
210.2348 -30.82880
210.2674 -30.89589
210.2985 -30.96115
210.3282 -31.02456
210.3524 -31.08974
210.3801 -31.15902
210.4056 -31.23186
210.4381 -31.30881
210.4651 -31.38450
210.4941 -31.45895
210.5128 -31.52737
210.5307 -31.59455
210.5466 -31.65933
210.5653 -31.72583
210.5887 -31.79286
210.6122 -31.86342
210.6454 -31.93629
210.6814 -32.00851
210.7216 -32.07715
210.7583 -32.14100
210.7908 -32.20361
210.8219 -32.26618
210.8516 -32.33400
210.8841 -32.40650
210.9159 -32.48598
210.9471 -32.56718
210.9761 -32.65063
211.0058 -32.73225
211.0348 -32.81146
211.0639 -32.88475
211.0936 -32.95503
211.1254 -33.02585
211.1572 -33.09953
211.1911 -33.17491
211.2236 -33.24905
211.2610 -33.32139
211.2949 -33.39307
211.3412 -33.47225
211.3903 -33.56184
211.4512 -33.66004
211.4997 -33.75698
211.5453 -33.85264
211.5778 -33.94528
211.6131 -34.03497
211.6407 -34.11472
211.6656 -34.18978
211.6780 -34.26072
211.6897 -34.32585
211.7208 -34.42605
211.7395 -34.47036
>           Pacific Ocean: PACIFIC PLATE, set 11 isochron: 34
209.5454  20.67788
209.5509  20.59024
209.5577  20.50127
209.5659  20.41354
209.5721  20.33430
209.5754  20.25697
209.5754  20.18027
209.5732  20.10026
209.5697  20.02611
209.5647  19.95520
209.5598  19.88689
209.5549  19.81199
209.5520  19.73374
209.5498  19.65283
209.5484  19.57847
209.5455  19.50671
209.5427  19.43952
209.5405  19.36703
209.5412  19.28856
209.5438  19.19686
209.5472  19.09982
209.5492  19.00341
209.5498  18.91553
209.5497  18.83421
209.5496  18.75417
209.5495  18.67212
209.5494  18.58736
209.5486  18.50456
209.5457  18.42702
209.5408  18.35675
209.5338  18.28513
209.5289  18.20482
209.5260  18.11186
209.5266  18.01885
209.5244  17.93113
209.5202  17.85134
209.5132  17.77153
209.5096  17.69564
209.5089  17.62441
209.5116  17.55913
209.5129  17.49117
209.5121  17.41917
209.5086  17.34315
209.5043  17.27043
209.5001  17.20102
209.4951  17.13560
209.4909  17.06681
209.4846  16.99330
209.4783  16.91245
209.4712  16.83020
209.4663  16.74792
>           Pacific Ocean: PACIFIC PLATE, set 11 isochron: 34
190.0269  44.99377
190.1243  44.97973
190.2215  44.97311
190.3205  44.97672
190.4240  44.98245
190.5289  44.98660
190.6309  44.98643
190.7268  44.98197
190.8218  44.97817
190.9173  44.97466
191.0150  44.97608
191.1097  44.97972
191.2900  44.96629
191.3770  44.93274
191.4587  44.88025
191.5252  44.81355
191.5755  44.74164
191.6113  44.67076
191.6392  44.60146
191.6628  44.53398
191.6855  44.46677
191.7074  44.40039
191.7293  44.33301
191.7455  44.26562
191.7598  44.19754
191.7711  44.12784
191.7824  44.05457
191.7922  43.97714
191.8011  43.89899
191.8145  43.82161
191.8279  43.74511
191.8421  43.66913
191.8537  43.59022
191.8661  43.50958
191.8785  43.42632
191.8879  43.34838
191.8948  43.27647
191.9013  43.20893
191.9087  43.14196
191.9210  43.07196
191.9345  43.00122
191.9505  42.92651
191.9644  42.85369
191.9744  42.77984
191.9839  42.70815
191.9912  42.63191
192.0041  42.55323
192.0178  42.47088
192.0312  42.39266
192.0354  42.31803
192.0332  42.24823
192.0318  42.17834
192.0397  42.11023
192.0546  42.04197
192.0712  41.97360
192.0856  41.90388
192.1000  41.83243
192.1158  41.76124
192.1309  41.68505
192.1416  41.60586
192.1479  41.52203
192.1565  41.44334
192.1695  41.37044
192.1871  41.30432
192.2025  41.23483
192.2146  41.15804
192.2234  41.07258
192.2327  40.98571
192.2438  40.90200
192.2572  40.82317
192.2663  40.75062
192.2742  40.68264
192.2796  40.61663
192.2884  40.54850
192.2962  40.47662
192.3057  40.39932
192.3094  40.31795
192.3035  40.23629
192.2862  40.15775
>           Pacific Ocean: PACIFIC PLATE, set 11 isochron: 34
205.1820  37.34719
205.1776  37.27497
205.1760  37.20047
205.1765  37.12593
205.1686  37.05131
205.1559  36.97550
205.1383  36.89628
205.1249  36.81808
205.1143  36.74036
205.1043  36.65751
205.0908  36.56953
205.0746  36.48034
205.0619  36.40007
205.0541  36.32645
>           Pacific Ocean: PACIFIC PLATE, set 11 isochron: 34
207.4485  34.96034
207.4490  34.88646
207.4494  34.80619
207.4506  34.72013
207.4566  34.63224
207.4660  34.54833
207.4755  34.46947
207.4837  34.39228
207.4932  34.31559
207.5068  34.23131
207.5225  34.13825
207.5319  34.03992
207.5406  33.94263
207.5501  33.84988
207.5651  33.75701
207.5732  33.66986
207.5736  33.58904
207.5720  33.51221
207.5711  33.43239
207.5695  33.34489
207.5595  33.25676
207.5537  33.16502
207.5542  33.07200
207.5629  32.97596
207.5647  32.88393
207.5582  32.79885
207.5462  32.71132
207.5446  32.61957
207.5526  32.52243
207.5662  32.43169
207.5771  32.34675
207.5845  32.26350
207.5926  32.17838
207.6000  32.08846
207.6095  32.00023
207.6252  31.91368
207.6382  31.83536
207.6490  31.75994
207.6481  31.68984
207.6556  31.60835
207.6734  31.51963
207.7029  31.41411
207.7227  31.31508
207.7363  31.21894
207.7458  31.13884
207.7679  31.05988
207.7857  30.98140
207.8000  30.89270
207.8025  30.80213
207.8023  30.71267
207.7986  30.62860
>           Pacific Ocean: PACIFIC PLATE, set 11 isochron: 34
201.9459  25.87303
201.9798  25.79370
202.0080  25.71561
202.0321  25.63555
202.0541  25.55044
202.0809  25.46145
202.1105  25.37492
202.1381  25.29339
202.1629  25.21812
202.1884  25.14852
202.2187  25.08331
>           Pacific Ocean: PACIFIC PLATE, set 11 isochron: 34
203.0942  23.08923
203.1218  23.02484
203.1515  22.95788
203.1825  22.88635
203.2150  22.80706
203.2473  22.71610
203.2804  22.61477
203.3141  22.51013
203.3465  22.41252
203.3789  22.32715
203.4078  22.25078
203.4340  22.18150
203.4505  22.11412
203.4601  22.04868
>           Pacific Ocean: PACIFIC PLATE, set 12 isochron: 34
176.9672  42.03299
177.0466  42.06017
177.2068  42.09650
177.3716  42.11939
177.5418  42.15589
177.6325  42.17765
177.7284  42.19805
177.8264  42.21321
177.9249  42.22674
178.0223  42.23799
178.1194  42.25347
178.2223  42.26922
178.3352  42.28811
178.4543  42.30560
178.5690  42.32183
178.6732  42.34076
178.7709  42.36529
178.8648  42.39536
178.9583  42.42187
179.0511  42.44384
179.1483  42.46284
179.2451  42.48377
179.3398  42.50633
179.4274  42.53251
179.5117  42.56163
179.5969  42.59528
179.6904  42.62914
179.7967  42.66380
179.9104  42.69449
180.0240  42.72161
180.1344  42.74456
180.2505  42.76585
180.3740  42.78607
180.5014  42.80268
180.6195  42.81778
180.7275  42.82880
180.8240  42.83673
180.9235  42.83723
181.0318  42.83799
181.1523  42.84116
181.2765  42.85201
181.3950  42.86033
181.5082  42.86775
181.6199  42.87103
181.7379  42.87776
181.8612  42.88734
181.9776  42.89695
182.0847  42.90570
182.1842  42.91103
182.2839  42.92118
182.3813  42.93391
182.4754  42.95086
182.5713  42.96780
182.6680  42.98599
182.7647  43.00032
182.8548  43.01312
182.9408  43.02114
183.0243  43.03145
183.2061  43.05575
183.3063  43.07131
183.4052  43.08625
183.5013  43.09383
183.5921  43.10083
183.7700  43.12257
183.9500  43.14268
184.0448  43.14997
184.1440  43.15976
184.2464  43.17432
184.3466  43.18793
184.4415  43.20224
184.5333  43.21401
184.6238  43.22678
184.8103  43.24166
184.9033  43.24702
184.9942  43.25560
185.0829  43.26645
185.1729  43.27601
185.2664  43.28393
185.3647  43.29275
185.4644  43.30857
185.5643  43.32599
185.6618  43.34056
185.7571  43.35004
185.8484  43.35925
185.9366  43.36816
186.0270  43.37387
186.1208  43.37635
186.2181  43.38102
186.3147  43.38984
186.4092  43.40347
186.5002  43.41648
186.5885  43.42886
>           North Atlantic Ocean: NORTH AMERICA PLATE, set 02 isochron: 34
314.8575  38.64544
314.8145  38.56397
314.7701  38.48298
314.7263  38.40355
314.6799  38.32294
314.6340  38.24662
314.5806  38.17519
314.5223  38.10970
314.4563  38.04580
314.3938  37.98073
314.3376  37.91507
314.2890  37.84937
>           North Atlantic Ocean: NORTH AMERICA PLATE, set 02 isochron: 34
312.7822  37.11355
312.7294  37.05046
312.6738  36.98563
312.6287  36.91966
312.5857  36.85417
312.5510  36.78977
312.4996  36.72756
312.4427  36.66696
312.3802  36.60686
312.3225  36.54725
312.2649  36.48595
312.2003  36.42683
312.1329  36.36484
312.0621  36.30505
311.9940  36.24354
311.9260  36.18364
>           North Atlantic Ocean: NORTH AMERICA PLATE, set 02 isochron: 34
308.6564  33.96503
308.5981  33.89706
308.5467  33.82962
308.4967  33.76215
308.4453  33.69286
308.3870  33.62644
308.3342  33.56404
308.2502  33.46190
>           North Atlantic Ocean: NORTH AMERICA PLATE, set 02 isochron: 34
306.6801  33.48072
306.6232  33.38315
306.5718  33.29546
306.5219  33.21880
306.4760  33.14848
306.4302  33.07990
306.3879  33.01066
306.3421  32.93784
306.2921  32.86261
306.2470  32.80028
306.1956  32.72670
306.1484  32.63891
306.1068  32.57287
306.0575  32.50145
306.0040  32.42761
305.9450  32.35432
305.8853  32.28983
305.8249  32.23001
305.7665  32.17310
305.7068  32.11262
305.6519  32.05328
305.6068  31.99510
305.5444  31.88521
305.4749  31.75910
305.4312  31.69302
305.3868  31.62748
>           North Atlantic Ocean: NORTH AMERICA PLATE, set 02 isochron: 34
304.1489  30.92630
304.0982  30.85958
304.0558  30.79345
304.0149  30.72906
303.9774  30.66526
303.9294  30.59957
303.8801  30.53085
303.8274  30.46206
303.7816  30.39687
303.7448  30.33039
303.7108  30.25967
303.6796  30.18285
303.6407  30.10839
303.6012  30.03874
303.5533  29.97020
303.5039  29.89676
303.4526  29.81721
303.4040  29.73639
303.3610  29.65855
303.3200  29.58307
303.2798  29.50388
303.2319  29.42096
303.1743  29.33311
303.1069  29.25066
303.0431  29.17179
302.9875  29.10388
302.9397  29.04329
302.8924  28.98998
302.8480  28.93545
302.8036  28.87473
302.7529  28.80725
302.6945  28.73479
302.6341  28.66106
302.5757  28.58665
302.5195  28.51283
302.4702  28.44080
302.4300  28.37118
302.3981  28.30524
302.3654  28.24051
302.3280  28.17571
302.2801  28.11148
302.2280  28.04967
302.1766  27.99091
302.1301  27.92841
302.0843  27.86095
302.0343  27.78661
301.9808  27.70913
301.9232  27.62600
301.8656  27.54157
301.8107  27.46019
301.7614  27.38370
301.7191  27.30968
301.6845  27.23625
301.6561  27.16404
>           North Atlantic Ocean: NORTH AMERICA PLATE, set 02 isochron: 34
300.5115  26.89865
300.4838  26.81744
300.4470  26.74180
300.3984  26.67235
300.3484  26.60536
300.2991  26.53832
>           North Atlantic Ocean: NORTH AMERICA PLATE, set 02 isochron: 34
300.1841  21.58768
300.1390  21.48338
300.1043  21.39600
300.0800  21.32491
300.0551  21.25964
300.0287  21.19173
299.9961  21.11985
299.9642  21.04599
299.9302  20.97076
299.8997  20.89813
299.8691  20.82153
299.8358  20.74226
299.8018  20.65773
299.7700  20.57905
299.7422  20.50492
299.7179  20.43141
299.6909  20.35130
299.6659  20.26523
299.6382  20.18372
299.6118  20.11073
299.5848  20.04163
299.5598  19.96723
299.5397  19.88689
299.5189  19.80850
299.5002  19.73730
299.4808  19.67201
299.4621  19.60801
299.4420  19.54267
299.4177  19.47333
299.3934  19.40065
299.3664  19.32331
299.3400  19.24594
299.3095  19.16322
299.2762  19.08114
299.2394  18.99570
299.2040  18.91552
299.1693  18.83596
299.1388  18.76166
299.1111  18.69065
299.0896  18.62096
299.0716  18.54790
299.0515  18.47549
299.0300  18.40903
299.0022  18.34919
298.9592  18.21746
298.9475  18.14825
298.9398  18.08368
298.9420  18.02309
>           North Atlantic Ocean: NORTH AMERICA PLATE, set 02 isochron: 34??
313.7635  37.89339
313.6954  37.81049
313.6336  37.73416
313.5753  37.66550
313.5177  37.60234
313.4573  37.53854
313.4011  37.47191
313.3463  37.39970
313.2942  37.32850
313.2407  37.25949
313.1928  37.19541
313.1484  37.13242
313.1061  37.07048
313.0610  37.00904
313.0138  36.94813
>           North Atlantic Ocean: NORTH AMERICA PLATE, set 02 isochron: 34??
311.3692  36.27934
311.3053  36.21217
311.2400  36.14718
311.1705  36.08384
311.0948  36.01420
311.0121  35.94168
310.9268  35.86626
310.8490  35.79416
310.7782  35.71915
310.7080  35.64127
310.6323  35.56388
310.5608  35.48923
310.4990  35.42136
310.4421  35.35746
310.3817  35.29804
>           North Atlantic Ocean: NORTH AMERICA PLATE, set 02 isochron: 34??
310.1878  35.30806
310.1399  35.22979
310.0829  35.15085
310.0149  35.06897
309.9496  34.98470
309.8795  34.89347
309.8087  34.80040
309.7309  34.70494
309.6580  34.61859
309.5900  34.53848
309.5254  34.47214
309.4608  34.40458
309.3914  34.33812
309.3226  34.26292
309.2560  34.19056
309.1970  34.11583
309.1414  34.04218
309.0880  33.96561
>           North Atlantic Ocean: NORTH AMERICA PLATE, set 02 isochron: 34??
307.4055  33.82227
307.3457  33.74370
307.2971  33.67383
307.2541  33.61673
307.1861  33.50999
307.1535  33.45396
307.1181  33.39731
>           North Atlantic Ocean: NORTH AMERICA PLATE, set 02 isochron: 34??
305.0678  31.65383
305.0143  31.58406
304.9587  31.51364
304.9059  31.44257
304.8560  31.36607
304.8088  31.29372
304.7574  31.22609
304.7067  31.16800
304.6588  31.10805
304.6144  31.04506
304.5707  30.97846
304.5276  30.91360
304.4867  30.85114
>           North Atlantic Ocean: NORTH AMERICA PLATE, set 02 isochron: 34??
301.8325  25.54462
301.7971  25.46558
301.7561  25.38715
301.7047  25.30801
301.6561  25.22882
301.6075  25.14958
301.5742  25.07411
301.5431  25.01003
301.4799  24.91414
301.4202  24.80416
301.4001  24.73868
301.3758  24.67123
301.3452  24.60057
301.3120  24.52222
301.2759  24.44444
301.2419  24.36729
301.2072  24.29516
301.1767  24.22108
301.1454  24.14504
301.1177  24.06898
301.0872  23.99734
301.0573  23.92757
301.0227  23.85712
300.9915  23.78216
300.9582  23.70905
300.9263  23.63657
300.8909  23.56724
300.8617  23.49660
300.8360  23.42593
300.8167  23.35458
300.7945  23.28255
300.7695  23.21047
300.7375  23.13771
300.7050  23.06618
300.6730  22.99591
300.6432  22.92947
300.6078  22.86623
300.5689  22.80038
300.5231  22.72736
300.4780  22.64524
300.4322  22.56440
300.3926  22.48998
300.3600  22.42393
300.3281  22.36305
300.2982  22.30472
300.2601  22.24831
300.2268  22.18864
300.1865  22.12697
300.1504  22.06010
300.1088  21.99255
300.0720  21.92106
300.0352  21.85215
299.9984  21.78515
299.9588  21.72202
>           North Atlantic Ocean: NORTH AMERICA PLATE, set 03 isochron: 34
308.5420  54.34645
308.6069  54.25850
308.6689  54.18105
308.7344  54.11038
308.7957  54.04245
308.8583  53.97073
308.9127  53.90176
308.9753  53.83516
309.0408  53.77134
309.1118  53.70826
309.1766  53.64339
309.2413  53.57595
309.3075  53.50508
309.3716  53.43409
309.4252  53.36549
309.4725  53.29675
309.5227  53.22540
309.5840  53.15017
309.6474  53.07484
309.7122  53.00061
309.7707  52.92624
309.8320  52.85133
309.8919  52.77672
309.9574  52.70453
310.0207  52.63263
310.0840  52.56022
>           North Atlantic Ocean: NORTH AMERICA PLATE, set 03 isochron: 34
314.1076  51.94085
314.1753  51.87716
314.2456  51.81340
314.3222  51.74870
314.4022  51.68477
314.4906  51.62075
314.5825  51.55711
314.6757  51.49114
314.7613  51.42248
314.8441  51.35373
314.9228  51.28618
315.0015  51.22070
315.0725  51.15205
315.1442  51.08156
315.2166  51.01056
315.2973  50.94296
315.3857  50.87745
315.4846  50.81496
315.5924  50.75327
315.7023  50.69461
315.8123  50.63316
315.9201  50.57304
316.0300  50.50880
316.1420  50.44758
316.2491  50.38585
316.3452  50.32623
316.4308  50.26340
316.5143  50.19739
316.6048  50.12770
316.6980  50.05837
316.7954  49.98894
316.8915  49.92119
316.9826  49.85065
317.0661  49.78403
317.1350  49.72186
317.1983  49.66683
317.2540  49.61170
317.3167  49.55428
317.3786  49.49314
317.4399  49.42917
317.4970  49.36290
317.5555  49.29424
317.6182  49.22319
317.6725  49.15160
317.7261  49.08217
317.7714  49.01771
317.8223  48.95636
317.8647  48.89536
317.9135  48.83247
317.9678  48.76537
318.0340  48.69589
318.1015  48.62214
318.1656  48.54875
318.2227  48.47478
318.2769  48.40303
318.3292  48.33303
318.3842  48.26341
318.4344  48.19320
318.4839  48.12196
318.5271  48.05251
318.5723  47.98669
318.6169  47.92126
318.6650  47.85479
318.7179  47.78593
318.7695  47.71788
318.8238  47.65071
318.8795  47.58250
318.9380  47.51231
318.9986  47.43874
319.0494  47.36408
319.0982  47.28885
319.1310  47.21540
319.1637  47.14470
319.1930  47.07581
319.2327  47.00827
319.2759  46.94065
319.3212  46.87770
319.3630  46.81757
319.4334  46.70040
319.4641  46.63570
319.4948  46.56568
319.5234  46.49215
319.5513  46.41711
319.5757  46.34003
319.6001  46.26334
319.6204  46.18602
319.6393  46.10863
319.6574  46.03256
319.6763  45.95589
319.6945  45.88156
319.7037  45.80714
319.7045  45.73794
319.6927  45.66769
319.6740  45.59535
319.6470  45.51609
319.6130  45.43769
319.5728  45.36360
319.5298  45.29626
319.4924  45.23182
319.4591  45.16579
319.4293  45.09726
319.3954  45.02567
319.3579  44.95597
319.3128  44.88617
319.2622  44.81480
319.2115  44.73636
319.1644  44.66184
319.1146  44.56734
319.0876  44.48859
319.0668  44.42672
319.0398  44.36128
318.9829  44.23771
318.9475  44.17207
318.9101  44.09780
318.8699  44.01792
318.8283  43.93287
318.7839  43.85177
318.7430  43.77309
318.7098  43.69425
318.6821  43.61080
318.6579  43.52470
318.6323  43.44510
318.6095  43.37403
318.5866  43.30489
318.5603  43.23057
318.5298  43.14492
318.4931  43.05712
318.4543  42.96613
318.4113  42.88116
318.3697  42.79501
318.3309  42.71338
318.2991  42.63063
318.2741  42.55396
318.2527  42.48029
318.2299  42.41012
318.1994  42.33677
318.1647  42.26075
318.1293  42.18206
318.0968  42.10583
318.0684  42.02903
318.0380  41.95261
318.0081  41.87354
317.9735  41.79749
317.9423  41.72342
317.9132  41.65240
317.8862  41.58080
317.8627  41.51017
317.8343  41.43943
317.8080  41.36653
317.7747  41.29038
317.7414  41.20731
317.7026  41.11831
317.6624  41.02236
317.6208  40.92257
317.5814  40.82050
317.5446  40.71829
317.5128  40.62179
317.4810  40.53204
317.4477  40.44482
317.4124  40.35641
317.3798  40.27003
317.3493  40.19158
317.3174  40.11567
317.2807  40.03324
317.2419  39.94104
317.2094  39.84769
317.1845  39.76283
317.1595  39.68270
317.1263  39.60136
317.0909  39.51292
317.0702  39.42873
317.0655  39.35041
317.0641  39.28062
317.0545  39.21186
317.0372  39.14570
317.0200  39.08008
317.0041  39.01546
>           North Atlantic Ocean: EURASIA PLATE, set 09 isochron: 34
337.9124  55.21560
337.9035  55.14939
337.9022  55.07752
337.9086  55.00076
337.9171  54.92384
337.9283  54.85204
337.9438  54.78128
337.9626  54.70878
337.9822  54.63130
337.9998  54.55409
338.0152  54.47959
338.0278  54.40615
338.0398  54.33257
338.0531  54.25723
338.0692  54.18503
338.0895  54.11518
338.1119  54.04725
338.1364  53.98041
338.1594  53.91348
338.1818  53.84684
338.2027  53.77433
338.2230  53.69754
338.2447  53.61609
338.2671  53.53904
338.2915  53.46684
338.3146  53.39741
338.3369  53.32455
338.3572  53.24778
338.3782  53.17301
338.4006  53.10309
338.4264  53.03772
338.4529  52.97349
338.4794  52.90920
>  North Atlantic Ocean: EUR PLATE, set 09 or EUR PLATE, set 15 isochron: 34
353.4376  44.70870
353.3486  44.68828
353.2597  44.67677
353.1700  44.67717
353.0762  44.68155
352.9754  44.68343
352.8683  44.67687
352.7578  44.66732
352.6522  44.65826
352.5514  44.65168
352.4576  44.64064
352.3623  44.62612
352.2657  44.61211
352.1643  44.60553
352.0621  44.60393
351.9592  44.60233
351.8599  44.59975
351.7625  44.59962
351.6652  44.60550
351.5630  44.61136
351.4601  44.61026
351.3614  44.60168
351.2690  44.59411
351.1772  44.58905
351.0793  44.58448
350.9771  44.57740
350.8749  44.57032
350.7755  44.56872
350.6761  44.56564
350.5684  44.56702
350.4586  44.56442
350.3418  44.56580
350.2313  44.56319
350.1200  44.56305
350.0185  44.55995
349.9115  44.55785
349.8031  44.55376
349.6856  44.55265
349.5737  44.55152
349.4652  44.54892
349.3603  44.54831
349.2526  44.54422
349.1427  44.54012
349.0399  44.52903
348.9419  44.52145
348.8481  44.51638
348.7494  44.51977
348.6520  44.52165
348.5554  44.52053
348.4650  44.50948
348.3740  44.50290
348.2802  44.50082
348.1801  44.50869
348.0771  44.51157
347.9763  44.51047
347.8797  44.50039
347.7866  44.49480
347.6949  44.49221
347.6031  44.49960
347.5121  44.50349
347.4210  44.50638
347.3271  44.50229
347.2312  44.50419
347.1353  44.50857
347.0414  44.51495
346.9448  44.51535
346.8447  44.51425
346.7426  44.51613
346.6452  44.52101
346.5486  44.52587
346.4499  44.51881
346.3435  44.50026
346.2365  44.47173
346.1330  44.44668
346.0357  44.42561
345.9370  44.40906
345.8369  44.39148
345.7327  44.36989
345.6326  44.34381
345.5340  44.31570
345.4311  44.28659
345.3199  44.25247
345.2004  44.21128
345.0886  44.16656
344.9857  44.11729
344.8940  44.06599
344.8094  44.01114
344.7281  43.96231
344.6489  43.91493
344.5690  43.86953
344.4892  43.82156
344.4156  43.77004
344.3434  43.71340
344.2760  43.64965
344.2025  43.58585
344.1344  43.52551
344.0706  43.46663
344.0199  43.40517
343.9692  43.33908
343.9137  43.27497
343.8519  43.21434
343.7895  43.15669
343.7416  43.09389
343.7021  43.02490
343.6723  42.94921
343.6397  42.87343
343.6093  42.79549
343.5809  42.71490
343.5567  42.62855
343.5339  42.54106
343.5089  42.45447
343.4799  42.37396
343.4487  42.29645
343.4175  42.22349
343.3884  42.14837
343.3649  42.07420
343.3476  41.99632
343.3373  41.92042
343.3297  41.83976
343.3194  41.75637
343.3036  41.66558
343.2794  41.57674
343.2538  41.49354
343.2267  41.42072
343.1990  41.35410
343.1636  41.28687
343.1185  41.21535
343.0665  41.13794
343.0131  41.06098
342.9659  40.98448
342.9229  40.90946
342.8904  40.83224
342.8585  40.75761
342.8350  40.68128
342.8080  40.60380
342.7852  40.51828
342.7567  40.43264
342.7235  40.34904
342.6881  40.27063
342.6535  40.19000
342.6286  40.10500
342.6058  40.01778
342.5864  39.93742
342.5650  39.86556
342.5470  39.79412
342.5297  39.71616
342.5117  39.63166
342.4861  39.55246
342.4556  39.48018
342.4202  39.41102
342.3870  39.33858
342.3544  39.26334
342.3239  39.18640
342.2927  39.10774
342.2629  39.02736
342.2318  38.95073
342.2027  38.87780
342.1722  38.80643
342.1452  38.73117
342.1154  38.65311
342.0891  38.57330
342.0648  38.49615
342.0441  38.42223
342.0219  38.35425
341.9977  38.28843
341.9728  38.22362
>  North Atlantic Ocean: EUR PLATE, set 14 or EUR PLATE, set 09 isochron: 34
342.0712  52.40947
342.1632  52.34480
342.2578  52.28302
342.3580  52.22458
342.4644  52.16948
342.5646  52.11859
342.6550  52.06978
342.7323  52.01315
342.8068  51.94870
342.8750  51.87728
342.9377  51.80790
342.9955  51.73798
343.0512  51.67011
343.1062  51.60127
343.1577  51.53363
343.2086  51.46545
343.2595  51.39499
343.3145  51.32047
343.3737  51.24237
343.4330  51.16632
343.4879  51.09629
343.5388  51.03097
343.5924  50.96642
343.6468  50.89827
343.6976  50.82559
343.7485  50.75106
343.8035  50.67819
343.8578  50.61051
343.9016  50.54581
343.9400  50.48148
343.9895  50.41661
344.0515  50.35170
344.1169  50.28711
344.1754  50.22199
344.2248  50.16306
344.2930  50.07986
344.3564  50.00864
344.4253  49.95168
344.4657  49.90004
344.5089  49.82985
344.5598  49.76140
344.6314  49.70506
344.6781  49.64004
344.7387  49.56814
344.7937  49.48979
344.8516  49.42855
344.9016  49.36681
344.9386  49.30634
344.9874  49.24351
345.0619  49.14134
345.1058  49.07920
345.1407  49.01516
345.1706  48.95103
345.1944  48.88268
345.2251  48.81147
345.2607  48.73788
345.3059  48.66742
345.3471  48.60146
345.3861  48.53589
345.4182  48.46835
345.4489  48.39423
345.4733  48.31861
345.4963  48.23917
345.5160  48.16236
345.5355  48.08595
345.5516  48.01549
345.5788  47.91455
345.5956  47.82743
345.6242  47.75990
345.6501  47.69323
345.6661  47.61890
345.6766  47.55109
345.6865  47.47939
345.7019  47.40381
345.7244  47.28358
345.7363  47.22198
345.7537  47.15513
345.7816  47.08719
345.7999  46.99627
345.8046  46.90236
345.8298  46.77954
345.8468  46.70250
345.8595  46.63110
345.8728  46.56394
345.8945  46.43847
345.9037  46.37442
345.9149  46.30593
345.9289  46.23399
345.9450  46.15664
345.9625  46.07530
345.9821  45.98851
346.0094  45.90257
346.0464  45.81798
346.0993  45.74450
346.1647  45.68314
346.2454  45.64518
346.3350  45.62185
346.4323  45.60975
346.5338  45.59763
346.6395  45.58602
346.7487  45.57537
346.8564  45.57061
346.9586  45.57215
347.0580  45.58252
347.1587  45.59829
347.2692  45.61553
347.3825  45.62738
347.4986  45.63238
347.6056  45.63443
347.7134  45.63455
347.8184  45.63221
347.9261  45.62645
348.0269  45.62118
348.1215  45.61687
348.2104  45.61061
348.2980  45.59994
348.3898  45.58587
348.4871  45.57425
348.5893  45.56215
348.6929  45.55099
348.7951  45.54033
348.8959  45.53653
348.9890  45.53660
349.0780  45.53815
349.1649  45.53679
349.3463  45.52965
349.4402  45.52241
349.5396  45.51665
349.6481  45.50943
349.7586  45.50464
349.8684  45.49791
349.9748  45.49508
350.0833  45.49567
350.1938  45.49727
350.3063  45.50277
350.4259  45.50682
350.5558  45.51091
350.6963  45.50520
350.8368  45.49749
350.9709  45.48830
351.0974  45.48551
351.2239  45.48270
351.3539  45.48188
351.4887  45.48055
351.6194  45.47969
351.7487  45.47787
351.8738  45.47849
351.9948  45.48154
352.1011  45.48749
352.1929  45.48365
352.3535  45.46177
352.5363  45.45318
352.6476  45.44889
352.7595  45.43773
352.8666  45.42852
352.9653  45.42029
353.0612  45.41645
353.1648  45.41119
353.2753  45.40297
353.3935  45.38987
353.5034  45.37916
353.6027  45.37238
353.7800  45.37207
353.9565  45.38353
354.0434  45.39339
>           North Atlantic Ocean: AFRICA PLATE, set 01 isochron: 34
338.8666  37.05669
338.8228  36.96336
338.7798  36.87611
338.7340  36.79379
338.6931  36.72089
338.6479  36.64570
338.6021  36.57042
338.5570  36.48943
338.5182  36.41457
338.4856  36.34415
338.4544  36.27878
>           North Atlantic Ocean: AFRICA PLATE, set 01 isochron: 34
336.9411  35.39405
336.8994  35.32097
336.8592  35.24726
336.8182  35.17349
336.7814  35.09850
336.7405  35.02460
336.7058  34.95007
336.6642  34.87833
336.6316  34.80481
336.5927  34.73062
336.5594  34.65008
336.5192  34.57116
336.4754  34.49447
336.4282  34.42233
336.3845  34.34839
336.3477  34.27209
>           North Atlantic Ocean: AFRICA PLATE, set 01 isochron: 34
335.8033  34.39611
335.7450  34.29667
335.6971  34.21278
335.6547  34.13866
335.6089  34.06270
335.5512  33.97566
335.4992  33.88971
335.4521  33.81821
335.4229  33.76294
335.3563  33.65636
335.3118  33.58697
335.2653  33.51287
335.2112  33.44104
335.1563  33.37439
335.1070  33.30888
335.0605  33.24448
335.0132  33.17769
334.9563  33.10850
334.8952  33.03690
334.8355  32.96819
334.7834  32.90352
334.7390  32.84354
334.6931  32.77879
334.6396  32.70752
334.5757  32.62854
334.5154  32.55359
334.4598  32.48330
334.4084  32.41771
334.3473  32.35324
334.2806  32.29166
334.2077  32.23299
334.1424  32.17073
334.0799  32.10131
334.0257  32.02594
333.9702  31.94933
333.9161  31.87384
>           North Atlantic Ocean: AFRICA PLATE, set 01 isochron: 34
333.4843  31.93204
333.4503  31.84940
333.4184  31.77385
333.3865  31.70539
333.3567  31.64104
333.3240  31.57663
333.2914  31.51160
333.2546  31.44650
333.2157  31.38137
333.1706  31.31916
333.1206  31.26110
333.0658  31.20719
>           North Atlantic Ocean: AFRICA PLATE, set 01 isochron: 34
332.3649  31.31385
332.3149  31.18636
332.2816  31.12285
332.2476  31.06047
332.2102  30.99867
332.1713  30.93623
>           North Atlantic Ocean: AFRICA PLATE, set 01 isochron: 34
330.4023  29.04104
330.3537  28.96261
330.3113  28.89088
330.2683  28.82401
330.2322  28.75710
330.1898  28.68892
330.1531  28.62317
330.1170  28.55981
330.0858  28.49704
330.0573  28.43179
330.0219  28.36340
329.9837  28.29125
329.9400  28.21660
>           North Atlantic Ocean: AFRICA PLATE, set 01 isochron: 34
329.5332  28.40458
329.4929  28.30346
329.4534  28.21463
329.4110  28.13747
329.3680  28.06456
329.3166  27.98724
329.2639  27.90989
329.2083  27.83185
329.1583  27.75810
329.1104  27.67995
329.0583  27.59429
329.0063  27.49863
328.9500  27.40290
328.9056  27.31334
328.8613  27.22553
328.8245  27.13393
328.7835  27.04352
328.7468  26.96178
328.7149  26.88997
328.6871  26.82186
328.6608  26.75496
328.6295  26.68613
328.5990  26.61414
328.5678  26.53207
328.5331  26.44304
328.4929  26.34956
328.4519  26.26416
328.4187  26.18185
328.3881  26.09885
328.3569  26.00887
328.3145  25.91376
328.2666  25.81857
328.2111  25.72394
328.1639  25.64059
328.1237  25.56288
328.0938  25.48702
328.0627  25.40541
328.0328  25.32440
328.0044  25.24777
327.9829  25.17298
327.9593  25.09879
327.9302  25.02265
327.8934  24.94708
327.8594  24.86575
327.8268  24.78500
327.7956  24.70166
327.7644  24.62080
327.7380  24.53864
327.7166  24.45705
327.6937  24.37733
327.6750  24.29629
327.6528  24.21902
327.6348  24.13852
327.6071  24.05601
327.5807  23.96643
327.5516  23.87806
327.5308  23.79478
327.5149  23.71658
327.5031  23.64155
327.4914  23.56712
>           North Atlantic Ocean: AFRICA PLATE, set 01 isochron: 34
327.1009  19.05843
327.0711  18.93980
327.0434  18.83704
327.0170  18.75080
326.9921  18.67049
326.9664  18.59212
326.9415  18.51373
326.9144  18.43129
326.8888  18.34750
326.8638  18.26500
326.8430  18.18978
326.8250  18.11454
326.8084  18.03059
326.7848  17.93127
326.7543  17.82389
326.7238  17.72244
326.7065  17.63834
326.6989  17.56956
326.6642  17.45930
326.6171  17.34624
326.5963  17.27800
326.5734  17.20436
326.5463  17.12599
326.5255  17.04762
326.5054  16.96585
326.4874  16.88271
326.4659  16.79618
326.4479  16.71297
326.4313  16.63443
326.4098  16.55652
326.3849  16.47385
326.3516  16.38510
326.3232  16.29833
326.2961  16.21826
326.2788  16.14558
326.2601  16.07757
326.2400  16.01223
326.2129  15.94617
326.1859  15.87202
326.1567  15.78905
326.1303  15.70000
326.1033  15.61699
326.0797  15.53665
326.0533  15.46234
326.0270  15.38259
325.9958  15.30148
325.9660  15.21490
325.9362  15.13303
325.9091  15.05521
>           North Atlantic Ocean: AFRICA PLATE, set 01 isochron: 34??
337.8849  36.40983
337.8551  36.32134
337.8260  36.24013
337.7947  36.16334
337.7635  36.08875
337.7302  36.00782
337.6969  35.92515
337.6581  35.84012
337.6157  35.75895
337.5657  35.67998
337.5157  35.60433
337.4637  35.53030
337.4207  35.45793
337.3839  35.38549
337.3534  35.31300
337.3229  35.24048
>           North Atlantic Ocean: AFRICA PLATE, set 01 isochron: 34??
331.7458  31.02202
331.6930  30.94696
331.6437  30.87364
331.6028  30.80330
331.5653  30.74070
331.5327  30.67991
331.4951  30.62026
331.4556  30.54729
331.3993  30.46582
331.3312  30.37341
331.2520  30.28392
331.1840  30.20282
331.1299  30.13256
331.0959  30.06834
331.0626  30.00225
331.0258  29.93006
330.9744  29.84990
330.9174  29.75873
330.8549  29.66077
330.7932  29.55787
330.7328  29.46156
330.6752  29.36883
330.6176  29.27479
330.5587  29.17335
>           North Atlantic Ocean: AFRICA PLATE, set 01 isochron: 34??
327.9803  22.53568
327.9428  22.43659
327.9046  22.33746
327.8734  22.24411
327.8457  22.15266
327.8256  22.06958
327.8020  21.98710
327.7819  21.90848
327.7618  21.82655
327.7404  21.73808
327.7112  21.64106
327.6758  21.53878
327.6391  21.44164
327.6065  21.35292
327.5753  21.27525
327.5517  21.20340
327.5288  21.13152
327.5038  21.04718
327.4684  20.95166
327.4289  20.85020
327.3943  20.75783
327.3624  20.67197
327.3354  20.58935
327.3055  20.50665
327.2798  20.42460
327.2549  20.34513
327.2320  20.25970
327.2092  20.16830
327.1835  20.06434
327.1579  19.95506
327.1315  19.84370
327.1052  19.74020
327.0768  19.64785
327.0456  19.56401
327.0157  19.48936
326.9894  19.41933
326.9693  19.35387
326.9492  19.28709
326.9277  19.21828
326.9020  19.14746
326.8757  19.07596
>           South Atlantic Ocean: SOUTH AMERICA PLATE, set 01 isochron: 34
300.9805  17.22012
300.9673  17.14914
300.9535  17.07882
300.9411  17.00646
300.9272  16.92602
300.9092  16.83483
300.8843  16.73887
300.8565  16.64287
300.8295  16.55556
300.8046  16.47425
300.7810  16.39896
>           South Atlantic Ocean: SOUTH AMERICA PLATE, set 01 isochron: 34
301.7391  15.29655
301.7245  15.23163
301.7114  15.15857
301.7010  15.07807
301.6900  14.99347
301.6831  14.91630
301.6721  14.84857
301.6346  14.73199
301.6082  14.67503
>           South Atlantic Ocean: SOUTH AMERICA PLATE, set 01 isochron: 34
304.9072  12.49829
304.9108  12.42441
304.9122  12.34979
304.9060  12.27448
304.8957  12.19981
304.8818  12.12170
304.8736  12.03878
304.8653  11.95377
304.8577  11.86943
>           South Atlantic Ocean: SOUTH AMERICA PLATE, set 01 isochron: 34
306.1971  11.22898
306.1742  11.14988
306.1507  11.06456
306.1306  10.97717
306.1195  10.88771
306.1161  10.80168
>           South Atlantic Ocean: SOUTH AMERICA PLATE, set 01 isochron: 34
307.8813   9.75576
307.8723   9.68736
307.8683   9.61619
307.8655   9.54086
307.8600   9.46619
307.8517   9.39428
307.8441   9.32651
>           South Atlantic Ocean: SOUTH AMERICA PLATE, set 01 isochron: 34
332.0863  -6.38235
332.0899  -6.48083
332.0872  -6.58006
332.0804  -6.67516
332.0748  -6.75774
332.0775  -6.83330
332.0864  -6.90878
332.0947  -6.99396
332.0989  -7.08192
332.0975  -7.16925
332.0982  -7.24960
332.0975  -7.32857
332.0960  -7.40753
332.0919  -7.49550
332.0836  -7.58833
332.0822  -7.67695
332.1288  -7.77268
>           South Atlantic Ocean: SOUTH AMERICA PLATE, set 01 isochron: 34
329.4290 -11.48488
329.4578 -11.61658
329.4873 -11.74004
329.5118 -11.85530
329.5370 -11.96640
329.5622 -12.06655
329.5962 -12.15224
329.6247 -12.23997
329.6490 -12.33047
329.6693 -12.43256
329.6951 -12.52842
329.7299 -12.62688
329.7653 -12.71577
329.7987 -12.80736
329.8258 -12.89693
329.8425 -12.98387
329.8562 -13.05109
329.8743 -13.13727
329.9183 -13.25376
>           South Atlantic Ocean: SOUTH AMERICA PLATE, set 01 isochron: 34
328.1405 -14.32655
328.1661 -14.40338
328.1841 -14.47689
328.1950 -14.54504
328.2004 -14.61120
328.2072 -14.67596
328.2126 -14.74345
328.2181 -14.81830
328.2279 -14.90792
328.2468 -15.01361
328.2755 -15.13264
328.3099 -15.25491
328.3442 -15.37442
328.3784 -15.47771
328.4020 -15.56494
328.4248 -15.63330
328.4640 -15.74851
328.4838 -15.88262
328.4879 -15.95576
328.5031 -16.02608
328.5238 -16.09297
>           South Atlantic Ocean: SOUTH AMERICA PLATE, set 01 isochron: 34
328.5314 -16.25579
328.5509 -16.35005
328.5690 -16.44160
328.5843 -16.52980
328.6038 -16.61658
328.6246 -16.70464
328.6469 -16.80066
328.6623 -16.89671
328.6757 -16.99940
328.6897 -17.09935
328.7108 -17.20786
328.7346 -17.31160
328.7576 -17.40999
328.7771 -17.49835
328.7938 -17.58205
328.8132 -17.66634
328.8313 -17.75194
328.8480 -17.84215
328.8578 -17.93702
328.8676 -18.03053
328.8781 -18.11802
328.8920 -18.20474
328.9081 -18.29539
328.9262 -18.39392
328.9451 -18.48775
328.9597 -18.57431
328.9701 -18.65292
328.9784 -18.72886
328.9881 -18.80608
328.9998 -18.88589
329.0130 -18.96827
329.0297 -19.04994
329.0498 -19.13680
329.0707 -19.22821
329.0903 -19.32748
329.1050 -19.41491
329.1188 -19.49178
329.1284 -19.55680
329.1380 -19.62377
329.1435 -19.69405
329.1483 -19.76758
>           South Atlantic Ocean: SOUTH AMERICA PLATE, set 01 isochron: 34
329.1421 -19.77354
329.1408 -19.87199
329.1416 -19.97170
329.1446 -20.07459
329.1546 -20.18259
329.1652 -20.28595
329.1722 -20.37817
329.1757 -20.46119
329.1750 -20.54158
329.1778 -20.62646
329.1799 -20.71262
329.1855 -20.79870
329.1925 -20.88081
329.2022 -20.96284
329.2134 -21.05001
329.2232 -21.14367
329.2344 -21.23983
329.2456 -21.33206
329.2596 -21.41705
329.2700 -21.49487
329.2789 -21.56684
329.2830 -21.63687
329.2849 -21.70364
329.2835 -21.77300
329.2793 -21.84818
329.2731 -21.93177
>           South Atlantic Ocean: SOUTH AMERICA PLATE, set 01 isochron: 34
329.8724 -21.88545
329.8835 -21.96946
329.8967 -22.05148
329.9078 -22.13025
329.9091 -22.20584
329.9056 -22.28142
329.9098 -22.36012
329.9216 -22.44193
329.9341 -22.51853
329.9312 -22.58751
329.9253 -22.70476
329.9300 -22.76842
329.9566 -22.87299
329.9703 -22.93584
329.9835 -23.00957
329.9980 -23.08326
330.0126 -23.16074
330.0264 -23.23757
330.0438 -23.31753
330.0738 -23.41718
330.0797 -23.45361
>           South Atlantic Ocean: SOUTH AMERICA PLATE, set 01 isochron: 34
328.1407 -24.73515
328.1519 -24.81612
328.1658 -24.89766
328.1805 -24.97791
328.1971 -25.05681
328.2166 -25.13247
328.2415 -25.20490
328.2712 -25.27596
328.2975 -25.34512
328.3218 -25.41615
328.3447 -25.49092
328.3767 -25.57249
328.4128 -25.65587
328.4503 -25.73351
328.4808 -25.80175
328.5221 -25.91318
328.5580 -25.97437
>           South Atlantic Ocean: SOUTH AMERICA PLATE, set 01 isochron: 34
325.8313 -27.59575
325.8486 -27.66914
325.8666 -27.74248
325.8826 -27.81580
325.9055 -27.88778
325.9311 -27.96214
325.9603 -28.03765
325.9825 -28.11195
325.9950 -28.18073
326.0060 -28.24580
326.0377 -28.37328
326.0521 -28.49712
>           South Atlantic Ocean: SOUTH AMERICA PLATE, set 01 isochron: 34
328.6967 -28.78852
328.7154 -28.85922
328.7355 -28.93415
328.7529 -29.01212
328.7682 -29.09128
328.7773 -29.16920
328.7884 -29.24583
328.8016 -29.31998
>           South Atlantic Ocean: SOUTH AMERICA PLATE, set 01 isochron: 34
328.6626 -29.80714
328.6882 -29.87951
328.7070 -29.95249
328.7146 -30.02433
328.7153 -30.09500
>           South Atlantic Ocean: SOUTH AMERICA PLATE, set 01 isochron: 34
327.2248 -30.96724
327.1624 -31.04247
327.0971 -31.10815
327.0304 -31.16840
326.9615 -31.22087
326.8906 -31.27751
326.8162 -31.33237
326.7383 -31.38780
326.6610 -31.43904
326.5866 -31.48964
326.5155 -31.53600
326.4480 -31.58411
326.3804 -31.62685
326.3156 -31.66895
326.2500 -31.70805
326.1852 -31.75011
326.1115 -31.80112
326.0287 -31.85219
325.9439 -31.90619
325.8700 -31.94941
325.8045 -31.99372
325.7328 -32.03749
325.6480 -32.08962
325.5562 -32.14059
325.4657 -32.18915
325.3814 -32.22879
325.3062 -32.26950
325.2385 -32.30073
325.1805 -32.33421
325.0659 -32.39287
324.9368 -32.46281
324.8663 -32.49220
>           South Atlantic Ocean: SOUTH AMERICA PLATE, set 01 isochron: 34
323.5346 -32.98351
323.4880 -33.04060
323.4373 -33.10237
323.3838 -33.17052
323.3275 -33.23751
323.2769 -33.30206
323.2372 -33.36238
323.1905 -33.47858
323.1180 -33.58845
323.0552 -33.70097
322.9995 -33.82085
>           South Atlantic Ocean: SOUTH AMERICA PLATE, set 01 isochron: 34
321.9690 -34.44727
321.9213 -34.59287
321.8821 -34.70849
321.8463 -34.79702
321.8124 -34.87968
321.7682 -34.96976
321.7275 -35.06087
321.6888 -35.14560
321.6646 -35.22044
321.6444 -35.28780
321.6284 -35.35052
>           South Atlantic Ocean: SOUTH AMERICA PLATE, set 01 isochron: 34
321.2127 -36.84405
321.1819 -36.95180
321.1579 -37.04605
321.1441 -37.12459
321.1372 -37.19352
321.1304 -37.26461
321.1256 -37.34169
321.1223 -37.42422
321.1224 -37.50333
321.1218 -37.57465
321.1183 -37.64259
321.1239 -37.71424
321.1268 -37.79575
321.1347 -37.88100
321.1280 -37.96737
321.1233 -38.05031
321.1151 -38.13266
321.1167 -38.21483
321.1245 -38.29686
321.1433 -38.38087
321.1686 -38.47238
321.1946 -38.57248
321.2082 -38.67365
321.2120 -38.76282
321.2065 -38.83891
321.2134 -38.90398
321.2300 -38.96349
321.2637 -39.05960
321.2704 -39.16336
321.2814 -39.22699
321.2989 -39.29698
321.3059 -39.37076
321.3075 -39.45096
321.3167 -39.53531
321.3294 -39.62009
321.3469 -39.70041
321.3561 -39.77750
321.3652 -39.85287
321.3744 -39.92979
321.3814 -40.00557
321.3823 -40.07973
321.3775 -40.15115
321.3678 -40.22043
321.3623 -40.28853
321.3616 -40.35811
321.3722 -40.43124
321.3875 -40.50536
321.4057 -40.57671
321.4251 -40.64479
321.4411 -40.71387
321.4544 -40.78659
321.4650 -40.86453
321.4783 -40.94342
321.4944 -41.02010
321.5119 -41.09248
321.5272 -41.16267
321.5405 -41.23386
321.5510 -41.30605
321.5616 -41.37607
321.5727 -41.44652
321.5853 -41.51686
321.5986 -41.59183
321.6099 -41.66414
321.6176 -41.73534
321.6218 -41.80234
321.6274 -41.93251
321.6310 -42.06190
321.6317 -42.12654
>           South Atlantic Ocean: SOUTH AMERICA PLATE, set 01 isochron: 34
320.7023 -42.24011
320.7073 -42.31013
320.7136 -42.37802
320.7241 -42.44893
320.7270 -42.52490
320.7294 -42.60696
320.7261 -42.68437
320.7282 -42.75499
320.7276 -42.81839
320.7276 -42.94698
320.7339 -43.01622
320.7452 -43.08791
320.7613 -43.16606
320.7754 -43.24617
320.7847 -43.32722
320.7876 -43.40317
320.7857 -43.47400
320.7885 -43.54268
320.7983 -43.61122
320.8213 -43.68161
320.8506 -43.75194
>           South Atlantic Ocean: SOUTH AMERICA PLATE, set 01 isochron: 34
319.9774 -45.46227
319.9959 -45.62190
320.0120 -45.74734
320.0179 -45.83334
320.0310 -45.95004
320.0436 -46.01720
320.0590 -46.09004
320.0842 -46.16277
320.1017 -46.23587
320.1089 -46.31090
320.1099 -46.39256
320.1137 -46.47841
320.1211 -46.57272
320.1292 -46.66783
320.1303 -46.76091
320.1341 -46.84526
320.1371 -46.92186
320.1387 -46.99406
320.1354 -47.06622
320.1273 -47.13734
320.1184 -47.20937
320.1054 -47.28134
>           South Atlantic Ocean: SOUTH AMERICA PLATE, set 01 isochron: 34
320.7947 -47.46771
320.7971 -47.55084
320.8043 -47.63153
320.8177 -47.70834
320.8270 -47.78084
320.8286 -47.85188
320.8225 -47.92194
320.8213 -47.99419
320.8278 -48.07002
320.8385 -48.14943
320.8450 -48.22597
320.8487 -48.29916
320.8475 -48.36996
320.8484 -48.44112
320.8472 -48.51082
320.8557 -48.58080
320.8676 -48.65250
320.8859 -48.72360
320.8999 -48.79189
320.9132 -48.85780
320.9252 -48.92413
>           South Atlantic Ocean: SOUTH AMERICA PLATE, set 01 isochron: 34??
301.1378  16.18771
301.0989  16.10082
301.0628  16.01459
301.0358  15.93170
301.0101  15.84878
300.9921  15.77055
300.9734  15.69501
300.9568  15.62348
>           South Atlantic Ocean: SOUTH AMERICA PLATE, set 01 isochron: 34??
302.3718  14.40768
302.3510  14.32891
302.3344  14.25283
302.3205  14.17946
302.3080  14.11014
302.2956  14.04352
302.2845  13.97961
>           South Atlantic Ocean: SOUTH AMERICA PLATE, set 01 isochron: 34??
303.1857  13.70551
303.1656  13.62718
303.1455  13.54951
303.1289  13.47453
303.1143  13.39884
303.1033  13.32316
303.0922  13.24541
>           South Atlantic Ocean: SOUTH AMERICA PLATE, set 01 isochron: 34??
304.3688  12.93421
304.3404  12.85697
304.3175  12.78109
304.3002  12.70657
>           South Atlantic Ocean: SOUTH AMERICA PLATE, set 01 isochron: 34??
305.8589  11.64877
305.8409  11.56500
305.8202  11.48669
305.7966  11.41385
>           South Atlantic Ocean: SOUTH AMERICA PLATE, set 01 isochron: 34??
306.5855  10.61033
306.5494  10.52484
306.5203  10.44209
306.4981  10.36211
>           South Atlantic Ocean: SOUTH AMERICA PLATE, set 01 isochron: 34??
307.0802  10.17688
307.0670  10.08854
307.0553  10.00297
>           South Atlantic Ocean: AFRICA PLATE, set 02 isochron: 34
  2.1430  -7.32009
  2.1801  -7.44642
  2.2053  -7.55695
  2.2165  -7.65650
  2.2172  -7.74783
  2.2235  -7.82941
  2.2407  -7.89152
  2.2668  -7.94173
>           South Atlantic Ocean: AFRICA PLATE, set 02 isochron: 34
  1.8320 -10.56318
  1.8947 -10.67509
  1.9461 -10.77338
  1.9795 -10.86082
  2.0121 -10.94483
  2.0399 -11.02956
  2.0767 -11.11143
  2.1141 -11.19394
  2.1662 -11.28313
  2.2253 -11.38251
  2.2893 -11.48315
  2.3456 -11.58384
  2.3992 -11.68726
  2.4501 -11.79545
  2.5079 -11.90080
  2.5635 -11.99247
  2.6190 -12.07387
  2.6668 -12.15394
  2.7105 -12.23472
  2.7571 -12.32635
  2.8051 -12.42204
  2.8581 -12.53058
  2.9040 -12.63097
  2.9485 -12.72591
  2.9859 -12.80521
  3.0192 -12.87840
  3.0510 -12.94954
  3.0897 -13.02264
  3.1313 -13.09772
  3.1680 -13.16806
  3.1956 -13.23576
  3.2302 -13.30203
  3.2766 -13.37698
  3.3245 -13.46070
  3.3655 -13.55194
  3.3912 -13.63786
  3.4147 -13.70005
  3.4535 -13.77766
  3.5209 -13.87801
  3.5794 -13.97231
  3.6221 -14.01999
>           South Atlantic Ocean: AFRICA PLATE, set 02 isochron: 34
  3.4127 -14.38136
  3.4685 -14.49775
  3.5194 -14.61414
  3.5675 -14.72578
  3.6183 -14.82452
  3.6704 -14.90634
  3.7182 -14.98074
  3.7597 -15.05383
  3.8014 -15.13631
  3.8493 -15.22141
  3.8986 -15.30982
  3.9458 -15.39149
  3.9846 -15.46715
  4.0206 -15.53744
  4.0538 -15.60706
>           South Atlantic Ocean: AFRICA PLATE, set 02 isochron: 34
  1.2777 -30.54650
  1.2683 -30.71449
  1.2564 -30.85184
  1.2449 -30.95194
  1.2261 -31.02029
  1.2163 -31.08191
  1.2154 -31.20969
>           South Atlantic Ocean: AFRICA PLATE, set 02 isochron: 34
  1.3721 -31.90367
  1.3674 -31.99065
  1.3661 -32.07580
  1.3669 -32.15907
  1.3656 -32.23992
  1.3602 -32.31898
  1.3533 -32.39385
  1.3463 -32.46220
  1.3407 -32.52521
>           South Atlantic Ocean: AFRICA PLATE, set 02 isochron: 34
  1.5419 -32.66103
  1.6075 -32.85560
  1.6534 -33.00278
  1.6808 -33.10489
  1.7025 -33.19517
  1.7243 -33.29063
  1.7447 -33.38659
  1.7608 -33.47085
  1.7754 -33.54632
  1.7900 -33.61476
  1.8080 -33.67962
  1.8315 -33.74323
  1.8578 -33.81313
  1.8850 -33.89165
  1.9080 -33.97593
  1.9352 -34.05489
  1.9623 -34.12743
  1.9984 -34.19810
  2.0283 -34.27048
  2.0589 -34.34452
  2.0818 -34.41971
  2.1104 -34.49480
  2.1423 -34.57034
  2.1826 -34.63832
  2.2235 -34.70450
  2.2616 -34.77179
  2.2894 -34.84654
  2.3097 -34.92245
  2.3339 -34.99028
  2.3679 -35.05280
  2.4157 -35.11345
  2.4793 -35.22408
  2.5177 -35.31146
>           South Atlantic Ocean: AFRICA PLATE, set 02 isochron: 34
  2.6024 -35.65817
  2.6739 -35.81027
  2.7383 -35.92843
  2.7995 -36.01148
  2.8619 -36.07413
  2.9236 -36.13559
  2.9818 -36.19927
  3.0347 -36.27473
  3.0917 -36.35741
  3.1522 -36.44222
  3.2099 -36.51746
  3.2641 -36.58534
  3.3050 -36.64935
  3.3480 -36.71050
  3.3875 -36.76886
  3.4331 -36.82320
  3.4733 -36.88311
  3.5122 -36.95577
  3.5527 -37.04395
  3.5960 -37.13812
  3.6420 -37.22497
  3.6886 -37.30061
  3.7379 -37.36842
>           South Atlantic Ocean: AFRICA PLATE, set 02 isochron: 34
  3.3855 -39.47882
  3.4651 -39.59796
  3.5251 -39.69624
  3.5711 -39.77362
  3.6107 -39.84129
  3.6545 -39.90889
  3.6858 -39.97597
  3.7129 -40.04619
  3.7331 -40.12225
  3.7693 -40.19920
  3.8048 -40.26917
  3.8484 -40.32677
  3.9198 -40.44775
  3.9581 -40.52007
  4.0060 -40.59328
  4.0513 -40.66803
  4.0902 -40.73956
  4.1216 -40.81003
  4.1508 -40.88043
  4.1856 -40.95074
  4.2217 -41.01726
  4.2585 -41.07954
>           South Atlantic Ocean: AFRICA PLATE, set 02 isochron: 34
  4.9384 -42.13402
  5.0169 -42.27420
  5.0806 -42.38499
  5.1308 -42.46335
  5.1670 -42.53191
  5.2081 -42.60391
  5.2534 -42.68404
  5.3062 -42.75990
  5.3557 -42.83316
  5.4036 -42.90070
  5.4453 -42.96671
  5.4884 -43.03058
  5.5245 -43.09596
  5.5607 -43.16484
  5.5920 -43.23570
  5.6289 -43.30542
  5.6629 -43.37204
  5.6970 -43.43808
  5.7241 -43.50409
  5.7541 -43.57155
  5.7861 -43.63895
>           South Atlantic Ocean: AFRICA PLATE, set 02 isochron: 34??
  4.8121 -16.64382
  4.8473 -16.69897
  4.8902 -16.76005
  4.9401 -16.83573
  4.9866 -16.91543
  5.0394 -17.00439
  5.0984 -17.08791
  5.1678 -17.17396
  5.2302 -17.25004
  5.2829 -17.32550
  5.3196 -17.39775
  5.3474 -17.47606
  5.3696 -17.55708
>           South Atlantic Ocean: AFRICA PLATE, set 02 isochron: 34??
  3.1544 -37.71115
  3.1824 -37.80894
  3.2056 -37.89628
  3.2293 -37.97086
  3.2522 -38.04044
  3.2904 -38.11200
  3.3335 -38.18948
  3.3815 -38.26849
  3.4212 -38.34203
  3.4608 -38.40894
  3.4941 -38.47527
  3.5309 -38.54532
  3.5692 -38.61858
  3.6158 -38.69440
  3.6631 -38.77393
  3.7070 -38.85504
  3.7432 -38.93073
  3.7738 -38.99988
>           South Atlantic Ocean: AFRICA PLATE, set 11 isochron: 34
 10.0669 -42.76318
 10.0676 -42.88881
 10.0461 -42.95476
 10.0254 -43.02164
 10.0082 -43.16110
 10.0021 -43.23579
  9.9947 -43.31343
  9.9942 -43.38840
  9.9867 -43.46481
  9.9703 -43.54222
  9.9504 -43.62910
  9.9369 -43.72037
  9.9290 -43.82349
  9.9232 -43.92444
  9.9182 -44.02873
  9.9137 -44.12431
  9.9044 -44.21980
  9.8902 -44.30768
  9.8752 -44.39197
  9.8540 -44.47168
  9.8347 -44.54483
  9.8119 -44.61444
  9.8016 -44.68140
  9.7920 -44.75172
  9.7887 -44.82587
  9.7792 -44.90636
  9.7705 -44.99315
  9.7604 -45.07933
  9.7523 -45.16048
  9.7428 -45.23416
  9.7353 -45.30673
  9.7251 -45.37727
  9.7141 -45.44678
  9.6996 -45.51036
  9.6948 -45.57379
  9.6921 -45.64197
  9.6917 -45.72125
  9.6830 -45.80630
  9.6735 -45.88884
  9.6633 -45.96205
  9.6551 -46.03177
  9.6510 -46.10182
  9.6423 -46.17906
  9.6307 -46.25525
  9.6143 -46.33475
  9.6048 -46.41069
  9.6030 -46.49274
  9.6027 -46.57701
  9.6017 -46.67215
  9.5912 -46.77385
  9.5765 -46.87828
  9.5547 -46.97545
  9.5370 -47.06339
  9.5193 -47.14784
  9.5045 -47.23355
  9.4868 -47.32011
  9.4739 -47.40602
  9.4645 -47.49081
  9.4572 -47.57126
  9.4456 -47.64175
  9.4318 -47.70560
  9.4215 -47.77118
  9.4175 -47.84460
  9.4164 -47.92209
  9.4153 -47.99716
  9.4148 -48.06746
  9.4176 -48.13345
  9.4219 -48.19749
  9.4268 -48.26007
  9.4339 -48.37996
>           South Atlantic Ocean: AFRICA PLATE, set 12 isochron: 34
 19.8471 -39.32559
 19.9126 -39.42308
 19.9698 -39.50980
 20.0178 -39.58574
 20.0644 -39.65945
 20.1096 -39.73363
 20.1555 -39.80667
 20.1965 -39.87592
 20.2388 -39.94240
 20.2784 -40.00778
 20.3242 -40.07304
 20.3673 -40.13721
 20.4159 -40.20445
 20.4659 -40.27536
 20.5222 -40.35251
 20.5758 -40.42744
 20.6245 -40.50394
 20.6677 -40.58038
 20.7116 -40.66570
 20.7556 -40.75304
 20.8030 -40.84131
 20.8470 -40.92525
 20.8944 -41.00803
 20.9418 -41.09174
 20.9948 -41.17374
 21.0422 -41.25356
 21.0833 -41.32918
 21.1230 -41.40468
 21.1654 -41.47801
 21.2168 -41.54599
 21.2661 -41.60921
 21.3160 -41.66872
 21.3570 -41.73705
 21.3939 -41.80949
 21.4330 -41.89069
 21.4789 -41.96808
 21.5339 -42.04587
 21.5889 -42.12094
 21.6481 -42.20311
 21.7115 -42.29544
 21.7820 -42.39735
 21.8505 -42.49660
 21.9112 -42.58498
 21.9634 -42.66100
 22.0100 -42.73282
 22.0546 -42.80408
 22.0943 -42.87733
 22.1298 -42.95001
 22.1646 -43.02367
 22.2043 -43.09717
 22.2572 -43.17609
 22.3164 -43.25787
 22.3757 -43.34160
 22.4217 -43.42023
 22.4621 -43.49178
 22.4989 -43.55766
 22.5455 -43.62141
 22.5893 -43.69061
 22.6366 -43.76324
 22.6756 -43.83485
 22.7187 -43.90184
 22.7639 -43.96674
 22.8167 -44.03299
 22.8729 -44.10066
 22.9258 -44.16824
 22.9745 -44.23878
 23.0204 -44.31027
 23.0712 -44.38165
 23.1269 -44.44995
>           South Atlantic Ocean: ANTARCTICA PLATE, set 03 isochron: 34
  2.6277 -60.98422
  2.4470 -61.03366
  2.2867 -61.07547
  2.1471 -61.10902
  2.0123 -61.14189
  1.8741 -61.17473
  1.7318 -61.21024
  1.5935 -61.24268
  1.4615 -61.27402
  1.3440 -61.30493
  1.1344 -61.37987
  1.0235 -61.42134
  0.9029 -61.46776
  0.7719 -61.51614
  0.6383 -61.57304
  0.5026 -61.63184
  0.3676 -61.69089
  0.2311 -61.74255
  0.0965 -61.78625
359.9630 -61.82295
>           South Atlantic Ocean: ANTARCTICA PLATE, set 03 isochron: 34
  7.0180 -60.22322
  6.8858 -60.27322
  6.7556 -60.32552
  6.6241 -60.38287
  6.4877 -60.44292
  6.3485 -60.50116
  6.2140 -60.55276
  6.0857 -60.60152
  5.9582 -60.64816
  5.8257 -60.69342
  5.6833 -60.73152
  5.5354 -60.76553
  5.3852 -60.79372
  5.2406 -60.82085
  5.0912 -60.84731
  4.9336 -60.87990
  4.7615 -60.91620
  4.5899 -60.95244
  4.4203 -60.98486
>           South Atlantic Ocean: ANTARCTICA PLATE, set 03 isochron: 34
357.2241 -63.36925
356.9891 -63.43356
356.7839 -63.48567
356.6089 -63.52425
356.4512 -63.55650
356.2901 -63.58722
356.1235 -63.61916
355.9555 -63.65166
355.7929 -63.68347
355.6378 -63.71330
>           South Atlantic Ocean: ANTARCTICA PLATE, set 03 isochron: 34
350.2388 -64.22217
350.0993 -64.24969
349.9555 -64.27565
349.8061 -64.29890
349.6539 -64.32394
349.5024 -64.35048
349.3490 -64.38057
349.1940 -64.40677
349.0347 -64.42786
348.8775 -64.44411
348.7237 -64.45944
348.4289 -64.49687
348.1360 -64.53638
347.9837 -64.55284
347.8284 -64.56743
>           South Atlantic Ocean: ANTARCTICA PLATE, set 03 isochron: 34
342.3951 -65.22130
342.1735 -65.23984
341.9726 -65.25577
341.7931 -65.27013
341.6305 -65.28967
341.4699 -65.31093
341.3052 -65.33395
341.1301 -65.35526
340.9480 -65.37743
340.7728 -65.39577
340.6072 -65.41087
340.4458 -65.42455
340.2791 -65.44603
340.1082 -65.47182
339.9449 -65.49956
339.7913 -65.52090
339.4903 -65.56384
339.3271 -65.58807
339.1569 -65.61346
338.9853 -65.63850
338.8226 -65.66148
338.6674 -65.67928
338.5200 -65.69788
338.3748 -65.71988
338.0788 -65.77217
337.9218 -65.79703
337.7607 -65.82187
337.5953 -65.84814
337.4313 -65.87294
337.2708 -65.89713
337.1144 -65.92015
336.9547 -65.94629
336.7853 -65.97330
336.6089 -66.00255
336.4312 -66.03064
336.2610 -66.05867
336.0930 -66.08667
335.9276 -66.11433
335.7595 -66.14030
335.5976 -66.16483
335.2820 -66.20786
335.1222 -66.22836
334.9645 -66.25276
334.8094 -66.27873
>           South Atlantic Ocean: ANTARCTICA PLATE, set 03 isochron: 34
332.2849 -66.51639
332.1274 -66.52014
331.9631 -66.52467
331.7891 -66.53229
331.6082 -66.54073
331.4286 -66.54999
331.2532 -66.55757
331.0771 -66.56490
330.8948 -66.57364
330.7118 -66.58289
330.5323 -66.59406
330.3645 -66.60379
330.2002 -66.61133
330.0400 -66.61801
329.7162 -66.63139
329.5547 -66.64053
329.3920 -66.65549
329.2299 -66.66879
329.0657 -66.68150
328.9049 -66.69150
328.7428 -66.70366
328.5807 -66.71721
328.4138 -66.73267
328.2470 -66.75084
328.0823 -66.77229
327.9183 -66.79538
327.7528 -66.81546
327.5859 -66.83167
327.4202 -66.84451
>           South Atlantic Ocean: ANTARCTICA PLATE, set 03 isochron: 34
325.3744 -66.97490
325.1869 -66.99529
325.0137 -67.01141
324.8543 -67.02232
324.5367 -67.03223
324.3631 -67.03072
324.1832 -67.02492
323.9957 -67.01886
323.8165 -67.00948
323.6434 -66.99901
323.4731 -66.98471
323.2986 -66.97206
323.1173 -66.96054
322.9409 -66.95494
322.7724 -66.95529
322.4618 -66.96843
322.1492 -66.98294
321.8367 -67.00392
321.6841 -67.01337
>           South Atlantic Ocean: ANTARCTICA PLATE, set 03 isochron: 34
319.5134 -66.55093
319.6784 -66.54431
319.8400 -66.54094
320.1438 -66.53357
>           South Atlantic Ocean: ANTARCTICA PLATE, set 03 isochron: 34
315.9377 -65.78181
316.0979 -65.77585
316.2560 -65.76982
316.4127 -65.76689
316.5681 -65.76646
>           South Atlantic Ocean: ANTARCTICA PLATE, set 03 isochron: 34
314.1159 -65.25537
314.3164 -65.25208
314.5015 -65.23996
314.6710 -65.21909
>           South Atlantic Ocean: ANTARCTICA PLATE, set 03 isochron: 34??
318.6742 -66.43947
318.9691 -66.43927
319.2866 -66.45709
>           South Atlantic Ocean: ANTARCTICA PLATE, set 03 isochron: 34??
316.8874 -66.10939
317.1834 -66.09254
317.4817 -66.09108
317.6303 -66.09378
>           South Atlantic Ocean: ANTARCTICA PLATE, set 03 isochron: 34??
314.9440 -65.43982
315.0930 -65.42311
315.2404 -65.40605
315.3858 -65.38809
315.5296 -65.36717
>           South Atlantic Ocean: ANTARCTICA PLATE, set 03 isochron: 34??
317.8054 -66.23849
318.1039 -66.22639
318.4064 -66.21973
>           Indian Ocean: AFRICA PLATE, set 03 isochron: 34
 23.1469 -44.73480
 23.3504 -44.75986
 23.5144 -44.77902
 23.6415 -44.79199
 23.7513 -44.80463
 23.8617 -44.81329
 23.9666 -44.81903
 24.0637 -44.82184
 24.1574 -44.82716
 24.2519 -44.83495
 24.3491 -44.84222
 24.4449 -44.84653
 24.6246 -44.84831
 24.7148 -44.85071
 24.8092 -44.85207
 24.9043 -44.85146
 25.0007 -44.84935
 25.0985 -44.84921
 25.1977 -44.85005
 25.2949 -44.85336
 25.3900 -44.85812
>           Indian Ocean: AFRICA PLATE, set 03 isochron: 34
 39.9621 -34.37447
 40.1042 -34.40265
 40.2491 -34.42959
 40.3962 -34.46165
 40.5411 -34.50114
 40.6848 -34.54752
 40.8291 -34.59672
 40.9756 -34.64989
 41.1262 -34.70416
 41.2782 -34.75611
 41.4302 -34.80798
 41.5795 -34.86205
>           Indian Ocean: AFRICA PLATE, set 03 isochron: 34
 37.5744 -36.14288
 37.7318 -36.20181
 37.8880 -36.26400
 38.0407 -36.31996
 38.1900 -36.36862
 38.3364 -36.40385
 38.4765 -36.43681
 38.6125 -36.46365
 38.7450 -36.49382
 38.8796 -36.52560
>           Indian Ocean: AFRICA PLATE, set 07 isochron: 34
 48.5951 -26.75768
 48.7374 -26.86202
 48.8736 -26.97433
 48.9988 -27.08906
 49.1143 -27.20313
 49.2298 -27.30780
 49.3501 -27.42036
 49.4835 -27.53706
 49.6199 -27.65613
 49.7591 -27.76579
>           Indian Ocean: AFRICA PLATE, set 10 isochron: 34
 49.9063 -20.46794
 50.2042 -20.77215
 50.4340 -21.01568
 50.5936 -21.19231
 50.7203 -21.33062
>           Indian Ocean: AFRICA PLATE, set 10 isochron: 34
 48.6696 -23.35209
 48.8551 -23.57852
 49.0222 -23.76524
 49.1663 -23.90790
 49.2894 -24.02374
 49.3980 -24.13763
 49.4962 -24.25405
>           Indian Ocean: ANTARCTICA PLATE, set 04 isochron: 34
 11.6473 -60.06998
 11.8494 -60.15742
 12.0370 -60.23633
>           Indian Ocean: ANTARCTICA PLATE, set 04 isochron: 34
 13.4402 -60.91528
 13.5208 -60.97868
 13.6146 -61.03320
 13.7263 -61.07816
 13.8518 -61.12025
 13.9857 -61.16562
 14.1218 -61.21291
 14.2574 -61.25943
>           Indian Ocean: ANTARCTICA PLATE, set 04 isochron: 34
 16.1448 -60.96710
 16.3004 -61.04355
 16.4471 -61.11148
 16.5828 -61.17195
 16.7183 -61.23061
 16.8524 -61.28816
 16.9873 -61.34361
 17.1172 -61.39368
 17.2449 -61.44397
 17.3783 -61.49814
 17.5271 -61.56310
 17.6917 -61.63608
>           Indian Ocean: ANTARCTICA PLATE, set 04 isochron: 34
 19.9763 -61.19823
 20.1477 -61.26808
 20.3020 -61.32913
 20.4341 -61.37888
 20.5575 -61.41693
 20.6775 -61.45728
 20.7982 -61.50053
 20.9142 -61.55070
 21.0287 -61.59851
 21.1496 -61.65051
 21.2843 -61.70204
 21.4281 -61.75641
 21.5677 -61.80475
 21.6941 -61.84880
 21.8108 -61.88762
>           Indian Ocean: ANTARCTICA PLATE, set 04 isochron: 34
 33.3619 -53.50093
 33.7269 -53.60286
 34.0373 -53.69395
 34.2881 -53.77843
 34.5035 -53.86620
 34.7118 -53.96233
>           Indian Ocean: ANTARCTICA PLATE, set 04 isochron: 34
 36.8522 -51.96948
 37.2138 -52.07591
 37.5186 -52.16946
 37.7667 -52.25066
 37.9806 -52.32088
 38.1917 -52.38846
 38.3979 -52.45511
 38.6048 -52.51785
 38.8117 -52.57838
 39.0202 -52.63490
>           Indian Ocean: ANTARCTICA PLATE, set 04 isochron: 34
 41.1444 -51.02986
 41.3794 -51.11476
 41.6036 -51.19112
 41.8155 -51.25821
 42.0192 -51.32079
>           Indian Ocean: ANTARCTICA PLATE, set 04 isochron: 34??
 43.1940 -50.58481
 43.3916 -50.66090
 43.5895 -50.73940
 43.7878 -50.82028
>           Indian Ocean: ANTARCTICA PLATE, set 05 isochron: 34
104.5611 -63.51135
104.8384 -63.52422
105.1173 -63.53560
105.3933 -63.54811
105.6700 -63.56186
105.9453 -63.57718
106.2276 -63.59096
106.5129 -63.60077
106.8034 -63.61304
107.0917 -63.62866
107.3909 -63.65269
107.6987 -63.67339
108.0220 -63.68765
108.3407 -63.69110
108.6567 -63.69113
108.9662 -63.69365
109.2756 -63.70164
109.5787 -63.71298
109.8820 -63.72159
110.1889 -63.72443
110.5001 -63.72292
110.8014 -63.72194
111.0909 -63.72337
111.3728 -63.72603
111.6515 -63.72498
111.9285 -63.72577
112.2033 -63.73022
112.4834 -63.74515
112.7642 -63.76068
113.0494 -63.77501
113.3331 -63.78503
113.6176 -63.79504
113.8992 -63.80626
114.1795 -63.81686
114.4632 -63.82655
114.7477 -63.83475
115.0448 -63.84116
115.3495 -63.84673
115.6660 -63.85046
115.9680 -63.85345
116.2597 -63.85457
116.5395 -63.85782
116.8281 -63.86357
117.1202 -63.87300
117.4159 -63.88091
117.7053 -63.88722
117.9913 -63.89108
118.2789 -63.89134
118.5743 -63.88705
118.8821 -63.87949
119.2009 -63.87473
119.5252 -63.87300
119.8551 -63.87164
120.1967 -63.86826
120.5245 -63.86494
120.8252 -63.86266
121.0721 -63.85678
121.3262 -63.84343
121.5931 -63.82008
121.8884 -63.79341
122.1733 -63.76419
122.4568 -63.73587
122.7405 -63.70447
123.0291 -63.66965
123.3149 -63.63324
123.5960 -63.59428
123.8798 -63.55750
124.1622 -63.51907
124.4473 -63.48401
124.7261 -63.44888
125.0054 -63.41899
125.2827 -63.38939
125.5601 -63.35971
125.8166 -63.33017
126.0534 -63.30518
126.2679 -63.28883
126.4989 -63.27667
126.7437 -63.26926
127.0065 -63.26094
127.2702 -63.25014
127.5394 -63.23656
127.8195 -63.22649
128.1062 -63.22580
128.3977 -63.23135
128.6843 -63.23906
128.9690 -63.24303
129.2504 -63.24323
129.5282 -63.24214
129.8025 -63.24292
130.0753 -63.24715
130.3517 -63.25076
130.6287 -63.25500
130.9050 -63.25891
131.1784 -63.26624
131.4504 -63.27388
131.7209 -63.28618
131.9934 -63.29974
132.2708 -63.31584
132.5497 -63.32661
132.8247 -63.33263
133.0935 -63.33372
>           Indian Ocean: ANTARCTICA PLATE, set 10 isochron: 34
 45.1420 -51.14685
 45.3689 -51.24646
 45.5832 -51.33574
 45.7859 -51.41873
 45.9823 -51.49551
 46.1793 -51.58076
 46.3798 -51.66760
 46.5801 -51.76544
 46.7806 -51.85921
 46.9713 -51.95659
 47.1600 -52.04651
 47.3459 -52.13838
 47.5350 -52.22746
>           Indian Ocean: ANTARCTICA PLATE, set 10 isochron: 34
 47.9511 -52.35107
 48.1989 -52.47855
 48.4274 -52.59244
 48.6354 -52.69501
 48.8385 -52.79396
 49.0458 -52.89607
 49.2584 -52.99913
>           Indian Ocean: ANTARCTICA PLATE, set 10 isochron: 34
 58.3614 -52.96443
 58.5717 -53.06122
 58.7789 -53.15233
 58.9829 -53.23779
 59.1868 -53.32391
 59.3927 -53.42099
 59.6011 -53.52896
>           Indian Ocean: AUSTRALIA PLATE, set 02 isochron: 34
115.7517 -36.71405
115.9060 -36.72338
116.0668 -36.72602
116.2339 -36.71811
116.4086 -36.70856
116.5910 -36.69744
116.7823 -36.69476
116.9784 -36.68875
117.1634 -36.69098
117.3338 -36.69028
117.4924 -36.69508
117.6517 -36.69713
117.8207 -36.69982
118.0014 -36.70654
118.1897 -36.71218
118.3739 -36.72277
118.5525 -36.73109
118.7269 -36.74050
118.9077 -36.74719
119.0925 -36.75671
119.2857 -36.76464
119.4769 -36.76751
119.6656 -36.75417
119.8448 -36.73017
120.0158 -36.69547
120.1785 -36.66071
120.3377 -36.62590
120.5017 -36.59505
120.6714 -36.55807
120.8459 -36.51778
121.0157 -36.47404
121.1811 -36.43977
121.3403 -36.40989
121.4993 -36.38562
121.6576 -36.36356
121.8200 -36.34826
121.9872 -36.33525
122.1640 -36.32346
122.3451 -36.31113
122.5260 -36.30383
122.7013 -36.30154
122.8717 -36.30534
123.0379 -36.30798
123.2007 -36.30613
123.3637 -36.29755
123.5281 -36.28674
123.6911 -36.27423
123.8472 -36.26221
123.9965 -36.24619
124.1464 -36.22681
124.3042 -36.19855
124.4717 -36.16699
124.6454 -36.13492
124.8225 -36.10847
124.9996 -36.08202
125.1725 -36.05662
125.3427 -36.02952
125.5101 -36.00407
125.6769 -35.97240
125.8361 -35.93951
125.9891 -35.90488
126.1378 -35.87470
126.2867 -35.83720
126.4378 -35.79516
126.5972 -35.74702
126.7649 -35.70399
126.9386 -35.66833
127.0872 -35.64536
127.1961 -35.63445
127.2753 -35.62383
127.3523 -35.61267
127.4375 -35.61460
127.5203 -35.63460
127.6423 -35.63802
127.7247 -35.64054
127.8631 -35.64644
128.0402 -35.65888
128.2305 -35.67307
128.4034 -35.69102
128.5618 -35.70716
128.7118 -35.72833
128.8619 -35.74272
129.0100 -35.75539
129.1583 -35.75733
129.3107 -35.75652
129.4688 -35.75179
129.6317 -35.74485
129.7932 -35.73901
129.9555 -35.73035
130.1198 -35.72512
130.2875 -35.72330
130.4550 -35.72993
130.6204 -35.74094
>           Indian Ocean: AUSTRALIA PLATE, set 13 isochron: 34
 79.9672  -0.25005
 80.0921  -0.29679
 80.2273  -0.32188
 80.3728  -0.32320
 80.5274  -0.31751
 80.6743  -0.31673
 80.8164  -0.31947
 80.9522  -0.31805
 81.0915  -0.32220
 81.2281  -0.33682
 81.3612  -0.35704
 81.4895  -0.37379
>           Indian Ocean: AUSTRALIA PLATE, set 14 isochron: 34
 97.3096 -20.82725
 97.4529 -20.76995
 97.5941 -20.71976
 97.7319 -20.67283
 97.8710 -20.62913
 98.0108 -20.57758
 98.1520 -20.52863
 98.2897 -20.48292
 98.4247 -20.44632
