>           Pacific Ocean: PACIFIC PLATE, set 11 isochron: 15
221.1763 -25.39333
221.1797 -25.47148
221.1900 -25.54772
221.2093 -25.62139
221.2280 -25.69691
221.2452 -25.77428
221.2569 -25.85535
221.2672 -25.93260
221.2775 -26.00667
221.2906 -26.07504
221.3037 -26.14400
221.3134 -26.21228
221.3258 -26.28741
221.3423 -26.36562
221.3665 -26.45129
221.3830 -26.53501
221.3968 -26.61929
221.4050 -26.69917
221.4174 -26.77771
221.4319 -26.85744
221.4449 -26.94149
221.4594 -27.02983
221.4711 -27.11560
221.4855 -27.19512
221.5000 -27.26588
221.5187 -27.33413
221.5450 -27.40542
221.5685 -27.48904
221.5933 -27.58125
221.6126 -27.67714
221.6409 -27.76366
221.6728 -27.84213
>           Pacific Ocean: PACIFIC PLATE, set 11 isochron: 15
221.8085 -29.18333
221.8188 -29.26430
221.8270 -29.35803
221.8380 -29.44132
221.8573 -29.50573
221.8746 -29.57433
221.8967 -29.64655
221.9160 -29.71749
221.9388 -29.78839
221.9609 -29.85924
221.9871 -29.93547
222.0148 -30.01949
222.0493 -30.11732
222.0853 -30.22111
222.1240 -30.32420
222.1572 -30.41755
222.1897 -30.50478
222.2194 -30.58472
222.2505 -30.65681
222.2809 -30.72702
222.3100 -30.79840
222.3404 -30.87450
222.3701 -30.94814
222.4026 -31.01996
222.4317 -31.09289
222.4607 -31.16637
222.4925 -31.24278
222.5327 -31.31854
222.5798 -31.39606
>           Pacific Ocean: PACIFIC PLATE, set 11 isochron: 15
221.7724 -22.72609
221.7820 -22.79369
221.7868 -22.86705
221.7943 -22.94294
221.8060 -23.01688
221.8205 -23.08499
221.8246 -23.15434
221.8273 -23.22815
221.8307 -23.30833
221.8459 -23.38400
221.8638 -23.44809
221.8838 -23.55250
>           Pacific Ocean: PACIFIC PLATE, set 11 isochron: 15
224.6361 -12.84202
224.6693 -12.94690
224.6969 -13.04156
224.7163 -13.12529
224.7259 -13.19878
224.7300 -13.27020
224.7348 -13.34363
224.7451 -13.42384
224.7616 -13.50879
224.7789 -13.59372
224.7975 -13.67521
224.8127 -13.75329
224.8285 -13.83269
224.8409 -13.91612
224.8575 -14.01580
224.8775 -14.12424
224.9023 -14.23671
224.9265 -14.33492
224.9444 -14.42157
224.9561 -14.50006
224.9637 -14.57310
224.9726 -14.64545
224.9850 -14.72182
224.9967 -14.80695
225.0049 -14.89677
225.0118 -14.98589
225.0235 -15.07227
225.0414 -15.16064
225.0649 -15.25571
225.0890 -15.36488
225.1194 -15.48007
225.1477 -15.59116
225.1754 -15.68874
225.1920 -15.77416
225.2043 -15.85617
225.2139 -15.94016
225.2291 -16.02882
225.2415 -16.11945
225.2518 -16.21138
225.2537 -16.30930
225.2654 -16.41052
225.2819 -16.51370
225.2992 -16.60949
225.3026 -16.70117
225.2955 -16.78278
225.2885 -16.86034
225.2794 -16.93186
225.2683 -17.00336
>           Pacific Ocean: PACIFIC PLATE, set 11 isochron: 15
228.5044   4.13422
228.5334   4.06582
228.5604   3.99464
228.5860   3.91926
228.6067   3.84180
228.6240   3.76432
228.6364   3.68893
228.6495   3.61632
228.6633   3.54582
228.6785   3.47739
228.6917   3.40967
228.7034   3.34263
>           Pacific Ocean: PACIFIC PLATE, set 11 isochron: 15
232.9428  23.83633
232.9703  23.61811
232.9874  23.44653
232.9942  23.32349
232.9969  23.23368
233.0030  23.14636
233.0126  23.05897
233.0264  22.95349
233.0388  22.83506
233.0456  22.70560
233.0468  22.59151
233.0460  22.49024
233.0564  22.39790
233.0729  22.29969
233.0957  22.19364
233.1122  22.08557
233.1322  21.97806
233.1591  21.87695
233.1965  21.77902
>           Pacific Ocean: PACIFIC PLATE, set 11 isochron: 15
211.2955  52.02195
211.2628  51.90253
211.2529  51.84318
>           Pacific Ocean: PACIFIC PLATE, set 11 isochron: 15
213.4919  51.21560
213.4733  51.10937
213.4625  51.01529
213.4566  50.93419
213.4535  50.86218
213.4462  50.78914
213.4417  50.71689
213.4400  50.64188
213.4418  50.56940
213.4421  50.49279
213.4390  50.41385
213.4359  50.32811
213.4362  50.24088
213.4407  50.15530
213.4473  50.07267
213.4525  49.99304
213.4570  49.91372
213.4622  49.83741
213.4653  49.76190
213.4699  49.68307
213.4751  49.60053
213.4845  49.51741
213.4931  49.44230
213.5018  49.36840
213.5112  49.29166
213.5220  49.20570
213.5300  49.11963
213.5351  49.03614
213.5376  48.95848
213.5387  48.88524
213.5377  48.81562
>           Pacific Ocean: PACIFIC PLATE, set 11 isochron: 15
216.8289  47.08848
216.7917  47.01106
216.7637  46.93597
216.7461  46.86314
216.7416  46.78828
216.7406  46.71286
216.7444  46.63733
216.7393  46.56552
216.7314  46.49410
216.7151  46.42209
216.7044  46.34614
216.6909  46.26867
216.6823  46.19202
216.6702  46.11674
216.6664  46.04279
216.6620  45.96584
216.6651  45.88730
216.6641  45.80721
216.6694  45.73043
216.6691  45.65839
216.6750  45.58870
216.6741  45.51892
216.6731  45.44711
216.6659  45.37525
>           Pacific Ocean: PACIFIC PLATE, set 11 isochron: 15
214.1196  43.30294
214.1019  43.22058
214.0843  43.13868
214.0612  43.05518
214.0470  42.97357
214.0294  42.89237
214.0180  42.81669
214.0005  42.74554
213.9940  42.67839
213.9957  42.54333
213.9933  42.46926
213.9847  42.39046
213.9713  42.30953
213.9565  42.23158
213.9472  42.15613
213.9414  42.07952
213.9349  42.00076
213.9242  41.91930
213.9122  41.83881
213.9064  41.76236
213.9055  41.68996
213.9088  41.61903
213.9057  41.54127
213.9013  41.45346
213.8940  41.35662
213.8930  41.25914
213.8941  41.16472
>           Pacific Ocean: PACIFIC PLATE, set 11 isochron: 15??
228.4388  32.05508
228.4628  31.95370
228.4834  31.85879
228.5005  31.77271
228.5121  31.69308
228.5244  31.61995
228.5388  31.55091
228.5559  31.48418
228.5710  31.41325
228.5853  31.33866
228.6039  31.26045
228.6280  31.18515
228.6555  31.11039
228.6796  31.03735
228.6995  30.96309
228.7146  30.89115
228.7317  30.82277
228.7517  30.75492
228.7723  30.68283
228.7908  30.60468
>           Pacific Ocean: NAZCA PLATE, set 06 isochron: 15
284.2272 -33.21903
284.2750 -33.27741
284.3179 -33.33983
284.3601 -33.40688
284.4072 -33.47738
284.4598 -33.54898
284.5103 -33.62054
284.5602 -33.68911
284.6045 -33.75474
284.6460 -33.81740
284.6821 -33.87888
>           Pacific Ocean: NAZCA PLATE, set 06 isochron: 15
278.8089 -28.29340
278.8539 -28.37451
278.8954 -28.45744
278.9355 -28.54092
278.9777 -28.62067
279.0262 -28.69668
279.0802 -28.77326
279.1363 -28.85222
279.1958 -28.93356
279.2533 -29.01363
279.3087 -29.09484
279.3599 -29.17598
279.4118 -29.25524
279.4624 -29.33200
279.5088 -29.40868
279.5510 -29.48836
279.5925 -29.56614
279.6354 -29.63903
279.6818 -29.70520
279.7330 -29.76828
279.7912 -29.83254
279.8563 -29.89919
279.9263 -29.97003
279.9976 -30.04021
280.0641 -30.11034
280.1223 -30.17680
280.1750 -30.24018
280.2186 -30.30111
280.2622 -30.35838
280.3031 -30.41802
280.3502 -30.47826
280.3945 -30.54683
280.4416 -30.61778
280.4900 -30.69109
280.5447 -30.76073
280.5966 -30.82795
280.6493 -30.89390
280.7005 -30.95979
280.7552 -31.02627
280.8065 -31.09267
280.8549 -31.16082
280.9027 -31.23430
280.9539 -31.31129
281.0072 -31.38882
281.0571 -31.46094
281.1035 -31.53239
281.1498 -31.60320
281.2004 -31.67574
281.2481 -31.74406
281.2890 -31.81055
281.3291 -31.87579
281.3734 -31.94278
281.4233 -32.00913
281.4642 -32.07247
281.5023 -32.13457
281.5368 -32.19839
281.5735 -32.26750
281.6068 -32.34011
>           Pacific Ocean: ANTARCTICA PLATE, set 01 isochron: 15
265.6316 -49.42018
265.5712 -49.52727
265.5169 -49.61981
265.4716 -49.69958
265.4250 -49.77425
265.3764 -49.85149
265.3235 -49.93219
265.2707 -50.01454
265.2220 -50.09987
265.1733 -50.18239
265.1288 -50.26035
265.0870 -50.32927
265.0543 -50.39188
264.9793 -50.50975
264.9279 -50.56813
264.8778 -50.62599
264.7881 -50.74281
264.7422 -50.80882
264.6928 -50.88094
>           Pacific Ocean: ANTARCTICA PLATE, set 08 isochron: 15
278.3308 -56.75755
278.4375 -56.78964
278.5442 -56.82587
278.6516 -56.86472
278.7584 -56.90657
278.8665 -56.94154
278.9796 -56.97121
279.0995 -56.99287
279.2244 -57.01454
279.3470 -57.03842
279.4663 -57.06570
279.5828 -57.09148
279.6987 -57.11041
279.9268 -57.14336
280.0453 -57.16641
280.1721 -57.19476
280.3025 -57.22533
280.4342 -57.25587
280.5639 -57.28227
280.6929 -57.30600
280.8156 -57.32593
280.9329 -57.34431
>           Pacific Ocean: ANTARCTICA PLATE, set 08 isochron: 15
282.2063 -57.35835
282.4289 -57.38063
282.6543 -57.38972
282.8734 -57.40291
282.9803 -57.41603
>           Pacific Ocean: ANTARCTICA PLATE, set 08 isochron: 15
277.0357 -54.66570
277.1506 -54.72768
277.2635 -54.78316
277.3717 -54.83173
277.4763 -54.87784
277.5776 -54.92589
277.6782 -54.97626
>           Pacific Ocean: ANTARCTICA PLATE, set 08 isochron: 15
273.7564 -51.89799
273.8582 -51.94530
273.9607 -51.99081
274.0620 -52.03540
274.1619 -52.07951
>           Pacific Ocean: ANTARCTICA PLATE, set 08 isochron: 15
269.9059 -51.15959
270.0111 -51.21201
270.1213 -51.26741
270.2350 -51.32275
270.3487 -51.37498
270.4596 -51.41891
270.5706 -51.45761
270.6787 -51.49406
270.7848 -51.52878
270.8867 -51.56041
270.9831 -51.58900
271.0746 -51.61801
271.1599 -51.65346
271.2458 -51.69063
271.3324 -51.73120
271.4191 -51.76959
271.5890 -51.83984
271.6853 -51.87172
271.7934 -51.90787
271.9119 -51.94785
272.0319 -51.99162
272.1504 -52.03709
272.2634 -52.07738
272.3716 -52.11719
272.4763 -52.15564
>           Pacific Ocean: ANTARCTICA PLATE, set 08 isochron: 15
268.6035 -49.56023
268.7968 -49.69832
>           North Atlantic Ocean: NORTH AMERICA PLATE, set 03 isochron: 15
324.9765  60.96777
324.8860  60.89720
324.7860  60.82618
324.6672  60.75188
324.5408  60.67402
324.4103  60.59320
324.3008  60.51528
324.2135  60.43891
324.1532  60.36618
324.1020  60.29607
324.0556  60.23068
324.0085  60.16830
>           North Atlantic Ocean: EURASIA PLATE, set 09 isochron: 15
342.4773  62.58823
342.3869  62.52514
342.2896  62.46325
342.1785  62.40253
342.0654  62.34166
341.9460  62.28100
341.8370  62.22021
341.7273  62.16026
341.6210  62.09891
341.5016  62.03415
341.3772  61.96695
341.2544  61.89928
341.1378  61.83542
341.0302  61.77276
340.9156  61.70695
340.7954  61.63504
340.6649  61.55667
340.5330  61.48078
340.4004  61.40804
340.2601  61.34079
340.1142  61.27206
339.9643  61.20315
339.8247  61.13444
339.6963  61.06761
339.5741  61.00201
339.4484  60.93457
339.3172  60.86528
339.1859  60.79312
339.0555  60.72354
338.9298  60.65620
338.8069  60.59591
338.6889  60.53756
338.5764  60.48047
338.4702  60.42089
338.3702  60.36016
338.2647  60.30108
338.1535  60.24255
338.0348  60.18459
337.9140  60.12342
337.7906  60.05970
>           North Atlantic Ocean: EURASIA PLATE, set 10 isochron: 15
356.6553  67.05409
356.6172  66.98431
356.5686  66.91634
356.4978  66.84817
356.4152  66.77950
356.3208  66.70817
356.2327  66.63692
356.1467  66.56348
356.0684  66.48987
355.9886  66.41518
355.9047  66.34422
355.8145  66.27418
355.7188  66.20531
355.6251  66.13343
355.5328  66.06021
355.4356  65.98882
355.3358  65.92206
355.2289  65.86105
355.1353  65.80049
355.0450  65.73831
354.9694  65.67287
354.8917  65.60380
354.8084  65.53109
354.7057  65.45792
354.5849  65.38889
354.4474  65.32722
354.3029  65.26830
354.1501  65.21127
353.9925  65.15589
353.8244  65.10716
353.6516  65.06447
353.4761  65.02547
>           North Atlantic Ocean: EURASIA PLATE, set 11 isochron: 15
358.1332  66.45839
358.0080  66.39612
357.8941  66.33144
357.7900  66.26386
357.6810  66.19383
357.5580  66.12080
357.4205  66.04441
357.2762  65.96581
357.1248  65.88697
356.9735  65.81133
356.8236  65.73975
356.6855  65.67456
356.5565  65.61326
356.4342  65.55179
356.3127  65.48582
356.1842  65.41451
356.0530  65.34152
355.9163  65.27013
355.7760  65.20145
355.6260  65.13520
355.4663  65.07290
355.3094  65.01488
355.1560  64.95965
355.0087  64.90165
354.8517  64.84026
354.6920  64.77938
354.5316  64.72456
354.3768  64.67951
354.2240  64.64004
354.0655  64.60017
353.9030  64.55880
353.7349  64.51975
353.5724  64.49294
353.4154  64.47301
353.2681  64.46091
352.9895  64.44678
>           Indian Ocean: AUSTRALIA PLATE, set 02 isochron: 15
160.0768 -49.26115
160.2609 -49.18416
160.4431 -49.11603
160.6234 -49.05679
