>           Pacific Ocean: PACIFIC PLATE, set 06 isochron: 13
199.8211 -54.25520
199.8941 -54.19987
199.9740 -54.14366
200.0614 -54.08330
200.1558 -54.01956
200.2502 -53.95247
200.3460 -53.88898
200.4389 -53.82742
200.5347 -53.76823
200.6298 -53.70569
200.7326 -53.64056
200.8394 -53.57744
200.9483 -53.51709
201.0503 -53.46121
201.1453 -53.40524
>           Pacific Ocean: PACIFIC PLATE, set 06 isochron: 13
207.8777 -52.98935
207.9716 -52.92059
208.0597 -52.85170
208.1416 -52.78357
208.2229 -52.71407
208.3118 -52.64529
208.4097 -52.57643
208.5075 -52.51042
208.6019 -52.44769
208.6879 -52.38742
208.7768 -52.33006
208.8656 -52.27049
208.9614 -52.21042
209.0496 -52.14726
209.1322 -52.08485
209.2093 -52.02452
209.2849 -51.96710
209.3585 -51.91089
209.4286 -51.84944
209.5183 -51.78104
209.6259 -51.70868
209.7502 -51.63618
209.8682 -51.56833
209.9778 -51.49861
210.0771 -51.42967
210.1673 -51.35669
210.2520 -51.28534
210.3332 -51.21565
210.4137 -51.14845
210.4970 -51.08687
210.5838 -51.02650
210.6796 -50.97179
210.7803 -50.91525
210.8823 -50.85905
210.9816 -50.79794
211.0739 -50.73453
211.1627 -50.67239
211.2453 -50.61546
211.3264 -50.56421
>           Pacific Ocean: PACIFIC PLATE, set 06 isochron: 13
225.2283 -50.94637
225.2909 -50.84358
>           Pacific Ocean: PACIFIC PLATE, set 06 isochron: 13
226.1832 -51.20697
226.2769 -51.09299
>           Pacific Ocean: PACIFIC PLATE, set 06 isochron: 13
227.8597 -47.98663
227.9425 -47.88063
228.0161 -47.78618
228.0835 -47.70566
228.1425 -47.63531
228.2043 -47.56816
228.2626 -47.50139
228.3279 -47.43454
228.3911 -47.36667
228.4571 -47.29820
228.5217 -47.22591
228.5904 -47.14920
228.6592 -47.06718
228.7293 -46.98792
228.8008 -46.91234
228.8807 -46.83807
228.9606 -46.75844
229.0418 -46.67726
229.1147 -46.60075
229.1820 -46.52895
229.2409 -46.45847
>           Pacific Ocean: PACIFIC PLATE, set 07 isochron: 13
145.0806   7.07434
145.2075   7.08569
145.3392   7.09911
145.4772   7.11738
145.6215   7.13914
145.7678   7.16228
145.9127   7.18125
146.0541   7.20023
146.1935   7.22195
146.3349   7.25269
146.4784   7.28895
>           Pacific Ocean: PACIFIC PLATE, set 07 isochron: 13
144.9435   0.28954
145.1530   0.26134
145.3374   0.24776
145.4928   0.24387
145.6280   0.23856
145.7577   0.23253
145.8874   0.23069
146.0184   0.23514
146.1488   0.23819
146.2798   0.24054
146.4123   0.24429
146.5510   0.25085
146.6883   0.26089
146.8235   0.27232
146.9510   0.28723
147.0759   0.30423
147.2020   0.32751
147.3310   0.35079
147.4634   0.37758
147.5979   0.40227
147.7380   0.43256
147.8857   0.46076
148.0341   0.48618
148.1776   0.50321
148.3135   0.51604
>           Pacific Ocean: PACIFIC PLATE, set 08 isochron: 13
160.0975 -57.65645
160.1567 -57.59048
160.2137 -57.52594
160.2776 -57.46016
160.3624 -57.39317
160.4637 -57.32495
160.5720 -57.26111
160.6698 -57.19977
160.7670 -57.14098
160.8656 -57.08133
160.9723 -57.02161
>           Pacific Ocean: PACIFIC PLATE, set 11 isochron: 13
232.0823 -39.45927
232.1335 -39.53403
232.1771 -39.60391
232.2145 -39.66782
232.2511 -39.73114
232.2871 -39.79546
232.3231 -39.86186
232.3570 -39.92551
232.3916 -39.98752
232.4248 -40.04788
>           Pacific Ocean: PACIFIC PLATE, set 11 isochron: 13
225.9898 -34.89811
226.0209 -34.96958
226.0589 -35.04214
226.1004 -35.11408
226.1406 -35.18426
226.1766 -35.25268
>           Pacific Ocean: PACIFIC PLATE, set 11 isochron: 13
222.0376 -25.55846
222.0645 -25.64217
222.0977 -25.73215
222.1343 -25.82581
222.1696 -25.91693
222.1993 -25.99668
222.2290 -26.06947
222.2553 -26.14030
222.2809 -26.21738
222.3044 -26.29754
222.3292 -26.38074
222.3562 -26.46140
222.3845 -26.54013
222.4163 -26.61383
222.4509 -26.68622
222.4869 -26.76043
222.5256 -26.84208
222.5637 -26.93484
222.6024 -27.03996
222.6356 -27.14997
222.6660 -27.25307
222.6874 -27.34365
222.7046 -27.42548
222.7205 -27.50784
222.7433 -27.58707
222.7674 -27.66316
222.7902 -27.73177
222.8061 -27.80094
222.8234 -27.87378
222.8434 -27.95519
222.8689 -28.04149
222.8917 -28.12955
222.9117 -28.22121
222.9310 -28.31651
222.9565 -28.41417
222.9807 -28.50133
222.9987 -28.58043
223.0166 -28.64908
223.0394 -28.71582
223.0664 -28.78009
223.0836 -28.84980
223.0947 -28.92313
223.1077 -28.99763
223.1229 -29.07573
223.1381 -29.15925
223.1504 -29.25305
223.1649 -29.34315
223.1835 -29.42950
223.2035 -29.50972
223.2270 -29.58926
223.2491 -29.66936
223.2740 -29.75300
223.2981 -29.84444
223.3285 -29.94185
223.3576 -30.03556
223.3880 -30.12494
223.4142 -30.20821
223.4398 -30.29142
223.4653 -30.37154
223.4902 -30.45039
223.5151 -30.52856
223.5358 -30.60489
223.5565 -30.68234
223.5786 -30.76511
223.6048 -30.85619
223.6345 -30.95321
223.6697 -31.04953
223.7099 -31.14459
>           Pacific Ocean: PACIFIC PLATE, set 11 isochron: 13
222.5153 -22.68027
222.5207 -22.81736
222.5247 -22.93832
222.5336 -23.03990
222.5439 -23.13113
222.5570 -23.21267
222.5631 -23.28773
222.5700 -23.35507
222.5769 -23.42046
>           Pacific Ocean: PACIFIC PLATE, set 11 isochron: 13
225.3353 -12.76285
225.3539 -12.86095
225.3712 -12.95359
225.3884 -13.04552
225.4043 -13.13876
225.4250 -13.23129
225.4436 -13.31361
225.4650 -13.38773
225.4802 -13.45638
225.4996 -13.52909
225.5168 -13.61332
225.5424 -13.71042
225.5645 -13.81496
225.5914 -13.91875
225.6149 -14.02522
225.6473 -14.13367
225.6798 -14.23734
225.7123 -14.33285
225.7392 -14.42017
225.7627 -14.50678
225.7848 -14.59200
225.8035 -14.67652
225.8214 -14.76169
225.8380 -14.84073
225.8552 -14.91570
225.8725 -14.98792
225.8918 -15.06757
225.9146 -15.15526
225.9423 -15.24630
225.9706 -15.33394
225.9996 -15.42018
226.0252 -15.50840
226.0522 -15.60197
226.0784 -15.69550
226.1039 -15.78832
226.1247 -15.88041
226.1433 -15.96642
226.1612 -16.04770
226.1819 -16.12491
226.2006 -16.20544
226.2192 -16.28527
226.2385 -16.36506
226.2579 -16.44415
226.2786 -16.52187
226.3014 -16.60425
226.3367 -16.69596
226.3802 -16.79901
226.4224 -16.90067
226.4508 -16.99493
226.4667 -17.08247
>           Pacific Ocean: PACIFIC PLATE, set 11 isochron: 13
231.7784  -5.55624
231.8018  -5.68222
231.8191  -5.79565
231.8377  -5.89029
231.8515  -5.97865
231.8695  -6.06073
231.8784  -6.14697
231.8887  -6.22902
231.8970  -6.31174
231.9073  -6.38960
231.9204  -6.46258
231.9335  -6.53139
231.9480  -6.60088
231.9625  -6.67520
231.9784  -6.75578
231.9991  -6.84052
232.0226  -6.93774
232.0502  -7.04604
232.0765  -7.16196
232.1013  -7.27647
>           Pacific Ocean: PACIFIC PLATE, set 11 isochron: 13
230.1494   8.75684
230.1583   8.68288
230.1638   8.60616
230.1658   8.54049
230.1665   8.46720
230.1616   8.44577
>           Pacific Ocean: PACIFIC PLATE, set 11 isochron: 13
234.6504  21.43269
234.6696  21.24060
234.6840  21.08817
234.6964  20.97800
234.7032  20.88535
234.7052  20.79394
234.7002  20.70117
234.6960  20.61358
234.7014  20.52396
234.7166  20.43297
234.7401  20.34128
234.7650  20.25477
234.7885  20.17542
234.8099  20.09734
234.8292  20.01724
234.8485  19.92857
234.8651  19.83657
234.8781  19.74255
234.8871  19.64715
234.8967  19.53918
234.9084  19.42191
234.9242  19.30194
234.9400  19.19508
234.9538  19.09474
234.9641  19.00161
234.9695  18.90710
234.9770  18.82248
234.9846  18.74110
234.9935  18.66433
234.9927  18.58355
234.9843  18.50143
>           Pacific Ocean: PACIFIC PLATE, set 11 isochron: 13
213.1166  55.14760
213.1030  55.06830
213.0901  54.99451
213.0724  54.92217
213.0519  54.85011
213.0293  54.77470
213.0172  54.70277
213.0085  54.63475
212.9991  54.56822
212.9829  54.49876
212.9756  54.42346
212.9760  54.34686
212.9825  54.26968
212.9801  54.19360
212.9748  54.11695
212.9683  54.04306
212.9659  53.96982
212.9676  53.89727
212.9707  53.82255
212.9711  53.75057
212.9617  53.68012
212.9502  53.61202
212.9381  53.54134
212.9287  53.46806
212.9131  53.39257
212.9038  53.31820
212.9000  53.24326
212.9024  53.16613
212.8930  53.08673
212.8801  53.01101
212.8680  52.93763
212.8642  52.86247
212.8617  52.78217
>           Pacific Ocean: PACIFIC PLATE, set 11 isochron: 13
215.6162  56.56688
215.5963  56.34538
>           Pacific Ocean: PACIFIC PLATE, set 11 isochron: 13
217.6994  58.35455
217.6864  58.26380
217.6777  58.18097
217.6711  58.10607
217.6686  58.03319
217.6633  57.96054
217.6609  57.88665
217.6570  57.81332
217.6531  57.73874
217.6458  57.66449
>           Pacific Ocean: PACIFIC PLATE, set 11 isochron: 13
214.6595  51.09720
214.6456  50.95686
214.6347  50.83875
214.6260  50.74371
214.6187  50.65947
214.6100  50.57639
214.6027  50.49540
214.5954  50.42004
214.5938  50.34945
214.5935  50.27784
214.5980  50.20344
214.6004  50.12132
214.6042  50.03954
214.6046  49.95940
214.6049  49.88813
214.6046  49.81897
214.6050  49.74926
214.6061  49.67628
214.6051  49.60369
214.6041  49.53095
214.6017  49.45494
214.6042  49.37563
214.6094  49.29209
214.6166  49.20568
214.6183  49.11504
214.6179  49.02423
214.6189  48.93692
214.6262  48.85358
214.6363  48.77467
214.6450  48.69935
214.6523  48.62803
214.6569  48.55709
214.6628  48.48278
214.6653  48.40559
214.6677  48.32784
214.6674  48.25463
214.6706  48.18454
214.6766  48.11763
214.6867  48.05013
214.6947  47.98210
214.6993  47.91210
214.6997  47.84061
214.7022  47.76715
214.7074  47.69220
>           Pacific Ocean: PACIFIC PLATE, set 11 isochron: 13
217.4413  47.12663
217.4402  47.04070
217.4406  46.95800
217.4423  46.87376
217.4441  46.79319
217.4458  46.70870
217.4490  46.62981
217.4493  46.55175
217.4477  46.48129
217.4432  46.41264
217.4430  46.34536
217.4469  46.27702
217.4508  46.20954
217.4574  46.14246
217.4655  46.07580
217.4833  46.00857
217.4990  45.94270
217.5112  45.87628
217.5123  45.80733
217.5078  45.73491
217.4992  45.66043
217.4913  45.58636
217.4834  45.50975
217.4740  45.43252
217.4619  45.35473
217.4463  45.27978
217.4342  45.20373
217.4242  45.12560
217.4253  45.04638
217.4326  44.96809
>           Pacific Ocean: PACIFIC PLATE, set 11 isochron: 13
215.1552  42.91688
215.1943  42.79714
215.2080  42.73463
215.2224  42.66846
215.2332  42.59606
215.2441  42.52155
215.2536  42.44695
215.2526  42.37326
215.2440  42.29951
215.2320  42.22414
215.2318  42.15124
215.2434  42.07825
215.2605  42.00414
215.2748  41.92734
215.2850  41.84837
215.2909  41.77086
215.2886  41.69432
215.2800  41.62240
215.2701  41.54725
215.2727  41.46360
215.2835  41.36678
215.2998  41.26253
>           Pacific Ocean: PACIFIC PLATE, set 11 isochron: 13
228.2069  40.27450
228.2613  40.15452
228.3206  40.03434
228.3461  39.97390
228.3681  39.91396
>           Pacific Ocean: PACIFIC PLATE, set 11 isochron: 13
228.2472  39.15835
228.2442  39.08902
228.2446  39.02126
228.2500  38.95451
228.2554  38.88881
228.2621  38.82359
228.2668  38.76046
228.2708  38.69896
>           Pacific Ocean: PACIFIC PLATE, set 11 isochron: 13
232.0746  38.72934
232.0688  38.65413
232.0630  38.57722
232.0593  38.49859
232.0597  38.41934
232.0658  38.34000
232.0787  38.25726
232.0951  38.16893
232.1171  38.07828
232.1376  37.99307
232.1568  37.91157
232.1718  37.83108
232.1861  37.74663
232.2039  37.66434
232.2224  37.58582
232.2465  37.51220
232.2713  37.43961
232.3051  37.36580
232.3354  37.29137
232.3608  37.21857
232.3759  37.14850
>           Pacific Ocean: PACIFIC PLATE, set 11 isochron: 13
232.5182  34.53543
232.5284  34.44327
232.5398  34.34471
232.5562  34.24372
232.5677  34.15073
232.5793  34.06808
>           Pacific Ocean: PACIFIC PLATE, set 11 isochron: 13
229.8947  30.00082
229.8889  29.91362
229.8880  29.82150
229.8912  29.72689
229.8958  29.64131
229.8942  29.56358
229.8905  29.48695
229.8889  29.40663
229.8901  29.31467
229.8877  29.21895
229.8811  29.11463
229.8747  29.01998
229.8696  28.93198
229.8645  28.85184
229.8594  28.76550
229.8557  28.67173
229.8561  28.57728
229.8608  28.49072
229.8717  28.41392
229.8791  28.34260
229.8824  28.27122
229.8759  28.19733
229.8695  28.12217
229.8589  28.04575
229.8454  27.96555
229.8272  27.87849
229.8061  27.78765
229.7872  27.70049
229.7689  27.62128
229.7562  27.54759
229.7456  27.47631
229.7350  27.40127
229.7195  27.31812
229.6984  27.22556
229.6767  27.12923
229.6528  27.03655
229.6304  26.94939
229.6073  26.86716
229.5869  26.79172
229.5659  26.71936
229.5463  26.64819
229.5301  26.56571
229.5209  26.47691
229.5165  26.38240
229.5148  26.29220
229.5146  26.19880
229.5151  26.09777
229.5155  25.98730
>           Pacific Ocean: PACIFIC PLATE, set 11 isochron: 13
230.3843  33.12808
230.4055  33.01619
230.4274  32.91186
230.4438  32.81857
230.4617  32.74165
230.4746  32.67170
230.4841  32.60520
230.4992  32.53870
230.5170  32.44088
230.5257  32.33881
230.5255  32.26145
230.5322  32.16923
230.5333  32.07634
230.5428  31.97861
230.5564  31.88077
230.5797  31.78639
230.6031  31.70382
230.6272  31.63245
230.6471  31.56459
230.6691  31.49549
230.6912  31.42337
230.7118  31.35477
230.7289  31.28851
230.7433  31.22100
230.7598  31.14687
230.7762  31.06668
230.7912  30.98645
230.8021  30.91154
230.8137  30.83958
230.8288  30.76815
230.8508  30.69487
230.8735  30.62332
230.8935  30.55294
230.9079  30.48313
>           Pacific Ocean: NAZCA PLATE, set 06 isochron: 13
283.7083 -33.89886
283.7540 -33.96255
283.8031 -34.02855
283.8557 -34.09679
283.9070 -34.16499
283.9597 -34.23198
284.0109 -34.29893
284.0677 -34.36753
284.1245 -34.44068
284.1867 -34.51722
284.2469 -34.59599
284.3030 -34.66952
284.3543 -34.73783
284.4049 -34.80322
284.4582 -34.87139
284.5108 -34.94524
284.5669 -35.02303
284.6271 -35.10474
284.6922 -35.18297
284.7573 -35.25712
284.8238 -35.32721
284.8882 -35.39782
284.9492 -35.47118
285.0046 -35.54334
285.0641 -35.61490
285.1292 -35.68073
285.1964 -35.74480
285.2602 -35.80314
285.3211 -35.86257
285.3835 -35.92141
285.4444 -35.98695
285.5033 -36.05585
>           Pacific Ocean: NAZCA PLATE, set 06 isochron: 13
277.7166 -28.27022
277.7623 -28.31573
277.8226 -28.42451
277.8474 -28.48837
277.8869 -28.55281
277.9291 -28.62273
277.9755 -28.68589
278.0150 -28.74777
278.0558 -28.80777
278.0980 -28.87384
278.1458 -28.94600
278.1984 -29.02422
278.2538 -29.10481
278.3065 -29.18472
278.3528 -29.25970
278.3937 -29.33645
278.4338 -29.41556
278.4732 -29.49828
278.5099 -29.57726
278.5459 -29.65315
278.5860 -29.72778
278.6317 -29.80115
278.6809 -29.87083
278.7280 -29.93624
278.7799 -30.00521
278.8380 -30.08080
278.9038 -30.16416
278.9661 -30.24687
279.0160 -30.32707
279.0568 -30.39878
279.0949 -30.46503
279.1413 -30.52523
279.1946 -30.58598
279.2507 -30.64732
279.3054 -30.71098
279.3567 -30.77402
279.4100 -30.83402
279.4668 -30.89220
279.5243 -30.95272
279.5825 -31.02277
279.6393 -31.09815
279.6953 -31.17706
279.7466 -31.25053
279.7923 -31.32393
279.8394 -31.39429
279.8850 -31.46877
279.9335 -31.54202
279.9785 -31.61578
280.0255 -31.68474
280.0699 -31.75068
280.1148 -31.81597
280.1571 -31.88359
280.1979 -31.95412
280.2332 -32.02341
280.2706 -32.08733
280.3100 -32.14766
280.3543 -32.21148
280.3987 -32.28352
280.4422 -32.36375
280.4914 -32.44158
280.5419 -32.51640
280.5952 -32.58469
280.6437 -32.64998
280.6908 -32.71288
280.7386 -32.77455
280.7885 -32.83678
>           Pacific Ocean: NAZCA PLATE, set 06 isochron: 13
275.7427 -12.26839
275.7919 -12.35379
275.8313 -12.43370
275.8632 -12.50472
275.8943 -12.57366
275.9310 -12.64327
275.9669 -12.72242
276.0050 -12.80767
276.0423 -12.90515
276.0894 -13.00602
276.1406 -13.10821
276.1981 -13.20084
276.2520 -13.29002
276.3012 -13.37713
276.3413 -13.46556
276.3766 -13.54851
276.4092 -13.62600
276.4424 -13.70073
276.4797 -13.77478
276.5150 -13.84812
276.5524 -13.91872
276.5815 -13.99133
276.6098 -14.06528
276.6368 -14.14732
276.6700 -14.23408
276.7060 -14.32353
276.7426 -14.40347
276.7758 -14.47728
276.8125 -14.55039
276.8450 -14.63091
276.8803 -14.71410
276.9107 -14.79794
276.9447 -14.87771
276.9751 -14.95472
277.0090 -15.02700
277.0416 -15.09924
277.0782 -15.17214
277.1100 -15.24905
277.1460 -15.33538
277.1840 -15.43311
277.2325 -15.53892
277.2816 -15.63658
277.3322 -15.72678
277.3785 -15.80890
277.4228 -15.89096
277.4609 -15.96561
277.4976 -16.03684
277.5357 -16.10606
277.5772 -16.17793
277.6146 -16.25177
277.6491 -16.32693
277.6803 -16.40408
277.7169 -16.48052
277.7543 -16.55760
277.7965 -16.63467
277.8374 -16.71237
277.8762 -16.79003
277.9114 -16.86832
277.9440 -16.94592
277.9806 -17.02148
278.0139 -17.09366
278.0443 -17.16716
278.0685 -17.24195
278.0975 -17.31738
278.1356 -17.39079
278.1785 -17.46550
278.2194 -17.54351
278.2539 -17.62347
278.2857 -17.70274
278.3162 -17.78197
278.3487 -17.86250
278.3867 -17.94499
278.4366 -18.03078
278.4955 -18.11987
>           Pacific Ocean: ANTARCTICA PLATE, set 01 isochron: 13
228.6494 -60.64650
228.7114 -60.56584
228.7719 -60.49020
228.8344 -60.41852
228.8949 -60.34666
228.9567 -60.27222
229.0137 -60.19798
229.0777 -60.12498
229.1485 -60.05528
229.2215 -59.98682
229.2874 -59.91994
229.3374 -59.85466
229.3833 -59.79068
229.4250 -59.72656
229.4694 -59.66090
229.5146 -59.59512
229.5646 -59.52994
229.6187 -59.46539
>           Pacific Ocean: ANTARCTICA PLATE, set 01 isochron: 13
235.6791 -60.34480
235.7800 -60.28279
235.8898 -60.22034
236.0050 -60.15433
236.1272 -60.08920
236.2459 -60.02084
236.3694 -59.95511
236.4902 -59.89067
236.6103 -59.82957
236.7234 -59.76624
236.8268 -59.69926
236.9310 -59.63010
237.0359 -59.56290
237.1518 -59.49803
237.2670 -59.43622
237.3815 -59.37570
237.4877 -59.31650
237.5883 -59.25575
237.6876 -59.19241
237.7876 -59.12646
237.8917 -59.06038
237.9931 -58.99670
238.1000 -58.93684
238.2069 -58.88049
238.3228 -58.82799
238.4443 -58.77435
238.5748 -58.71591
238.7068 -58.64722
238.8331 -58.57404
238.9559 -58.50000
239.0711 -58.43199
239.1835 -58.36787
239.2870 -58.30435
239.3974 -58.24146
239.5070 -58.17955
239.6180 -58.12524
239.7222 -58.07309
239.8284 -58.02121
239.9387 -57.96556
240.0456 -57.90907
240.1504 -57.85251
240.2539 -57.79623
240.3566 -57.73985
240.4516 -57.69044
240.6140 -57.59776
240.7023 -57.54370
240.8064 -57.48393
240.9145 -57.41660
>           Pacific Ocean: ANTARCTICA PLATE, set 01 isochron: 13
254.9962 -58.70682
255.0303 -58.63875
255.0783 -58.56876
255.1430 -58.49541
255.2180 -58.41969
255.2867 -58.34348
255.3471 -58.27112
255.3951 -58.20335
255.4402 -58.13957
>           Pacific Ocean: ANTARCTICA PLATE, set 01 isochron: 13
255.7718 -57.55635
255.8275 -57.48941
255.8886 -57.42241
255.9581 -57.35492
256.0343 -57.28662
>           Pacific Ocean: ANTARCTICA PLATE, set 01 isochron: 13
259.7385 -55.54222
259.6865 -55.60277
259.6309 -55.66640
259.5754 -55.73422
259.5198 -55.80391
259.4704 -55.87230
259.4239 -55.93863
259.3773 -56.00444
259.3259 -56.07208
259.2682 -56.13962
259.2070 -56.20631
>           Pacific Ocean: ANTARCTICA PLATE, set 01 isochron: 13
260.0138 -53.34933
260.0480 -53.28067
260.0876 -53.21526
260.1342 -53.15144
260.1891 -53.08754
260.2509 -53.02187
260.3156 -52.95567
260.3781 -52.88811
260.4337 -52.81537
260.4879 -52.73787
260.5407 -52.65984
260.6004 -52.58804
260.6642 -52.52249
>           Pacific Ocean: ANTARCTICA PLATE, set 01 isochron: 13
264.8264 -49.39120
264.7847 -49.45636
264.7506 -49.51918
264.6894 -49.64015
264.6525 -49.70232
264.6129 -49.76797
264.5719 -49.83580
264.5288 -49.90399
264.4815 -49.96941
264.4370 -50.03381
264.3932 -50.09947
264.3508 -50.16771
264.3111 -50.23587
264.2687 -50.30215
264.2298 -50.36702
264.1776 -50.43311
264.1214 -50.50175
264.0581 -50.57207
264.0018 -50.64272
263.9518 -50.71065
263.9038 -50.77715
263.8517 -50.84222
263.7933 -50.90984
263.7314 -50.97914
>           Pacific Ocean: ANTARCTICA PLATE, set 06 isochron: 13
283.2822 -63.78488
283.1658 -63.84314
283.0448 -63.89790
>           Pacific Ocean: ANTARCTICA PLATE, set 06 isochron: 13
286.0999 -62.46481
285.9904 -62.52931
285.8750 -62.59177
>           Pacific Ocean: ANTARCTICA PLATE, set 06 isochron: 13
287.6992 -61.74501
287.5493 -61.81895
>           Pacific Ocean: ANTARCTICA PLATE, set 08 isochron: 13
278.4190 -56.28789
278.6408 -56.31465
278.7524 -56.34055
278.8654 -56.37027
278.9805 -56.39577
279.0991 -56.42314
279.2169 -56.45049
279.3368 -56.48436
279.4547 -56.51744
279.5739 -56.55353
279.6897 -56.59113
279.8061 -56.63214
279.9246 -56.67542
280.0466 -56.71748
280.1687 -56.75685
280.2900 -56.79045
280.4114 -56.81908
280.5327 -56.84653
280.6492 -56.87508
280.7608 -56.90590
280.8697 -56.93140
280.9800 -56.94890
281.0916 -56.95805
281.2068 -56.96759
281.3246 -56.98016
281.4481 -56.99576
281.5715 -57.00868
281.6943 -57.01971
281.8129 -57.02771
281.9301 -57.03571
282.0486 -57.04370
282.1679 -57.05284
282.2789 -57.06157
282.4259 -57.07558
282.5543 -57.09451
282.6617 -57.11836
282.7803 -57.13087
282.8857 -57.16263
283.0084 -57.17662
283.1298 -57.20343
283.1679 -57.20308
>           Pacific Ocean: ANTARCTICA PLATE, set 08 isochron: 13
273.9005 -51.51762
273.9961 -51.54585
274.0952 -51.57405
274.1985 -51.60263
274.3074 -51.63208
274.4184 -51.66190
>           Pacific Ocean: ANTARCTICA PLATE, set 08 isochron: 13
270.0749 -50.84821
270.1844 -50.88170
270.2939 -50.91687
270.4014 -50.95641
270.5081 -50.99194
270.6128 -51.03053
270.7161 -51.06342
270.8152 -51.09801
270.9123 -51.12952
271.0093 -51.16624
271.1126 -51.20210
271.2117 -51.23962
271.3081 -51.28104
271.3968 -51.32893
271.4939 -51.37726
271.5909 -51.42162
271.6838 -51.46413
271.7657 -51.50882
>           Pacific Ocean: ANTARCTICA PLATE, set 08 isochron: 13
269.4828 -50.21066
269.5888 -50.29886
>           Pacific Ocean: ANTARCTICA PLATE, set 08 isochron: 13
268.7914 -49.09474
268.9536 -49.19731
>           North Atlantic Ocean: NORTH AMERICA PLATE, set 02 isochron: 13
322.0547  37.02448
321.9991  36.94451
321.9485  36.86617
321.8950  36.79165
321.8387  36.72213
321.7742  36.66319
321.7082  36.61319
321.6311  36.57491
321.5470  36.53716
321.4573  36.49320
321.3691  36.43966
321.2823  36.38327
321.1968  36.33529
321.1148  36.29067
321.0377  36.24488
320.9689  36.19062
320.9106  36.13069
320.8607  36.06734
>           North Atlantic Ocean: NORTH AMERICA PLATE, set 02 isochron: 13
315.6578  33.13863
315.5681  33.06468
315.4889  32.99771
315.4202  32.94069
315.3583  32.88363
315.2923  32.82830
315.2235  32.76587
315.1471  32.70222
315.0714  32.63084
314.9943  32.56001
314.9214  32.48794
314.8484  32.41936
314.7755  32.35312
314.7026  32.28738
314.6290  32.21982
314.5546  32.14511
314.4782  32.07272
314.4039  31.99609
314.3275  31.92119
314.2483  31.83969
314.1643  31.76525
314.0844  31.69732
314.0136  31.63407
313.9490  31.56665
313.8865  31.49859
313.8205  31.42986
313.7524  31.36526
313.6858  31.29704
313.6232  31.23233
313.5691  31.16884
313.5198  31.10949
>           North Atlantic Ocean: NORTH AMERICA PLATE, set 02 isochron: 13
312.2132  29.96862
312.1743  29.88971
312.1375  29.81622
312.1028  29.74938
312.0695  29.68550
312.0362  29.62221
312.0022  29.55581
311.9661  29.48269
311.9272  29.40341
311.8849  29.32100
311.8418  29.24221
311.7995  29.16580
311.7585  29.08993
311.7148  29.01340
311.6683  28.93679
311.6246  28.86136
311.5871  28.78651
311.5545  28.71284
311.5226  28.64280
311.4851  28.57024
311.4414  28.49269
311.3879  28.40523
311.3373  28.31956
311.2873  28.23628
311.2373  28.15601
311.1796  28.07196
311.1234  27.98849
311.0720  27.91052
311.0283  27.83931
310.9839  27.77176
310.9429  27.70480
310.8992  27.63343
310.8568  27.55645
310.8082  27.47070
310.7596  27.38304
310.7097  27.29343
310.6632  27.20561
310.6160  27.11836
310.5681  27.03416
310.5139  26.94862
310.4646  26.86054
310.4154  26.77052
310.3793  26.68543
310.3370  26.60842
310.3037  26.53512
310.2634  26.46615
310.2308  26.39464
310.1912  26.32496
310.1586  26.24895
310.1253  26.17605
310.0996  26.10313
310.0670  26.03894
310.0365  25.97346
309.9997  25.90919
309.9643  25.84427
309.9254  25.78246
309.8879  25.72251
309.8575  25.66064
309.8332  25.59749
>           North Atlantic Ocean: NORTH AMERICA PLATE, set 02 isochron: 13
309.8528  24.49008
309.8453  24.38933
309.8377  24.30064
309.8260  24.22340
309.8086  24.15248
309.7864  24.08344
309.7628  24.01820
309.7386  23.95290
309.7171  23.88631
309.7019  23.81583
309.6922  23.74470
309.6867  23.67095
309.6805  23.59654
309.6805  23.52273
309.6841  23.45403
309.6967  23.39109
309.7253  23.27219
309.7630  23.15061
309.7783  23.08754
309.7936  23.02313
309.8062  22.95674
309.8181  22.88969
309.8237  22.82259
309.8265  22.75675
309.8293  22.68634
309.8315  22.61008
309.8281  22.52666
309.8184  22.44254
309.8025  22.35899
309.7845  22.27214
309.7658  22.18526
309.7471  22.09507
309.7277  22.01003
309.7048  21.92686
309.6799  21.84821
>           North Atlantic Ocean: NORTH AMERICA PLATE, set 02 isochron: 13
308.9200  17.58160
308.8881  17.51006
308.8562  17.43851
308.8235  17.36828
308.7923  17.29868
308.7639  17.23107
308.7431  17.16412
308.7258  17.09580
308.7050  17.02411
308.6765  16.94904
>           North Atlantic Ocean: NORTH AMERICA PLATE, set 02 isochron: 13??
313.0196  30.69271
312.9772  30.61559
312.9363  30.54385
312.8940  30.47627
312.8544  30.41045
312.8086  30.34277
312.7614  30.27384
312.7093  30.20122
312.6586  30.12613
312.6086  30.04916
312.5628  29.97457
312.5170  29.90052
312.4698  29.82704
>           North Atlantic Ocean: NORTH AMERICA PLATE, set 02 isochron: 13??
309.7804  21.37959
309.7422  21.29669
309.7054  21.21701
309.6735  21.14252
309.6436  21.06733
309.6201  20.99473
309.5986  20.92275
309.5840  20.85600
309.5522  20.72827
309.5293  20.66534
309.5071  20.60107
309.4821  20.52824
309.4585  20.44553
309.4259  20.35291
309.3906  20.26551
309.3545  20.18661
309.3247  20.11753
>           North Atlantic Ocean: NORTH AMERICA PLATE, set 03 isochron: 13
333.5965  66.73785
333.5179  66.67768
333.4304  66.61296
333.3332  66.54334
333.2284  66.47355
333.1173  66.40638
332.9965  66.33899
332.8604  66.26942
332.7222  66.19431
332.5932  66.12012
332.4871  66.04714
332.3907  65.97596
332.2914  65.90314
332.1797  65.82757
332.0582  65.75088
331.9290  65.67311
331.8048  65.59827
331.6904  65.52814
331.5912  65.46186
331.4954  65.39658
331.3913  65.33057
331.2816  65.26291
331.1656  65.19302
331.0602  65.12148
330.9638  65.05272
330.8813  64.98761
330.8036  64.92530
330.7182  64.85988
330.6133  64.79280
330.4904  64.72347
330.3571  64.65544
330.2301  64.58271
330.1086  64.50379
329.9983  64.42046
329.8929  64.34023
329.7930  64.26765
329.6945  64.20216
329.5974  64.13769
329.4932  64.07124
329.3869  63.99943
329.2759  63.92652
329.1760  63.85465
329.0817  63.78693
329.0013  63.72276
328.9257  63.66060
328.8542  63.59893
328.7765  63.53619
328.6934  63.47242
>           North Atlantic Ocean: NORTH AMERICA PLATE, set 03 isochron: 13
322.9469  59.20121
322.8767  59.13069
322.8038  59.06688
322.7316  59.01014
322.6658  58.95583
>           North Atlantic Ocean: NORTH AMERICA PLATE, set 03 isochron: 13
319.0472  57.07456
319.0342  56.94838
319.0588  56.82223
319.0298  56.69870
318.9779  56.56509
318.9634  56.48809
318.9545  56.40594
318.9380  56.32324
318.9103  56.24110
318.8799  56.16035
318.8494  56.08019
318.8183  56.00222
318.7871  55.92292
318.7483  55.83871
318.7151  55.74846
318.6841  55.66037
318.6662  55.58001
318.6503  55.50814
318.6379  55.43973
318.6220  55.37037
318.5999  55.29932
318.5743  55.22533
318.5501  55.14922
318.5357  55.06935
318.5233  54.98775
318.5151  54.90922
318.5048  54.83453
318.4952  54.75645
318.4800  54.66812
318.4614  54.57273
318.4435  54.48409
318.4305  54.40782
318.4265  54.34156
318.4287  54.27558
318.4358  54.20748
318.4407  54.13765
318.4457  54.07015
318.4479  54.00212
318.4536  53.93271
318.4614  53.86200
318.4761  53.79198
318.4950  53.72270
318.5153  53.65204
318.5370  53.58252
318.5579  53.51537
318.5817  53.44976
318.6082  53.38406
318.6452  53.31704
318.6911  53.24995
>           North Atlantic Ocean: NORTH AMERICA PLATE, set 03 isochron: 13
324.0922  51.93454
324.1717  51.87603
324.2476  51.81269
324.3255  51.74455
324.4035  51.67452
324.4787  51.60570
324.5483  51.53722
324.6221  51.46907
324.7050  51.39910
324.7941  51.32506
324.8797  51.24828
324.9639  51.16965
325.0503  51.09220
325.1380  51.01503
325.2256  50.94130
325.3036  50.87489
325.3766  50.81456
325.4386  50.75148
325.4950  50.68122
325.5472  50.60510
325.5981  50.53246
325.6559  50.46056
325.7221  50.39038
325.8001  50.31738
325.8808  50.24429
325.9581  50.16749
326.0284  50.08698
326.0883  50.00632
326.1426  49.93005
326.2025  49.85589
326.2729  49.77846
326.3551  49.69457
326.4296  49.61194
326.4950  49.53276
326.5500  49.45800
326.6043  49.38310
326.6586  49.30992
326.7053  49.23981
326.7450  49.17278
326.7771  49.10703
326.8071  49.04026
326.8357  48.97203
326.8650  48.90282
326.8985  48.82888
326.9369  48.74837
326.9773  48.66224
327.0143  48.58057
327.0442  48.50758
327.0721  48.44189
327.1014  48.37701
327.1342  48.31158
327.1656  48.24562
327.1942  48.18097
327.2159  48.11483
327.2354  48.04625
327.2543  47.97196
327.2801  47.89336
327.3060  47.81233
327.3276  47.73068
327.3430  47.65218
327.3550  47.57073
327.3683  47.48632
327.3767  47.39657
327.3817  47.30619
327.3825  47.21852
327.3848  47.12974
327.3870  47.04366
327.3850  46.95792
327.3768  46.87729
327.3665  46.79942
327.3548  46.72044
327.3438  46.64185
327.3258  46.56361
327.3057  46.49054
327.2822  46.41545
327.2628  46.33588
327.2435  46.24657
327.2249  46.15565
327.2042  46.06655
327.1869  45.98699
327.1725  45.91414
327.1628  45.84360
327.1532  45.77348
327.1456  45.70082
327.1360  45.62856
327.1222  45.55472
327.1042  45.48179
327.0807  45.40973
327.0565  45.33853
327.0260  45.26775
326.9934  45.19490
326.9560  45.11453
326.9200  45.02419
326.8839  44.92826
326.8486  44.83319
326.8112  44.74442
326.7724  44.65846
326.7322  44.57339
326.6906  44.48568
326.6449  44.39834
326.5991  44.31436
326.5562  44.23578
326.5194  44.16061
326.4875  44.08684
326.4592  44.01301
326.4391  43.93906
326.4261  43.86808
326.4143  43.79800
326.3956  43.72631
326.3700  43.64844
326.3451  43.56900
326.3257  43.49249
326.3057  43.42249
326.2849  43.35493
326.2579  43.28727
326.2357  43.21753
326.2178  43.14874
326.2116  43.08293
326.2124  43.01501
326.2119  42.94086
326.2071  42.85738
326.1982  42.77230
326.1934  42.68967
326.1900  42.61206
326.1859  42.54001
326.1819  42.47252
326.1785  42.40857
326.1668  42.27942
326.1565  42.20904
326.1476  42.13028
326.1366  42.04522
326.1235  41.95951
326.1076  41.87891
326.0924  41.80602
326.0765  41.73198
326.0585  41.65416
326.0399  41.56845
326.0240  41.48315
326.0103  41.40036
325.9950  41.32008
325.9715  41.24020
325.9431  41.15762
325.9092  41.07595
325.8766  40.99262
325.8412  40.90705
325.8094  40.81820
325.7831  40.73297
325.7617  40.65238
325.7389  40.57542
325.7084  40.49625
325.6744  40.42015
325.6397  40.34504
325.6051  40.27144
325.5656  40.19614
325.5239  40.12292
325.4837  40.05120
325.4490  39.97726
325.4185  39.89953
325.3853  39.82167
325.3555  39.74643
325.3181  39.67488
325.2841  39.60379
325.2432  39.53314
325.2134  39.46081
325.1823  39.38680
325.1531  39.31324
325.1157  39.24123
325.0776  39.17130
325.0380  39.10022
325.0020  39.02797
324.9659  38.95294
324.9285  38.87512
324.8869  38.79450
>           North Atlantic Ocean: NORTH AMERICA PLATE, set 03 isochron: 13??
323.9148  60.09320
323.8237  60.02732
323.7460  59.96063
323.6864  59.89207
323.6400  59.82303
323.6027  59.75322
>           North Atlantic Ocean: NORTH AMERICA PLATE, set 03 isochron: 13??
321.9345  58.62017
321.8505  58.49126
321.7957  58.42518
321.7375  58.36043
321.6771  58.29628
321.6162  58.23206
>           North Atlantic Ocean: NORTH AMERICA PLATE, set 03 isochron: 13??
321.0347  58.09251
321.0084  58.02639
320.9758  57.95421
320.9391  57.87523
320.8954  57.78940
320.8490  57.70563
320.7978  57.62471
>           North Atlantic Ocean: NORTH AMERICA PLATE, set 03 isochron: 13??
320.2848  57.67133
320.2585  57.60368
320.2336  57.53329
320.2051  57.46054
320.1719  57.39029
320.1345  57.32329
320.1033  57.25993
320.0792  57.19804
>           North Atlantic Ocean: EURASIA PLATE, set 07 isochron: 13
  2.7702  70.52599
  3.1627  70.56441
  3.3828  70.58652
  3.6093  70.61372
  3.8281  70.64476
  4.0325  70.67368
  4.2299  70.69846
  4.4210  70.71926
  4.6135  70.73914
  5.0005  70.78203
  5.1936  70.80550
  5.3806  70.82824
  5.5626  70.85417
  5.7440  70.87940
  5.9302  70.90594
  6.1184  70.93336
  6.3067  70.96098
  6.4909  70.98695
  6.8612  71.03654
  7.0585  71.06428
  7.2648  71.09283
  7.4725  71.12453
  7.6760  71.15614
  7.8755  71.18771
  8.0701  71.21453
  8.2674  71.23840
  8.4696  71.26091
  8.6822  71.28651
  8.8962  71.31386
  9.1047  71.34206
  9.3055  71.37065
  9.6364  71.42031
  9.8193  71.44675
 10.0138  71.47986
 10.1882  71.51355
 10.3772  71.53814
 10.5321  71.56931
 10.7197  71.59690
 10.9287  71.63133
 11.2310  71.66740
>           North Atlantic Ocean: EURASIA PLATE, set 09 isochron: 13
336.6716  59.67759
336.5234  59.58862
336.3929  59.50933
336.2833  59.43909
336.1875  59.37156
336.1001  59.30463
336.0133  59.24005
335.9307  59.17680
335.8446  59.11270
335.7592  59.04416
335.6655  58.97009
335.5718  58.89226
335.4789  58.81498
335.3887  58.74334
335.2972  58.67628
>           North Atlantic Ocean: EURASIA PLATE, set 09 isochron: 13
330.4722  56.21043
330.4724  56.14163
330.4662  56.07354
330.4538  56.00415
330.4421  55.93501
330.4332  55.86499
330.4327  55.79679
330.4300  55.72770
330.4224  55.65809
330.3996  55.58676
330.3705  55.51530
330.3387  55.44329
330.3076  55.36996
330.2785  55.29293
330.2515  55.21056
330.2315  55.12684
330.2177  55.04657
330.2047  54.97296
330.1846  54.90197
330.1548  54.83088
330.1293  54.75682
330.1093  54.68183
330.0955  54.60551
330.0776  54.53268
330.0610  54.46257
330.0507  54.39191
330.0390  54.31624
330.0287  54.23515
330.0066  54.15469
329.9893  54.07819
329.9631  54.00398
329.9402  53.93089
329.9118  53.85519
329.8932  53.78142
329.8774  53.70794
329.8678  53.63725
329.8554  53.56517
329.8437  53.49255
329.8313  53.41899
329.8196  53.34615
329.8100  53.27192
329.8018  53.19594
>           North Atlantic Ocean: EURASIA PLATE, set 09 isochron: 13
335.0982  50.89470
335.1422  50.82773
335.1972  50.75937
335.2669  50.68872
335.3421  50.61620
335.4131  50.54667
335.4771  50.48148
335.5391  50.41751
335.6080  50.35122
335.6839  50.27953
335.7640  50.20637
335.8419  50.13267
335.9171  50.06331
335.9867  49.99657
336.0507  49.93149
336.1064  49.86631
336.1579  49.80015
336.2109  49.73391
336.2673  49.66306
336.3259  49.58755
336.3857  49.50833
336.4435  49.43264
336.4992  49.36364
336.5480  49.29862
336.5968  49.23213
336.6469  49.16053
336.6978  49.08380
336.7458  49.00739
336.7905  48.93043
336.8344  48.85009
336.8783  48.76226
336.9209  48.66924
336.9613  48.57929
336.9990  48.49427
337.0345  48.41744
337.0645  48.34604
337.0910  48.27874
337.1113  48.20945
337.1302  48.13726
337.1483  48.05893
337.1714  47.98092
337.1986  47.90190
337.2231  47.82978
337.2482  47.76037
337.2747  47.69511
337.3096  47.62788
337.3452  47.55206
337.3807  47.46621
337.4122  47.37312
337.4359  47.28750
337.4534  47.20454
337.4646  47.12428
337.4752  47.03821
337.4822  46.95918
337.4872  46.88717
337.4915  46.82221
337.4972  46.68580
337.4973  46.60956
337.5037  46.52503
337.5024  46.43893
337.5046  46.34837
337.4943  46.25958
337.4798  46.17501
337.4598  46.10046
337.4446  46.03356
337.4322  45.97047
337.4170  45.90291
337.3983  45.83041
337.3783  45.75196
337.3582  45.67146
337.3368  45.58542
337.3126  45.50079
337.2925  45.42336
337.2787  45.35810
337.2705  45.29424
337.2616  45.22735
337.2471  45.15841
337.2214  45.08889
337.1874  45.01876
337.1493  44.94557
337.1154  44.87529
337.0828  44.80739
337.0516  44.74191
337.0163  44.67683
336.9788  44.61317
336.9400  44.55093
336.9033  44.48964
>           North Atlantic Ocean: EURASIA PLATE, set 09 isochron: 13??
342.0954  62.71769
341.9980  62.64621
341.8966  62.57782
341.7891  62.51412
341.6822  62.45414
341.5732  62.39597
341.4628  62.33899
341.3559  62.27927
341.2440  62.21521
341.1287  62.14483
340.9982  62.07301
340.8656  62.00330
340.7316  61.93668
340.5941  61.87025
340.4537  61.80070
340.3058  61.72435
340.1642  61.64985
340.0240  61.57883
339.8907  61.51730
339.7552  61.45094
339.6184  61.38040
339.4803  61.30239
339.3498  61.22483
339.2290  61.14843
339.1180  61.07729
339.0153  61.01038
338.9126  60.94942
338.8119  60.89106
338.7008  60.83530
338.5876  60.77637
338.4640  60.71493
338.3362  60.65305
338.2057  60.59172
338.0779  60.53060
337.9591  60.46524
337.8432  60.39976
337.7314  60.33313
337.6092  60.26636
337.4731  60.19353
337.3214  60.11568
>           North Atlantic Ocean: EURASIA PLATE, set 09 isochron: 13??
334.8660  58.47629
334.8139  58.40831
334.7556  58.33579
334.6869  58.25840
334.6217  58.18488
334.5614  58.11528
334.5102  58.05002
>           North Atlantic Ocean: EURASIA PLATE, set 09 isochron: 13??
334.0787  57.95320
334.0370  57.87864
333.9920  57.80505
333.9407  57.73322
333.8866  57.66461
333.8292  57.59814
>           North Atlantic Ocean: EURASIA PLATE, set 09 isochron: 13??
333.4162  57.60453
333.3711  57.52549
333.3163  57.44930
333.2490  57.37753
333.1768  57.31161
333.1041  57.24935
>           North Atlantic Ocean: EURASIA PLATE, set 09 isochron: 13??
331.7592  57.18368
331.7252  57.11357
331.6850  57.04148
331.6420  56.96889
331.5900  56.89957
331.5400  56.83242
331.4790  56.76782
331.4166  56.70390
331.3473  56.64175
>           North Atlantic Ocean: EURASIA PLATE, set 09 isochron: 13??
336.4164  43.73061
336.3379  43.61625
336.2692  43.52000
336.2081  43.44035
336.1470  43.36513
336.0832  43.28321
336.0180  43.19353
335.9590  43.09964
335.9015  43.01024
335.8509  42.93145
335.8016  42.86180
335.7566  42.79153
335.7122  42.71761
335.6685  42.63842
335.6283  42.55915
335.5874  42.47670
335.5479  42.39309
335.5042  42.30886
335.4591  42.22399
335.4127  42.13797
335.3753  42.04871
335.3490  41.96457
335.3317  41.88553
335.3158  41.81366
335.3055  41.74330
335.3049  41.67391
335.3141  41.60236
335.3183  41.52548
335.3156  41.44431
335.3004  41.36254
335.2901  41.28378
335.2749  41.20388
335.2646  41.11861
335.2480  41.02954
335.2398  40.94355
335.2344  40.86166
335.2282  40.78019
335.2123  40.69862
335.1916  40.62064
335.1709  40.54631
335.1522  40.47294
335.1266  40.39578
335.0961  40.31903
335.0663  40.24220
335.0414  40.16743
335.0179  40.09099
334.9880  40.01175
334.9569  39.93190
334.9271  39.85411
334.9015  39.78213
334.8765  39.71007
334.8474  39.63362
334.8107  39.54791
334.7683  39.46049
334.7303  39.37782
334.7033  39.30482
334.6797  39.23444
334.6555  39.16232
334.6271  39.08691
334.5987  39.01577
334.5682  38.94345
334.5328  38.86942
334.4961  38.78767
334.4573  38.70802
334.4206  38.62827
334.3839  38.55012
>           North Atlantic Ocean: EURASIA PLATE, set 10 isochron: 13
357.5298  67.56992
357.4554  67.51151
357.3832  67.45194
357.3138  67.39114
357.2424  67.32886
357.1710  67.26695
357.0991  67.20550
>           North Atlantic Ocean: EURASIA PLATE, set 11 isochron: 13
356.2770  65.73027
356.1329  65.62585
356.0004  65.53878
355.8735  65.47144
355.7492  65.41370
355.6138  65.35761
355.4798  65.29844
355.3437  65.23885
355.2145  65.17856
355.0791  65.12048
354.9395  65.06433
354.7902  65.00835
354.6373  64.95343
354.4755  64.89692
354.3102  64.84264
354.1407  64.78886
353.9720  64.74031
353.8039  64.69495
353.6379  64.65609
353.4796  64.62375
353.3261  64.59943
353.1747  64.58171
353.0176  64.56964
352.8529  64.56205
352.6826  64.55734
>           North Atlantic Ocean: AFRICA PLATE, set 01 isochron: 13
331.0773  36.68896
331.0760  36.62049
331.0775  36.55030
331.0831  36.47838
331.0859  36.40751
331.0853  36.33881
331.0770  36.27175
331.0652  36.20461
331.0486  36.13513
331.0292  36.06166
331.0063  35.98187
330.9842  35.89805
330.9641  35.81472
330.9468  35.73415
>           North Atlantic Ocean: AFRICA PLATE, set 01 isochron: 13
324.4811  31.63034
324.3956  31.53008
324.3144  31.44465
324.2380  31.37709
324.1637  31.32141
324.0921  31.26271
324.0233  31.20277
323.9602  31.14223
323.8969  31.09124
323.8365  31.03839
323.7747  30.98734
323.7177  30.93085
323.6601  30.87493
323.6087  30.81358
323.5587  30.74798
323.5094  30.67752
323.4510  30.59978
323.3816  30.51894
323.3094  30.43744
323.2393  30.36552
323.1747  30.29597
323.1052  30.22999
323.0343  30.15912
322.9607  30.09183
322.8989  30.02330
322.8405  29.96140
322.7940  29.90009
322.7412  29.84420
322.6891  29.78765
322.6308  29.73230
>           North Atlantic Ocean: AFRICA PLATE, set 01 isochron: 13
321.3369  28.38157
321.2723  28.27979
321.2084  28.18042
321.1445  28.08589
321.0827  27.99561
321.0230  27.91146
320.9640  27.82845
320.8973  27.74042
320.8195  27.64425
320.7368  27.54114
320.6619  27.43670
320.5987  27.33593
320.5446  27.23756
320.4911  27.14847
320.4460  27.06242
320.4037  26.99128
320.3725  26.92387
320.3329  26.85635
320.2920  26.77382
320.2399  26.67933
320.1976  26.58166
320.1615  26.48956
320.1303  26.40428
320.0880  26.32269
320.0387  26.23472
319.9915  26.14105
319.9527  26.04418
319.9152  25.95730
319.8742  25.88107
319.8298  25.81234
319.7861  25.74545
319.7444  25.67664
319.7035  25.60713
319.6646  25.53510
319.6250  25.46426
319.5840  25.39403
319.5417  25.32438
319.5070  25.25089
319.4814  25.17359
>           North Atlantic Ocean: AFRICA PLATE, set 01 isochron: 13
318.8889  22.91127
318.8744  22.83898
318.8647  22.76343
318.8578  22.68591
318.8551  22.61288
318.8517  22.54564
318.8254  22.40971
318.8025  22.33649
318.7907  22.26653
318.7894  22.20106
>           North Atlantic Ocean: AFRICA PLATE, set 01 isochron: 13
318.9651  21.58144
318.9728  21.48501
318.9743  21.39962
318.9660  21.32395
318.9612  21.25086
318.9557  21.17381
318.9530  21.09608
318.9440  21.01698
318.9274  20.93781
318.9045  20.85732
318.8802  20.78396
318.8594  20.71714
>           North Atlantic Ocean: AFRICA PLATE, set 01 isochron: 13
318.9292  19.62857
318.9091  19.55991
318.8938  19.48924
318.8765  19.41459
318.8557  19.33460
318.8308  19.24993
318.8093  19.16325
318.7899  19.08050
318.7719  18.99837
318.7510  18.91421
318.7268  18.82402
318.6963  18.73312
318.6700  18.64616
318.6457  18.56380
318.6249  18.48274
318.5978  18.39964
318.5694  18.31516
318.5431  18.23463
318.5181  18.15340
318.4938  18.06880
318.4654  17.97483
318.4425  17.88283
318.4211  17.79677
318.4023  17.72002
318.3802  17.64725
318.3586  17.57777
318.3399  17.50828
318.3219  17.43810
318.3039  17.36586
318.2852  17.29630
318.2693  17.22871
318.2554  17.16310
>           North Atlantic Ocean: AFRICA PLATE, set 01 isochron: 13
318.1062  15.98447
318.0312  15.83610
317.9680  15.70655
317.9118  15.60394
317.8660  15.52423
317.8243  15.45529
317.7910  15.39177
317.7584  15.33022
317.7209  15.27002
317.6869  15.20439
317.6494  15.13401
317.6175  15.06225
317.5856  14.99522
317.5689  14.93224
317.5627  14.87129
>           North Atlantic Ocean: AFRICA PLATE, set 01 isochron: 13??
330.2527  35.34911
330.1866  35.26968
330.1241  35.18959
330.0672  35.11060
330.0193  35.03097
329.9819  34.95185
329.9563  34.87267
329.9397  34.79917
329.9279  34.73024
>           North Atlantic Ocean: AFRICA PLATE, set 01 isochron: 13??
322.4996  29.59528
322.4349  29.50994
322.3710  29.43554
322.3113  29.37265
322.2516  29.32196
322.1925  29.27182
322.1245  29.21982
322.0495  29.16105
>           South Atlantic Ocean: SOUTH AMERICA PLATE, set 01 isochron: 13
310.4049  15.02435
310.3514  14.92881
310.3029  14.83664
310.2633  14.75123
310.2328  14.67053
310.2120  14.59254
310.1996  14.51521
310.1927  14.43855
>           South Atlantic Ocean: SOUTH AMERICA PLATE, set 01 isochron: 13
342.6108  -5.35264
342.6354  -5.47959
342.6543  -5.58436
342.6710  -5.67177
342.6911  -5.75008
342.7160  -5.83182
342.7402  -5.90799
342.7638  -5.98485
342.7852  -6.06448
342.8081  -6.15176
342.8269  -6.24043
342.8470  -6.32560
342.8658  -6.40661
342.8865  -6.48690
342.9025  -6.56930
342.9149  -6.65311
342.9239  -6.73625
342.9364  -6.81587
342.9460  -6.89481
342.9515  -6.97239
342.9466  -7.05145
342.9445  -7.13048
342.9465  -7.20943
342.9534  -7.28834
342.9547  -7.36381
342.9511  -7.44140
342.9476  -7.51829
342.9517  -7.59715
342.9599  -7.67043
342.9709  -7.74091
342.9765  -7.83218
342.9806  -7.81485
>           South Atlantic Ocean: SOUTH AMERICA PLATE, set 01 isochron: 13
338.7044 -13.55355
338.7259 -13.63407
338.7424 -13.71191
338.7549 -13.78843
338.7667 -13.86829
338.7812 -13.95081
338.7965 -14.03399
338.8110 -14.11307
338.8248 -14.18604
338.8385 -14.25223
338.8523 -14.31704
338.8646 -14.38319
338.8770 -14.45204
338.8914 -14.51949
338.9107 -14.58620
338.9342 -14.65283
338.9563 -14.72015
338.9756 -14.78814
338.9921 -14.85613
339.0115 -14.93217
339.0316 -15.01424
339.0531 -15.10234
339.0705 -15.18169
339.0870 -15.25562
339.1086 -15.34766
339.1194 -15.38660
>           South Atlantic Ocean: SOUTH AMERICA PLATE, set 01 isochron: 13
339.1028 -15.64705
339.0998 -15.78545
339.0986 -15.89695
339.1014 -15.98619
339.1063 -16.06599
339.1140 -16.15575
339.1210 -16.25153
339.1274 -16.35730
339.1381 -16.46567
339.1542 -16.57259
339.1766 -16.66869
339.1967 -16.75208
339.2112 -16.83012
339.2209 -16.90817
339.2244 -16.99093
339.2307 -17.07161
339.2362 -17.14961
339.2486 -17.22551
339.2603 -17.30070
339.2749 -17.38251
339.2839 -17.46764
339.2910 -17.55743
339.2924 -17.64458
339.2959 -17.73364
339.2973 -17.82201
339.3029 -17.90567
339.3070 -17.98000
339.3152 -18.04829
339.3165 -18.11462
339.3170 -18.18225
339.3177 -18.25649
339.3267 -18.33789
339.3420 -18.42782
339.3559 -18.51373
339.3655 -18.58182
339.3705 -18.67568
339.3723 -18.72856
>           South Atlantic Ocean: SOUTH AMERICA PLATE, set 01 isochron: 13
339.6876 -19.07024
339.6946 -19.16113
339.6995 -19.24872
339.7030 -19.33431
339.7156 -19.42306
339.7247 -19.51443
339.7289 -19.60316
339.7267 -19.67090
339.7245 -19.73728
339.7751 -19.81562
>           South Atlantic Ocean: SOUTH AMERICA PLATE, set 01 isochron: 13
340.1067 -20.60224
340.1233 -20.67455
340.1475 -20.74873
340.1829 -20.82799
340.2281 -20.91234
>           South Atlantic Ocean: SOUTH AMERICA PLATE, set 01 isochron: 13
341.1175 -21.90381
341.1292 -21.97097
341.1360 -22.04269
341.1527 -22.12141
341.1673 -22.20721
341.1952 -22.29736
341.2091 -22.38757
341.2259 -22.47447
341.2349 -22.55495
341.2515 -22.63082
341.2667 -22.70470
341.2854 -22.77853
341.3047 -22.85038
341.3255 -22.91961
341.3456 -22.98691
>           South Atlantic Ocean: SOUTH AMERICA PLATE, set 01 isochron: 13
338.5715 -25.49018
338.5757 -25.56567
338.5785 -25.64429
338.5889 -25.72659
338.5945 -25.80511
338.6077 -25.88223
338.6097 -25.95689
338.6098 -26.03404
338.6063 -26.10992
338.6147 -26.18626
338.6229 -26.25256
338.6223 -26.34017
338.6543 -26.34238
>           South Atlantic Ocean: SOUTH AMERICA PLATE, set 01 isochron: 13
339.5752 -27.99353
339.5627 -28.13391
339.5520 -28.25577
339.5461 -28.35902
339.5468 -28.44372
339.5531 -28.52338
339.5608 -28.59684
339.5628 -28.66724
339.5648 -28.73638
339.5642 -28.81219
339.5664 -28.89708
339.5603 -28.98627
339.5527 -29.06748
339.5423 -29.14074
>           South Atlantic Ocean: SOUTH AMERICA PLATE, set 01 isochron: 13
338.7652 -30.82201
338.7606 -30.92500
338.7503 -31.00522
338.7807 -31.13996
338.8015 -31.20841
338.8222 -31.27383
338.8451 -31.34097
338.8680 -31.40987
338.8888 -31.47871
338.9089 -31.54692
338.9276 -31.61567
338.9477 -31.68733
338.9665 -31.75954
338.9845 -31.83112
338.9991 -31.90208
339.0150 -31.97473
339.0345 -32.05085
339.0602 -32.12803
339.0846 -32.20222
339.1075 -32.27577
339.1284 -32.35102
339.1486 -32.43035
339.1667 -32.50727
339.1764 -32.57833
339.1826 -32.64583
339.1895 -32.77602
339.1949 -32.83811
339.2004 -32.90073
339.1989 -33.03416
>           South Atlantic Ocean: SOUTH AMERICA PLATE, set 01 isochron: 13
336.6357 -33.40162
336.6526 -33.50613
336.6688 -33.59956
336.6842 -33.67955
336.7002 -33.75192
336.7148 -33.82077
336.7286 -33.88840
336.7411 -33.95428
>           South Atlantic Ocean: SOUTH AMERICA PLATE, set 01 isochron: 13
334.2587 -36.75211
334.2705 -36.82176
334.2782 -36.89140
334.2859 -36.96211
334.2943 -37.03551
334.3062 -37.10883
334.3153 -37.18431
334.3216 -37.26250
334.3253 -37.35005
334.3263 -37.43919
334.3237 -37.52495
334.3189 -37.60233
334.3155 -37.67686
334.3163 -37.75403
334.3151 -37.83225
334.3104 -37.91042
334.3042 -37.98740
334.3036 -38.06590
334.3121 -38.14809
334.3206 -38.23128
334.3333 -38.31435
334.3452 -38.39186
334.3620 -38.46381
334.3710 -38.53136
334.3704 -38.60165
334.3649 -38.67627
334.3595 -38.75299
334.3589 -38.82631
334.3590 -38.89902
334.3639 -38.97324
334.3703 -39.05653
334.3747 -39.14410
334.3771 -39.23805
334.3829 -39.32594
334.3921 -39.40508
334.4011 -39.46960
334.4082 -39.54431
334.4055 -39.61899
334.3931 -39.69312
334.4022 -39.76537
334.3947 -39.83554
334.3912 -39.89922
334.3858 -39.91850
>           South Atlantic Ocean: SOUTH AMERICA PLATE, set 01 isochron: 13
334.6664 -41.02306
334.6771 -41.11325
334.6884 -41.19499
334.7045 -41.26929
334.7191 -41.34138
334.7401 -41.41650
334.7534 -41.48952
334.7625 -41.55830
334.7681 -41.68378
334.7806 -41.74664
>           South Atlantic Ocean: SOUTH AMERICA PLATE, set 01 isochron: 13
333.6139 -41.85796
333.6020 -41.97560
333.5962 -42.07397
333.5999 -42.15715
333.6084 -42.23654
333.6253 -42.32196
333.6470 -42.40469
333.6646 -42.48578
333.6794 -42.56422
333.6872 -42.64618
333.6944 -42.72702
333.6981 -42.80728
333.7065 -42.88383
333.7219 -42.95667
333.7373 -43.02737
333.7478 -43.09650
333.7494 -43.17018
333.7537 -43.24884
333.7616 -43.33350
>           South Atlantic Ocean: SOUTH AMERICA PLATE, set 01 isochron: 13
334.0361 -45.45840
334.0288 -45.60268
334.0281 -45.72533
334.0342 -45.82779
334.0415 -45.91743
334.0446 -46.00262
334.0428 -46.08046
334.0375 -46.15721
334.0294 -46.23822
334.0214 -46.32104
334.0168 -46.40038
334.0170 -46.47336
>           South Atlantic Ocean: SOUTH AMERICA PLATE, set 01 isochron: 13
334.2002 -43.44881
334.2159 -43.61613
334.2271 -43.74757
334.2331 -43.83911
334.2297 -43.91093
334.2167 -44.04535
334.2140 -44.10944
>           South Atlantic Ocean: SOUTH AMERICA PLATE, set 01 isochron: 13
334.3901 -44.75714
334.4062 -44.82814
334.4202 -44.90158
334.4336 -44.97739
334.4436 -45.05362
334.4507 -45.12732
334.4536 -45.19849
334.4495 -45.26767
334.4393 -45.33875
334.4228 -45.41179
>           South Atlantic Ocean: SOUTH AMERICA PLATE, set 01 isochron: 13
335.6505 -46.75510
335.6549 -46.83366
335.6606 -46.90881
335.6698 -46.98146
335.6832 -47.05447
335.6993 -47.12830
335.7155 -47.20203
335.7289 -47.27190
335.7394 -47.34074
335.7486 -47.40858
335.7543 -47.47681
335.7586 -47.54260
335.7580 -47.60649
335.7588 -47.67308
335.7583 -47.74428
335.7607 -47.82050
335.7602 -47.89664
335.7590 -47.97227
>           South Atlantic Ocean: SOUTH AMERICA PLATE, set 01 isochron: 13
339.4647 -48.63992
339.4775 -48.72571
339.4897 -48.80727
339.5024 -48.88460
339.5145 -48.96136
339.5294 -49.03752
339.5449 -49.11357
339.5569 -49.18498
339.5661 -49.25221
339.5739 -49.31708
339.5837 -49.38411
339.5937 -49.45827
339.6044 -49.53867
339.6187 -49.62250
339.6364 -49.70706
339.6520 -49.78793
339.6697 -49.86641
339.6873 -49.93800
339.7131 -50.00591
339.7383 -50.06967
339.7850 -50.19337
339.8101 -50.31203
339.8214 -50.43755
339.8347 -50.50214
339.8835 -50.62080
>           South Atlantic Ocean: SOUTH AMERICA PLATE, set 01 isochron: 13
341.8622 -50.52902
341.8777 -50.65643
341.8915 -50.75775
341.9050 -50.83511
341.9156 -50.90222
341.9277 -50.97580
341.9412 -51.05322
341.9561 -51.13310
341.9710 -51.20851
341.9824 -51.28076
341.9931 -51.35504
342.0060 -51.43741
342.0217 -51.52744
342.0333 -51.61475
342.0365 -51.69461
342.0326 -51.76489
342.0356 -51.83586
342.0462 -51.90967
342.0674 -51.98674
342.0836 -52.06113
342.0972 -52.13499
342.1072 -52.21045
342.1207 -52.28578
342.1308 -52.35805
342.1352 -52.42593
342.1382 -52.49290
342.1453 -52.55978
>           South Atlantic Ocean: SOUTH AMERICA PLATE, set 01 isochron: 13
343.3439 -52.51460
343.3857 -52.64273
343.4184 -52.74463
343.4465 -52.82111
343.4710 -52.88942
343.4964 -52.96263
343.5197 -53.04370
343.5416 -53.12755
343.5706 -53.21288
343.5946 -53.29266
343.6186 -53.36731
343.6334 -53.43774
343.6503 -53.50597
343.6875 -53.63507
343.7051 -53.69843
343.7191 -53.76337
343.7667 -53.88710
343.7977 -54.01459
343.8119 -54.08722
343.8310 -54.16292
343.8570 -54.23401
343.8760 -54.30174
343.8977 -54.36488
343.9146 -54.42836
343.9182 -54.48941
343.9031 -54.55011
>           South Atlantic Ocean: SOUTH AMERICA PLATE, set 02 isochron: 13
348.2317 -55.86531
348.1843 -55.98230
348.1441 -56.08243
348.1113 -56.16597
348.0819 -56.24042
348.0511 -56.31509
348.0161 -56.38887
347.9707 -56.46144
347.9168 -56.53204
>           South Atlantic Ocean: SOUTH AMERICA PLATE, set 02 isochron: 13
337.5160 -58.42303
337.4730 -58.50641
337.4183 -58.59554
337.3477 -58.69066
337.2660 -58.78816
337.1798 -58.88371
>           South Atlantic Ocean: AFRICA PLATE, set 02 isochron: 13
354.9684  -4.65380
355.0072  -4.82042
355.0348  -4.96139
355.0508  -5.05306
355.0618  -5.13088
355.0788  -5.17244
>           South Atlantic Ocean: AFRICA PLATE, set 02 isochron: 13
352.4187  -6.87378
352.4780  -7.08316
352.5266  -7.24622
352.5629  -7.36568
352.5922  -7.46510
352.6200  -7.55968
352.6464  -7.64387
352.6734  -7.71972
352.7032  -7.79483
352.7378  -7.87405
352.7718  -7.95533
352.8058  -8.04142
352.8370  -8.12891
352.8676  -8.21845
352.8919  -8.30321
352.9113  -8.38316
352.9299  -8.45896
352.9472  -8.53406
352.9666  -8.61121
352.9839  -8.69179
353.0033  -8.77166
353.0220  -8.85428
353.0414  -8.94032
353.0596  -9.03668
353.0784  -9.13165
353.0972  -9.22108
353.1180  -9.29945
353.1387  -9.37366
>           South Atlantic Ocean: AFRICA PLATE, set 02 isochron: 13
352.0081 -13.21053
352.0316 -13.29454
352.0601 -13.37509
352.0934 -13.45625
352.1274 -13.53941
352.1545 -13.62466
352.1753 -13.70857
352.1912 -13.79249
352.2141 -13.87836
352.2371 -13.96217
352.2655 -14.04047
352.2856 -14.11678
352.3126 -14.19367
352.3396 -14.27394
352.3729 -14.35344
352.4014 -14.43700
352.4243 -14.52126
352.4451 -14.60417
352.4637 -14.67694
352.4845 -14.74831
352.5038 -14.82371
352.5261 -14.91187
352.5512 -15.00604
352.5811 -15.10282
352.6117 -15.19551
352.6382 -15.28214
352.6611 -15.36674
352.6805 -15.45135
352.6992 -15.53660
352.7152 -15.61916
>           South Atlantic Ocean: AFRICA PLATE, set 02 isochron: 13
353.5302 -16.70946
353.5516 -16.77475
353.5737 -16.84201
353.5916 -16.91063
353.6054 -16.98193
353.6219 -17.04652
353.6446 -17.10969
353.6757 -17.17009
353.7033 -17.23849
353.7310 -17.30820
353.7587 -17.38255
353.7934 -17.46546
353.8323 -17.55891
353.8720 -17.65767
353.9048 -17.74713
353.9319 -17.83459
353.9527 -17.92271
353.9757 -18.02009
353.9980 -18.10946
354.0229 -18.17755
354.0562 -18.25280
354.0877 -18.36778
354.1147 -18.45096
354.1474 -18.52876
354.1828 -18.61177
354.2203 -18.69737
354.2620 -18.78949
354.3030 -18.87630
354.3384 -18.95915
354.3675 -19.03410
354.3993 -19.09845
354.4379 -19.15084
>           South Atlantic Ocean: AFRICA PLATE, set 02 isochron: 13
354.9142 -19.32426
354.9439 -19.38849
354.9736 -19.45401
355.0027 -19.52347
355.0338 -19.59091
355.0649 -19.65832
355.1036 -19.72104
355.1403 -19.79030
355.1770 -19.86282
355.2012 -19.93935
355.2199 -20.01332
>           South Atlantic Ocean: AFRICA PLATE, set 02 isochron: 13
353.2404 -21.82119
353.2584 -21.89292
353.2792 -21.96332
353.3013 -22.03172
353.3255 -22.10201
353.3470 -22.17551
353.3657 -22.25483
353.3768 -22.33158
353.3810 -22.40578
353.3898 -22.46701
353.4331 -22.57173
353.4586 -22.63013
353.4807 -22.69176
353.5105 -22.76555
353.5236 -22.76028
>           South Atlantic Ocean: AFRICA PLATE, set 02 isochron: 13
353.9654 -25.33158
353.9946 -25.42083
354.0244 -25.49618
354.0555 -25.55762
354.0818 -25.61906
354.1053 -25.68552
354.1254 -25.75515
354.1406 -25.82475
354.1530 -25.89433
354.1627 -25.96580
354.1779 -26.03653
354.1987 -26.10968
354.2216 -26.18900
354.2425 -26.27520
354.2565 -26.36264
354.2698 -26.44503
354.2802 -26.52238
354.2975 -26.59714
354.3142 -26.66996
354.3377 -26.73646
354.3714 -26.84954
354.3968 -26.96690
354.4106 -27.03701
354.4286 -27.11451
354.4460 -27.19258
354.4606 -27.26753
354.4738 -27.33686
354.4883 -27.40550
354.5084 -27.48518
354.5378 -27.58699
354.5744 -27.70849
>           South Atlantic Ocean: AFRICA PLATE, set 02 isochron: 13
353.8144 -27.92054
353.8618 -28.02545
353.9071 -28.11863
353.9453 -28.19704
353.9758 -28.26563
353.9980 -28.33485
354.0174 -28.40772
354.0362 -28.48668
354.0564 -28.56374
354.0765 -28.64013
354.0987 -28.71337
354.1237 -28.79084
354.1515 -28.87187
354.1794 -28.96078
354.2053 -29.04964
354.2318 -29.13720
354.2611 -29.22526
354.2905 -29.32234
354.3199 -29.42664
354.3472 -29.52358
354.3764 -29.60468
354.4013 -29.67297
354.4518 -29.79853
354.4830 -29.86420
354.5135 -29.93711
354.5489 -30.00751
354.5835 -30.07788
354.6161 -30.14577
354.6390 -30.21673
354.6625 -30.28281
354.6888 -30.34582
354.7255 -30.40328
354.7573 -30.46675
354.7933 -30.53316
354.8266 -30.60674
354.8648 -30.68147
>           South Atlantic Ocean: AFRICA PLATE, set 02 isochron: 13
350.4945 -34.64679
350.5488 -34.81293
350.5863 -34.94651
350.6074 -35.04406
350.6214 -35.12154
350.6360 -35.19779
350.6507 -35.28022
350.6676 -35.37278
350.6825 -35.46639
350.6952 -35.55428
350.7071 -35.63524
350.7273 -35.71606
350.7559 -35.80010
350.7901 -35.88235
350.8242 -35.96112
350.8597 -36.03472
350.8931 -36.11219
350.9251 -36.19635
350.9496 -36.28723
350.9727 -36.37466
350.9896 -36.45643
351.0112 -36.53526
351.0307 -36.61349
351.0537 -36.68880
351.0697 -36.75740
351.0836 -36.82150
351.0960 -36.88663
351.1120 -36.95728
351.1316 -37.03561
351.1539 -37.11440
351.1748 -37.18979
351.2019 -37.25786
351.2234 -37.32422
351.2732 -37.44290
351.3251 -37.56468
351.3481 -37.63902
351.3649 -37.71668
351.3885 -37.79145
351.4171 -37.86610
351.4505 -37.94227
351.4832 -38.01619
351.5138 -38.08565
351.5423 -38.15181
>           South Atlantic Ocean: AFRICA PLATE, set 02 isochron: 13
351.7300 -38.18489
351.7502 -38.25749
351.7732 -38.33334
351.7983 -38.41182
351.8185 -38.48807
351.8339 -38.55994
351.8582 -38.69530
351.8701 -38.76859
351.8827 -38.84776
351.8995 -38.92737
351.9177 -39.00203
351.9323 -39.07227
351.9483 -39.13976
351.9657 -39.20930
351.9914 -39.28087
352.0137 -39.35185
352.0366 -39.42009
352.0561 -39.48558
352.0741 -39.55264
352.0901 -39.62071
352.1006 -39.68770
352.1089 -39.75198
>           South Atlantic Ocean: AFRICA PLATE, set 02 isochron: 13
350.8941 -40.03531
350.9661 -40.22897
351.0198 -40.37587
351.0605 -40.47165
351.0890 -40.54033
351.1202 -40.60570
351.1425 -40.67267
351.1737 -40.73793
351.2070 -40.80312
351.2535 -40.87129
351.2994 -40.94624
351.3530 -41.02525
351.4052 -41.09947
351.4539 -41.16838
351.4935 -41.23463
351.5283 -41.30403
351.5624 -41.37335
351.5965 -41.44107
>           South Atlantic Ocean: AFRICA PLATE, set 02 isochron: 13
351.9958 -41.40994
352.0785 -41.55431
352.1423 -41.67053
352.1871 -41.76486
352.2242 -41.85335
352.2620 -41.94743
352.2998 -42.04089
352.3474 -42.13463
352.3963 -42.22668
352.4458 -42.31190
352.4828 -42.38835
352.5175 -42.45750
352.5508 -42.52354
352.5849 -42.58743
352.6093 -42.65082
352.6280 -42.71468
352.6433 -42.78004
352.6621 -42.84837
352.6810 -42.91968
352.7012 -42.99141
352.7235 -43.06203
352.7486 -43.13152
352.7778 -43.20142
352.8105 -43.27222
352.8474 -43.34445
352.8871 -43.41855
352.9268 -43.49159
352.9644 -43.56454
352.9980 -43.64244
353.0288 -43.72682
353.0603 -43.81613
353.0911 -43.90030
353.1233 -43.98082
353.1498 -44.05775
353.1765 -44.13609
353.2017 -44.21487
>           South Atlantic Ocean: AFRICA PLATE, set 02 isochron: 13
353.8445 -44.16995
353.9048 -44.23489
353.9591 -44.30580
354.0078 -44.38264
354.0497 -44.45796
354.0866 -44.53023
354.1165 -44.59947
354.1452 -44.67262
354.1766 -44.74860
354.2143 -44.82990
354.2569 -44.91101
354.2974 -44.99156
354.3316 -45.06613
354.3581 -45.13722
354.3839 -45.20676
354.4097 -45.27766
354.4383 -45.34944
354.4648 -45.41920
354.4927 -45.48936
354.5240 -45.55840
354.5575 -45.62834
354.5930 -45.69476
354.6229 -45.76068
354.6528 -45.82600
354.6779 -45.89178
354.7023 -45.95657
>           South Atlantic Ocean: AFRICA PLATE, set 02 isochron: 13
358.1455 -45.58784
358.2415 -45.74808
358.3187 -45.87668
358.3706 -45.96890
358.4006 -46.03931
358.4222 -46.10342
358.4396 -46.16843
358.4648 -46.23813
358.4934 -46.31444
358.5332 -46.39252
358.5778 -46.46852
358.6314 -46.54434
358.6927 -46.62337
358.7507 -46.70752
358.7989 -46.78830
358.8344 -46.85811
358.8926 -46.95905
358.9426 -47.07260
358.9767 -47.14203
359.0171 -47.21227
359.0609 -47.28191
359.1021 -47.35291
359.1447 -47.42664
359.1866 -47.50264
>           South Atlantic Ocean: AFRICA PLATE, set 02 isochron: 13
  1.1710 -47.36667
  1.2196 -47.42899
  1.2710 -47.49123
  1.3231 -47.55762
  1.3768 -47.62956
  1.4312 -47.70753
>           South Atlantic Ocean: AFRICA PLATE, set 02 isochron: 13
  2.3138 -49.36090
  2.3920 -49.45815
  2.4549 -49.54498
  2.5100 -49.62271
  2.5727 -49.70070
  2.6473 -49.78253
  2.7206 -49.86557
  2.7896 -49.94403
  2.8558 -50.02103
  2.9234 -50.09702
  2.9854 -50.17157
  3.0412 -50.24249
  3.0941 -50.31242
  3.1478 -50.38269
  3.2022 -50.45419
  3.2468 -50.52165
  3.2914 -50.58638
  3.3296 -50.64664
  3.3797 -50.70984
  3.4264 -50.77867
  3.4788 -50.85747
  3.5272 -50.94238
>           South Atlantic Ocean: AFRICA PLATE, set 02 isochron: 13
  6.7111 -51.18636
  6.7957 -51.24426
  6.8797 -51.30426
  6.9665 -51.36766
  7.0575 -51.43182
  7.1521 -51.49673
>           South Atlantic Ocean: AFRICA PLATE, set 02 isochron: 13
  7.8246 -51.85013
  7.9334 -51.90794
  8.0451 -51.95967
  8.1511 -52.00491
  8.2350 -52.05023
  8.2960 -52.09821
>           South Atlantic Ocean: AFRICA PLATE, set 02 isochron: 13??
352.8961  -9.50004
352.9161  -9.57281
352.9375  -9.64832
352.9556  -9.73349
352.9709  -9.83241
352.9822  -9.93479
352.9954 -10.02888
353.0121 -10.11259
353.0328 -10.19210
353.0536 -10.27161
353.0668 -10.34774
353.0722 -10.42050
>           South Atlantic Ocean: ANTARCTICA PLATE, set 03 isochron: 13
351.3523 -59.35242
351.2466 -59.44556
351.1404 -59.52837
351.0408 -59.59789
350.9438 -59.65533
350.8482 -59.70670
350.7468 -59.75485
>           South Atlantic Ocean: ANTARCTICA PLATE, set 03 isochron: 13
345.0410 -61.38934
344.8940 -61.48732
344.7477 -61.57646
344.6022 -61.65681
>           South Atlantic Ocean: ANTARCTICA PLATE, set 03 isochron: 13
336.8699 -61.99362
336.7202 -62.06114
336.5763 -62.12587
336.4476 -62.18811
336.3382 -62.24852
336.2447 -62.30913
>           South Atlantic Ocean: ANTARCTICA PLATE, set 03 isochron: 13
332.6103 -63.36729
332.3772 -63.42508
332.1775 -63.47377
332.0164 -63.51288
331.8767 -63.54935
>           South Atlantic Ocean: ANTARCTICA PLATE, set 03 isochron: 13
329.9269 -63.48810
329.7695 -63.52139
329.6195 -63.55455
329.4793 -63.58826
329.3439 -63.62006
329.2097 -63.64748
329.0747 -63.66989
>           South Atlantic Ocean: ANTARCTICA PLATE, set 03 isochron: 13
326.8408 -64.10884
326.6813 -64.14050
326.5237 -64.17239
326.3675 -64.20271
326.2134 -64.23659
326.0662 -64.26921
325.9279 -64.30083
325.7957 -64.32814
>           South Atlantic Ocean: ANTARCTICA PLATE, set 03 isochron: 13
324.3258 -64.53671
324.1044 -64.61644
323.9041 -64.69398
>           South Atlantic Ocean: ANTARCTICA PLATE, set 03 isochron: 13
321.4178 -64.66153
321.1529 -64.69286
320.9278 -64.71957
320.7409 -64.74374
320.5804 -64.76810
320.4227 -64.79478
320.2746 -64.82024
320.1273 -64.84360
319.9785 -64.86520
319.8200 -64.88766
319.6552 -64.91124
>           South Atlantic Ocean: ANTARCTICA PLATE, set 03 isochron: 13
317.1883 -64.59610
317.3356 -64.56305
317.4954 -64.53462
317.6675 -64.51079
>           South Atlantic Ocean: ANTARCTICA PLATE, set 03 isochron: 13
313.8142 -64.19682
313.9885 -64.15044
314.1560 -64.10812
>           South Atlantic Ocean: ANTARCTICA PLATE, set 03 isochron: 13??
315.4157 -64.33397
315.5563 -64.30966
315.6953 -64.28104
315.8326 -64.24812
>           South Atlantic Ocean: ANTARCTICA PLATE, set 03 isochron: 13??
314.6203 -64.32541
314.7607 -64.29588
314.9029 -64.26625
>           Indian Ocean: AFRICA PLATE, set 03 isochron: 13
 20.9818 -50.35164
 21.0895 -50.36838
 21.1965 -50.38551
 21.3071 -50.40350
 21.4218 -50.42899
 21.5387 -50.45667
 21.6508 -50.49054
 21.7587 -50.52089
 21.8681 -50.55431
 21.9864 -50.58414
 22.1137 -50.61610
 22.2432 -50.64667
 22.3664 -50.67551
 22.4839 -50.70303
 22.5994 -50.72794
 22.7156 -50.75499
 22.8290 -50.77589
 22.9465 -50.79413
 23.0674 -50.80841
 23.1918 -50.82788
 23.3065 -50.85313
 23.4124 -50.88367
 23.5114 -50.91685
>           Indian Ocean: AFRICA PLATE, set 03 isochron: 13
 56.1541 -31.43344
 56.3287 -31.44701
 56.4972 -31.46396
>           Indian Ocean: AFRICA PLATE, set 03 isochron: 13
 51.9953 -34.81207
 52.1560 -34.79548
 52.3195 -34.77982
>           Indian Ocean: AFRICA PLATE, set 03 isochron: 13
 49.1422 -35.66275
 49.3030 -35.67857
 49.4611 -35.69315
 49.6164 -35.70649
>           Indian Ocean: AFRICA PLATE, set 03 isochron: 13
 47.6919 -36.34741
 47.9137 -36.37353
 48.1287 -36.39596
>           Indian Ocean: AFRICA PLATE, set 03 isochron: 13
 45.3351 -37.99287
 45.4986 -37.99449
 45.6622 -38.00316
 45.8258 -38.01508
 45.9908 -38.02318
 46.1558 -38.02794
 46.3207 -38.03314
>           Indian Ocean: AFRICA PLATE, set 04 isochron: 13
 62.3359 -23.57365
 62.4277 -23.69566
 62.5238 -23.81376
 62.6241 -23.92792
>           Indian Ocean: AFRICA PLATE, set 04 isochron: 13
 62.4886 -24.37458
 62.5694 -24.50790
 62.6572 -24.64235
 62.7520 -24.77794
>           Indian Ocean: ANTARCTICA PLATE, set 04 isochron: 13
  1.8467 -55.98822
  2.0231 -56.08133
  2.1762 -56.15771
  2.3034 -56.21394
  2.4179 -56.26089
  2.5317 -56.30545
>           Indian Ocean: ANTARCTICA PLATE, set 04 isochron: 13
  2.7863 -56.20334
  2.8910 -56.25925
  2.9903 -56.31203
  3.0825 -56.35973
  3.1588 -56.40820
  3.2380 -56.45854
  3.3214 -56.51265
>           Indian Ocean: ANTARCTICA PLATE, set 04 isochron: 13
  9.7095 -54.21815
  9.8752 -54.28114
 10.0258 -54.34038
 10.1591 -54.39233
 10.2722 -54.44107
 10.3707 -54.48502
 10.4567 -54.52774
>           Indian Ocean: ANTARCTICA PLATE, set 04 isochron: 13
 11.8568 -54.15909
 12.0093 -54.22261
 12.1412 -54.27919
 12.2612 -54.32361
 12.3721 -54.36519
 12.4968 -54.40424
 12.6230 -54.44966
 12.7542 -54.49742
>           Indian Ocean: ANTARCTICA PLATE, set 04 isochron: 13
 13.8651 -54.92186
 14.0057 -54.97231
 14.1382 -55.01830
 14.2622 -55.05907
 14.3786 -55.09747
 14.4902 -55.13428
 14.5941 -55.17307
 14.6933 -55.21498
>           Indian Ocean: ANTARCTICA PLATE, set 04 isochron: 13
 19.2442 -55.12695
 19.3724 -55.18036
 19.4986 -55.23091
 19.6270 -55.27583
 19.7588 -55.31706
>           Indian Ocean: ANTARCTICA PLATE, set 04 isochron: 13
 60.1322 -32.69988
 60.2909 -32.69402
 60.4551 -32.69506
 60.6250 -32.70297
>           Indian Ocean: ANTARCTICA PLATE, set 04 isochron: 13
 55.6054 -36.01583
 55.7800 -36.00960
 55.9504 -35.99874
 56.1166 -35.98326
>           Indian Ocean: ANTARCTICA PLATE, set 04 isochron: 13
 48.3036 -40.74217
 48.4561 -40.73587
 48.6092 -40.73003
 48.7623 -40.72202
 48.9147 -40.71127
>           Indian Ocean: ANTARCTICA PLATE, set 04 isochron: 13
 50.1929 -40.61130
 50.3856 -40.63495
 50.5728 -40.65320
 50.7545 -40.66603
>           Indian Ocean: ANTARCTICA PLATE, set 04 isochron: 13??
 56.3839 -35.74879
 56.5862 -35.73851
 56.7733 -35.72583
 56.9450 -35.71085
>           Indian Ocean: ANTARCTICA PLATE, set 05 isochron: 13
 64.0761 -31.61019
 64.1689 -31.75500
 64.2676 -31.88317
 64.3720 -31.99467
>           Indian Ocean: ANTARCTICA PLATE, set 05 isochron: 13
 63.8522 -33.09532
 63.9749 -33.21580
 64.1089 -33.33737
 64.2470 -33.45934
 64.3742 -33.58224
 64.4827 -33.70437
>           Indian Ocean: ANTARCTICA PLATE, set 05 isochron: 13
 66.3422 -34.87101
 66.5500 -35.05257
 66.7301 -35.20977
 66.8843 -35.33594
 67.0218 -35.44598
 67.1650 -35.54514
 67.3095 -35.64697
 67.4505 -35.74865
 67.5818 -35.86253
 67.7006 -35.98129
 67.8083 -36.10488
 67.9071 -36.22717
>           Indian Ocean: ANTARCTICA PLATE, set 05 isochron: 13
 67.3167 -37.51121
 67.4397 -37.60432
 67.5706 -37.69074
>           Indian Ocean: ANTARCTICA PLATE, set 05 isochron: 13
 67.6215 -39.00105
 67.8004 -39.15611
 67.9688 -39.28877
 68.1257 -39.40341
 68.2771 -39.50813
 68.4243 -39.61804
 68.5694 -39.72563
 68.7096 -39.83784
 68.8478 -39.94933
 68.9827 -40.06331
>           Indian Ocean: ANTARCTICA PLATE, set 05 isochron: 13
 68.3988 -40.56650
 68.6523 -40.77464
 68.8738 -40.94537
 69.0576 -41.07932
 69.2249 -41.19096
 69.3803 -41.30234
 69.5261 -41.41399
 69.6586 -41.53114
 69.7871 -41.64963
 69.9143 -41.76848
>           Indian Ocean: ANTARCTICA PLATE, set 05 isochron: 13
 71.9089 -47.54866
 72.0915 -47.65656
 72.2716 -47.76605
 72.4489 -47.87994
 72.6255 -47.99915
 72.8034 -48.12320
 72.9807 -48.24971
 73.1524 -48.37636
 73.3186 -48.50038
 73.4731 -48.62036
 73.6165 -48.73727
 73.7496 -48.85251
 73.8854 -48.96706
 74.0261 -49.08000
 74.1713 -49.19182
>           Indian Ocean: ANTARCTICA PLATE, set 05 isochron: 13
 87.7271 -55.05081
 87.9354 -55.12860
 88.1429 -55.19826
 88.3525 -55.26538
 88.5675 -55.33160
 88.7881 -55.40405
 89.0101 -55.47360
 89.2335 -55.54424
 89.4555 -55.61040
 89.6741 -55.67801
 89.8879 -55.74040
 90.1016 -55.80740
 90.3208 -55.87624
 90.5433 -55.95309
 90.7625 -56.02823
 90.9762 -56.10130
 91.1893 -56.16917
 91.4062 -56.23531
>           Indian Ocean: ANTARCTICA PLATE, set 05 isochron: 13
 94.5821 -56.32150
 94.7919 -56.38837
 95.0089 -56.45964
 95.2322 -56.53114
 95.4616 -56.60941
 95.6898 -56.68066
 95.9188 -56.74988
 96.1451 -56.80872
 96.3686 -56.86781
 96.5872 -56.92790
 96.8029 -56.99620
 97.0179 -57.06818
 97.2363 -57.14265
 97.4604 -57.21329
 97.6899 -57.28337
 97.9189 -57.34958
 98.1436 -57.41939
 98.3642 -57.49051
 98.5838 -57.56587
>           Indian Ocean: ANTARCTICA PLATE, set 05 isochron: 13
100.6351 -57.42458
100.8584 -57.47655
101.0841 -57.52385
101.3106 -57.56657
101.5170 -57.60876
101.7012 -57.65527
101.8680 -57.70287
102.0604 -57.75017
102.2758 -57.79340
102.5085 -57.83728
102.7335 -57.88292
102.9530 -57.93069
103.1693 -57.97899
>           Indian Ocean: ANTARCTICA PLATE, set 05 isochron: 13
105.3969 -58.62811
105.6285 -58.67479
105.8591 -58.71729
106.0890 -58.75754
106.3230 -58.80098
106.5597 -58.85013
106.8004 -58.90529
107.0405 -58.96286
107.2792 -59.01997
107.5111 -59.07373
107.7385 -59.12512
>           Indian Ocean: ANTARCTICA PLATE, set 05 isochron: 13
109.9732 -58.79385
110.2249 -58.83647
110.4770 -58.87634
110.7230 -58.91139
110.9616 -58.94189
>           Indian Ocean: ANTARCTICA PLATE, set 05 isochron: 13
111.8083 -58.97653
112.0886 -59.00945
112.3567 -59.04092
112.6097 -59.07156
112.8522 -59.09969
113.0907 -59.12563
113.3306 -59.14734
113.5719 -59.16689
113.8182 -59.18111
114.0666 -59.19177
114.3198 -59.19749
114.5743 -59.20886
114.8280 -59.22449
115.0782 -59.24860
115.3257 -59.27057
115.5594 -59.29175
115.7551 -59.30812
115.8886 -59.31903
116.0193 -59.33739
116.1555 -59.34734
116.2815 -59.34521
116.4340 -59.37816
116.5529 -59.38205
116.5868 -59.38670
>           Indian Ocean: ANTARCTICA PLATE, set 05 isochron: 13
117.5073 -58.67554
117.7874 -58.71214
118.0567 -58.74582
118.3060 -58.77890
118.5469 -58.81267
118.7948 -58.84579
119.0601 -58.87468
119.3341 -58.89461
119.5969 -58.91185
119.8529 -58.92697
120.1012 -58.94348
120.3509 -58.95854
120.5917 -58.97389
120.8263 -58.98599
121.0567 -58.99699
121.2878 -59.00586
121.5211 -59.01654
121.7598 -59.02689
122.0061 -59.03836
122.2635 -59.05096
122.5217 -59.06247
122.7772 -59.07074
123.0223 -59.07822
123.2652 -59.08676
123.5054 -59.09460
123.7500 -59.09639
123.9933 -59.09462
124.2397 -59.09750
124.4826 -59.10855
124.7245 -59.12740
124.9643 -59.14876
125.2063 -59.17151
125.4517 -59.19394
125.6959 -59.21098
125.9375 -59.22127
126.1751 -59.22374
126.4120 -59.22404
126.6511 -59.22403
126.8908 -59.22438
127.1319 -59.22508
127.3696 -59.22327
127.6080 -59.22040
127.8561 -59.21623
128.1187 -59.21428
128.3938 -59.21271
128.6627 -59.21071
128.9246 -59.21043
129.1753 -59.21294
129.4245 -59.22009
129.6559 -59.22282
129.8770 -59.22054
130.0837 -59.21214
130.3067 -59.21066
130.5399 -59.21953
130.7888 -59.23695
131.0358 -59.25296
131.2823 -59.26079
131.5255 -59.26184
131.7667 -59.25829
132.0128 -59.25336
132.2631 -59.24741
132.5225 -59.23935
132.7769 -59.23232
133.0272 -59.22380
133.2658 -59.21562
133.5030 -59.20457
133.7409 -59.19496
133.9815 -59.18713
134.2221 -59.18109
134.4642 -59.17079
134.7099 -59.15517
134.9564 -59.13420
135.1967 -59.11351
135.4293 -59.09242
135.6598 -59.07275
135.8953 -59.04953
136.1371 -59.02457
136.3804 -58.99562
136.6214 -58.96809
136.8582 -58.94409
137.0950 -58.92368
137.3303 -58.90500
137.5665 -58.88235
137.7998 -58.86079
138.0372 -58.84140
138.2792 -58.83066
138.5274 -58.82495
138.7727 -58.82315
139.0117 -58.82170
139.2453 -58.81949
139.4781 -58.81728
139.7129 -58.81795
139.9476 -58.82361
140.1816 -58.83302
>           Indian Ocean: ANTARCTICA PLATE, set 05 isochron: 13
172.3591 -69.16968
172.5899 -69.05328
172.8107 -68.93564
173.0257 -68.81584
173.2283 -68.69156
173.4291 -68.56175
173.6203 -68.42813
173.8099 -68.29579
173.9911 -68.16626
174.1737 -68.03778
174.3571 -67.90860
174.5445 -67.77791
174.7243 -67.64616
174.8930 -67.51418
175.0505 -67.38303
175.2023 -67.25865
175.3379 -67.15196
175.4378 -67.07703
175.5117 -67.01472
175.5920 -66.95247
175.6821 -66.89227
175.7596 -66.83353
175.9733 -66.70773
176.1672 -66.59787
176.3889 -66.47495
176.6102 -66.35202
176.8264 -66.22940
>           Indian Ocean: AUSTRALIA PLATE, set 02 isochron: 13
 78.3176 -21.17263
 78.4540 -21.25061
 78.5926 -21.32918
 78.7394 -21.40774
 78.8849 -21.48817
 79.0373 -21.57249
 79.1889 -21.66389
 79.3460 -21.76041
 79.4982 -21.86588
 79.6449 -21.97254
 79.7840 -22.07781
 79.9190 -22.17395
 80.0513 -22.25906
 80.1692 -22.32922
 80.2588 -22.38310
 80.3208 -22.42780
>           Indian Ocean: AUSTRALIA PLATE, set 02 isochron: 13
 80.3061 -24.40569
 80.4339 -24.52038
 80.5584 -24.62484
 80.6824 -24.70895
 80.8057 -24.78670
 80.9388 -24.85433
 81.0787 -24.93143
 81.2256 -25.00787
 81.3662 -25.09241
 81.5048 -25.16872
 81.6454 -25.24499
 81.7945 -25.31679
>           Indian Ocean: AUSTRALIA PLATE, set 02 isochron: 13
 81.6805 -25.57083
 81.8340 -25.66013
 81.9835 -25.74929
 82.1263 -25.82894
 82.2655 -25.91230
 82.4047 -25.98996
 82.5481 -26.06822
 82.6902 -26.14265
 82.8309 -26.21079
 82.9660 -26.28635
 83.0998 -26.35188
 83.2253 -26.42231
 83.3397 -26.48827
 83.4423 -26.56410
>           Indian Ocean: AUSTRALIA PLATE, set 02 isochron: 13
 83.0128 -27.32708
 83.2053 -27.47326
 83.3767 -27.59627
 83.5297 -27.69503
 83.6745 -27.77950
 83.8227 -27.85900
 83.9730 -27.94151
 84.1260 -28.02459
 84.2859 -28.11255
 84.4516 -28.19855
>           Indian Ocean: AUSTRALIA PLATE, set 02 isochron: 13
 97.4123 -34.26305
 97.5617 -34.33904
 97.7147 -34.41722
 97.8787 -34.49942
 98.0475 -34.57981
 98.2212 -34.66299
 98.3853 -34.74146
 98.5445 -34.82097
 98.6975 -34.89697
 98.8491 -34.98142
 98.9992 -35.06693
 99.1493 -35.16031
 99.3055 -35.25418
 99.4660 -35.35136
 99.6306 -35.44674
 99.7932 -35.53410
 99.9545 -35.61062
100.1111 -35.67573
100.2655 -35.74696
100.4219 -35.82716
100.5851 -35.91749
100.7540 -36.00210
100.9201 -36.07986
101.0793 -36.15356
101.2324 -36.22437
101.3813 -36.29342
101.5282 -36.35567
101.6732 -36.41559
>           Indian Ocean: AUSTRALIA PLATE, set 02 isochron: 13
102.6815 -37.22126
102.8833 -37.30856
103.0632 -37.39057
103.2231 -37.47072
103.3781 -37.55135
103.5434 -37.63527
103.7151 -37.71085
103.8854 -37.78304
104.0510 -37.84636
104.2130 -37.91508
104.3771 -37.98540
104.5383 -38.06383
104.6968 -38.14545
104.8477 -38.22368
104.9979 -38.30019
105.1516 -38.37444
105.3117 -38.45294
>           Indian Ocean: AUSTRALIA PLATE, set 02 isochron: 13
105.3532 -38.68291
105.5234 -38.75154
105.6875 -38.81618
105.8441 -38.87909
105.9965 -38.93976
106.1488 -39.00256
106.3062 -39.05833
106.4690 -39.11244
106.6348 -39.15897
106.7999 -39.20480
>           Indian Ocean: AUSTRALIA PLATE, set 02 isochron: 13
109.6163 -38.43289
109.7859 -38.48871
109.9598 -38.54388
110.1400 -38.59682
110.3245 -38.64635
>           Indian Ocean: AUSTRALIA PLATE, set 02 isochron: 13
111.6887 -38.65240
111.8552 -38.67442
112.0183 -38.70010
112.1779 -38.73224
112.3347 -38.76762
112.4964 -38.79868
112.6645 -38.81949
112.8395 -38.83109
113.0138 -38.84483
113.1824 -38.86557
113.3462 -38.89442
113.5059 -38.92108
113.6655 -38.94502
113.8315 -38.96523
114.0077 -38.99034
114.1929 -39.02301
114.3724 -39.06532
114.5416 -39.11188
114.7059 -39.15897
114.8744 -39.20119
115.0478 -39.23695
115.2165 -39.26350
115.3796 -39.28732
115.5420 -39.31439
115.7091 -39.35005
115.8797 -39.39377
116.0461 -39.44011
116.2069 -39.48906
116.3678 -39.53265
116.5370 -39.57628
116.7166 -39.60976
116.8990 -39.64319
117.0753 -39.66748
117.2434 -39.68799
117.4031 -39.70256
117.5594 -39.71820
117.7122 -39.73808
117.8643 -39.75999
>           Indian Ocean: AUSTRALIA PLATE, set 02 isochron: 13
117.9952 -39.75575
118.1402 -39.78853
118.2818 -39.81531
118.4201 -39.83354
118.5632 -39.84909
118.7105 -39.86095
118.8627 -39.87175
119.0164 -39.87776
119.1727 -39.88696
119.3311 -39.89777
119.4909 -39.90910
119.6507 -39.91663
>           Indian Ocean: AUSTRALIA PLATE, set 02 isochron: 13
120.1024 -39.56763
120.2697 -39.58562
120.4398 -39.60243
120.6127 -39.61803
>           Indian Ocean: AUSTRALIA PLATE, set 02 isochron: 13
123.7608 -39.16542
123.9236 -39.16806
124.0883 -39.17332
124.2571 -39.18562
124.4231 -39.20381
124.5876 -39.22626
124.7467 -39.24438
124.9043 -39.26138
125.0648 -39.27843
125.2327 -39.30202
125.4138 -39.32838
125.6031 -39.35805
125.7952 -39.38663
125.9791 -39.41078
126.1494 -39.42302
126.3102 -39.42122
126.4517 -39.41008
126.5621 -39.39597
126.6495 -39.38809
126.7472 -39.39218
126.8373 -39.38707
126.9232 -39.38461
127.0111 -39.39561
127.0915 -39.38934
127.2301 -39.38795
127.3541 -39.38750
127.5038 -39.38562
127.6654 -39.38007
127.8298 -39.37076
127.9976 -39.35814
>           Indian Ocean: AUSTRALIA PLATE, set 02 isochron: 13
132.2520 -39.61800
132.4486 -39.62793
132.6348 -39.63443
132.8148 -39.63924
132.9962 -39.64781
133.1825 -39.65269
133.3682 -39.65540
133.5503 -39.65700
133.7234 -39.66492
133.8881 -39.67653
134.0458 -39.69128
134.2028 -39.70604
134.3579 -39.71597
134.5206 -39.72064
134.6902 -39.72644
134.8694 -39.73926
135.0402 -39.75946
135.2062 -39.77480
135.3669 -39.77945
135.5354 -39.77240
135.7059 -39.76749
135.8783 -39.77167
136.0498 -39.78815
136.2213 -39.80836
136.3989 -39.83290
136.5773 -39.85690
136.7631 -39.88628
136.9449 -39.91243
137.1268 -39.93053
137.3034 -39.93672
>           Indian Ocean: AUSTRALIA PLATE, set 02 isochron: 13
150.3798 -53.15433
150.5935 -53.11894
150.8120 -53.07797
151.0369 -53.03156
151.2644 -52.98508
151.4858 -52.93640
151.6969 -52.88550
151.9038 -52.83076
152.1212 -52.77734
152.3537 -52.72565
152.5953 -52.67262
152.8362 -52.61952
153.0715 -52.56592
153.3033 -52.51431
153.5220 -52.46211
153.7344 -52.40898
153.9455 -52.35582
154.1718 -52.30441
154.4057 -52.25468
154.6387 -52.20697
154.8587 -52.15952
155.0695 -52.11497
155.2783 -52.07082
155.4906 -52.02791
155.7034 -51.98582
155.9142 -51.94795
156.1227 -51.91519
156.3312 -51.88454
156.5419 -51.85043
156.7527 -51.81075
156.9657 -51.76500
157.1773 -51.71664
157.3911 -51.66608
157.5819 -51.61740
157.7316 -51.57872
157.8631 -51.54546
158.0095 -51.50288
158.1106 -51.47421
158.2248 -51.44690
158.3300 -51.41777
>           Indian Ocean: AUSTRALIA PLATE, set 02 isochron: 13
160.1520 -49.55046
160.3404 -49.46626
160.5295 -49.38269
>           Indian Ocean: AUSTRALIA PLATE, set 02 isochron: 13??
128.4705 -39.41554
128.6400 -39.42471
128.8151 -39.43704
128.9999 -39.44890
129.1827 -39.45804
129.3648 -39.46231
129.5401 -39.46602
129.7202 -39.46548
129.9075 -39.45695
130.1059 -39.44102
130.3037 -39.42073
130.4966 -39.40578
130.6830 -39.39670
130.8701 -39.39352
131.0558 -39.39516
131.2372 -39.39995
131.4138 -39.40781
