>           Pacific Ocean: PACIFIC PLATE, set 06 isochron: 24
195.3321 -52.71581
195.4148 -52.66138
195.4960 -52.60564
195.5793 -52.54984
195.6737 -52.49736
195.7723 -52.44438
195.8743 -52.38963
195.9742 -52.32973
196.0741 -52.27228
196.1685 -52.21605
196.2615 -52.16188
196.3531 -52.10420
196.4454 -52.04517
196.5363 -51.98993
196.6167 -51.93933
196.6798 -51.89168
196.7249 -51.84224
>           Pacific Ocean: PACIFIC PLATE, set 06 isochron: 24
203.4167 -50.76163
203.4772 -50.69812
203.5474 -50.63548
203.6252 -50.57143
203.7071 -50.50330
203.7849 -50.43193
203.8640 -50.36092
203.9432 -50.29071
204.0307 -50.22038
204.1265 -50.14687
204.2307 -50.07141
204.3313 -49.99316
204.4264 -49.91791
204.5132 -49.84300
204.5937 -49.77199
204.6659 -49.70045
204.7311 -49.63104
204.7999 -49.56291
204.8686 -49.49423
204.9471 -49.42862
205.0172 -49.36154
205.0901 -49.29849
205.1519 -49.23213
205.2220 -49.16707
205.2922 -49.10149
205.3643 -49.04036
205.4393 -48.98193
205.5129 -48.92111
205.5976 -48.86072
205.6732 -48.80113
205.7517 -48.74884
205.8225 -48.69279
205.9045 -48.63394
205.9871 -48.56903
206.0655 -48.51096
206.1653 -48.43436
206.2174 -48.37379
206.2806 -48.31685
206.3480 -48.27054
206.3285 -48.25616
>           Pacific Ocean: PACIFIC PLATE, set 06 isochron: 24
213.1570 -49.19583
213.2681 -49.15036
213.3756 -49.10573
>           Pacific Ocean: PACIFIC PLATE, set 06 isochron: 24
220.6422 -48.94627
220.7047 -48.88040
>           Pacific Ocean: PACIFIC PLATE, set 09 isochron: 24
172.3670 -61.56987
172.4671 -61.52020
172.5809 -61.47615
172.7107 -61.43600
172.8495 -61.39647
172.9875 -61.35086
173.1226 -61.30081
>           Pacific Ocean: PACIFIC PLATE, set 09 isochron: 24
182.9338 -57.89348
183.0985 -57.85553
183.2442 -57.82338
183.3711 -57.79898
183.4967 -57.77867
183.6285 -57.75908
183.7708 -57.73543
183.9145 -57.70726
184.0672 -57.67723
184.2198 -57.64531
184.3703 -57.61707
184.5036 -57.58730
184.6264 -57.56085
184.7423 -57.53368
184.8609 -57.50758
184.9803 -57.48410
185.1017 -57.45834
185.2252 -57.43369
185.3564 -57.40421
185.4987 -57.37428
185.6493 -57.34323
185.7985 -57.31252
185.9379 -57.28476
186.0704 -57.25699
186.1974 -57.23297
186.3285 -57.20743
186.4632 -57.18036
186.6054 -57.15063
186.7435 -57.12276
186.8753 -57.10054
186.9981 -57.07980
187.1182 -57.05832
187.2361 -57.03455
187.3541 -57.01225
187.4671 -56.99527
187.6837 -56.96582
187.9057 -56.92381
188.0181 -56.89653
188.1313 -56.86845
188.2520 -56.83849
188.3783 -56.80885
188.5032 -56.78337
188.6231 -56.76089
>           Pacific Ocean: PACIFIC PLATE, set 11 isochron: 24
216.3784 -28.69022
216.3928 -28.75813
216.4115 -28.82969
216.4363 -28.90365
216.4723 -28.97270
216.5076 -29.03438
216.5423 -29.08931
216.5948 -29.21244
216.6280 -29.28856
216.6758 -29.36951
216.7187 -29.44736
216.7581 -29.51604
216.8260 -29.63081
216.8592 -29.68965
216.8890 -29.75393
>           Pacific Ocean: PACIFIC PLATE, set 11 isochron: 24
215.2432 -17.15170
215.2694 -17.22244
215.2978 -17.28584
215.3269 -17.34521
215.3566 -17.40790
215.3905 -17.47857
215.4299 -17.55653
215.4722 -17.63314
215.5165 -17.70374
215.5580 -17.76698
215.5968 -17.82752
215.6259 -17.89270
215.6521 -17.96185
215.6791 -18.03758
215.7095 -18.11729
215.7406 -18.19631
215.7731 -18.27396
215.8050 -18.34957
215.8403 -18.42980
215.8756 -18.50801
215.9136 -18.58420
215.9510 -18.65372
215.9856 -18.72124
216.0174 -18.78674
216.0458 -18.85221
216.0769 -18.92097
216.1094 -18.99235
216.1427 -19.06631
216.1731 -19.13696
216.1994 -19.20757
216.2215 -19.27749
216.2394 -19.34934
216.2616 -19.41855
216.2878 -19.48508
216.3141 -19.55158
216.3348 -19.62003
216.3514 -19.69109
216.3694 -19.75881
216.3866 -19.82587
216.4053 -19.89222
216.4274 -19.96250
216.4523 -20.03339
216.4779 -20.10623
216.5014 -20.17836
216.5249 -20.24851
216.5532 -20.31405
216.5781 -20.37956
216.6072 -20.44830
216.6279 -20.52158
216.6563 -20.59224
216.6805 -20.65697
216.7157 -20.71906
216.7497 -20.78309
216.7849 -20.85101
216.8202 -20.92345
216.8562 -21.00239
216.8991 -21.09168
216.9323 -21.18031
216.9634 -21.26496
216.9932 -21.33981
217.0340 -21.41982
217.0845 -21.50823
217.1399 -21.60961
217.1981 -21.71613
>           Pacific Ocean: PACIFIC PLATE, set 11 isochron: 24
219.1509  -5.91325
219.1675  -5.98350
219.1813  -6.05584
219.1972  -6.13096
219.2193  -6.21441
219.2441  -6.30202
219.2683  -6.39102
219.2877  -6.46817
219.3140  -6.53976
219.3361  -6.60717
219.3458  -6.67456
219.3374  -6.73915
>           Pacific Ocean: PACIFIC PLATE, set 11 isochron: 24
220.1955 -10.11374
220.2093 -10.18463
220.2231 -10.25689
220.2362 -10.33052
220.2473 -10.40550
220.2645 -10.47979
220.2915 -10.56093
220.3289 -10.65375
220.3613 -10.75889
220.3793 -10.86124
220.3820 -10.95533
>           Pacific Ocean: PACIFIC PLATE, set 11 isochron: 24
222.4061  23.25332
222.4433  22.99892
>           Pacific Ocean: PACIFIC PLATE, set 11 isochron: 24
222.9108  22.42433
222.9350  22.33128
222.9515  22.24013
222.9584  22.15151
222.9645  22.07321
222.9742  21.99938
222.9914  21.92616
223.0163  21.84447
223.0425  21.75687
223.0639  21.66858
223.0701  21.58675
223.0700  21.51073
223.0844  21.38915
223.0968  21.26484
223.0953  21.19124
223.0862  21.11178
223.0833  21.03551
223.0735  20.95790
223.0638  20.87962
223.0560  20.80126
223.0546  20.72484
223.0545  20.64838
223.0475  20.57515
223.0412  20.50319
223.0383  20.42989
223.0507  20.35062
223.0603  20.26413
223.0720  20.17955
223.0733  20.09886
223.0822  20.02011
223.0877  19.93803
223.1029  19.85261
223.1139  19.76912
223.1305  19.68690
223.1373  19.60529
223.1435  19.52431
223.1392  19.44066
223.1433  19.36092
223.1501  19.27916
223.1702  19.20592
223.1833  19.12341
223.1936  19.03953
223.1928  18.94836
223.1948  18.86573
223.2002  18.78836
223.2154  18.71555
223.2355  18.63942
223.2597  18.55925
223.2852  18.47775
223.3115  18.39883
223.3364  18.32188
223.3606  18.24556
223.3848  18.17120
223.4097  18.09614
223.4311  18.01905
223.4483  17.93727
223.4600  17.85813
223.4717  17.77895
223.4842  17.69841
223.5000  17.60916
223.5173  17.51456
>           Pacific Ocean: PACIFIC PLATE, set 11 isochron: 24
204.1513  51.70450
204.1880  51.63978
204.2243  51.57714
204.2849  51.45520
204.3084  51.38973
204.3332  51.32045
204.3613  51.25119
204.3931  51.18327
204.4225  51.11629
204.4494  51.04925
204.4741  50.98404
204.5020  50.91966
204.5286  50.85556
204.5567  50.78931
204.5827  50.72300
204.6105  50.65725
204.6353  50.59348
204.6601  50.53051
204.6871  50.46825
204.7173  50.40617
204.7485  50.34331
204.7788  50.27732
204.8081  50.20765
204.8363  50.13637
204.8591  50.06697
204.8776  49.99995
204.8927  49.93412
204.9070  49.86855
204.9239  49.80096
204.9434  49.73250
204.9684  49.66246
204.9942  49.59509
205.0207  49.52917
205.0418  49.47094
205.0652  49.39414
205.0733  49.32762
205.1016  49.25904
205.1300  49.20050
205.1555  49.12897
205.1770  49.06831
205.2126  48.99922
205.2343  48.91852
205.2445  48.88456
>           Pacific Ocean: PACIFIC PLATE, set 11 isochron: 24
205.6152  48.51979
205.6703  48.39730
205.7366  48.26704
205.7721  48.19524
205.8069  48.11976
205.8386  48.04711
205.8675  47.97657
205.8969  47.91075
205.9246  47.84488
205.9529  47.77890
205.9769  47.71042
206.0008  47.64184
206.0252  47.57283
206.0525  47.50217
206.0786  47.42841
206.1050  47.35053
206.1333  47.26994
206.1675  47.18621
206.2024  47.10416
206.2389  47.02396
206.2756  46.94748
206.3148  46.86807
206.3554  46.78688
206.3962  46.70023
206.4371  46.61565
206.4738  46.53308
206.5050  46.45708
206.5317  46.38444
206.5569  46.31374
206.5822  46.24497
206.6065  46.17521
206.6307  46.10517
206.6556  46.03300
206.6786  45.96617
206.7081  45.86338
206.7376  45.79322
206.7597  45.73005
206.7965  45.66611
206.8145  45.60005
206.8516  45.53183
206.8773  45.46151
206.9041  45.39071
206.9319  45.31677
206.9682  45.23467
207.0039  45.13731
207.0274  45.06804
207.0511  44.99852
207.0745  44.93195
207.1198  44.80428
207.1435  44.73862
207.1703  44.67089
207.1973  44.60081
207.2258  44.52888
207.2530  44.45919
207.2796  44.39309
207.3055  44.33073
207.3313  44.26891
207.3553  44.20414
207.3796  44.13527
207.4050  44.06379
207.4328  43.99526
207.4616  43.93055
>           Pacific Ocean: PACIFIC PLATE, set 11 isochron: 24
203.9373  42.84268
203.9924  42.72140
204.0198  42.65962
204.0488  42.59713
204.0785  42.53279
204.1078  42.46465
204.1362  42.39368
204.1669  42.32080
204.2001  42.24916
204.2325  42.17924
204.2606  42.11433
204.2858  42.05198
204.3374  41.92606
204.3670  41.85763
204.4025  41.78542
204.4400  41.71288
204.4793  41.64123
204.5141  41.57099
204.5461  41.50114
204.5738  41.43169
204.6028  41.36175
204.6327  41.28908
204.6647  41.21412
204.6959  41.13966
204.7289  41.06910
204.7609  41.00154
204.7917  40.93575
204.8200  40.86852
204.8496  40.79979
204.8805  40.72871
204.9134  40.65690
204.9448  40.58506
204.9764  40.51335
205.0036  40.44408
205.0274  40.37771
205.0479  40.31377
205.0680  40.24936
205.0901  40.18467
205.1121  40.12112
205.1388  40.05804
205.1705  39.99272
205.2084  39.92350
205.2449  39.85301
205.2775  39.78439
205.3056  39.71830
>           Pacific Ocean: PACIFIC PLATE, set 11 isochron: 24
201.9456  53.55647
202.0551  53.51345
202.1570  53.46283
202.2462  53.40055
202.3292  53.32905
202.4031  53.25201
202.4707  53.17695
202.5294  53.10423
202.5860  53.03436
202.6412  52.96352
202.6922  52.89004
202.7432  52.81349
202.7901  52.73429
202.8418  52.65325
202.8913  52.56866
202.9548  52.47669
203.0271  52.37868
>           Pacific Ocean: PACIFIC PLATE, set 11 isochron: 24
220.1978  37.60069
220.2024  37.52150
220.2133  37.43947
220.2262  37.35683
220.2447  37.27465
220.2632  37.19513
220.2838  37.11889
220.3009  37.04649
220.3090  36.97846
220.3137  36.91148
220.3128  36.84616
220.3168  36.77907
220.3186  36.70633
220.3330  36.62621
220.3550  36.54268
220.3922  36.46407
220.4218  36.38934
220.4480  36.31563
220.4533  36.24584
220.4537  36.12976
220.4818  36.02250
220.5023  35.91512
220.5049  35.86308
>           Pacific Ocean: PACIFIC PLATE, set 11 isochron: 24
220.3958  34.81742
220.4143  34.75026
220.4308  34.68424
220.4341  34.61989
220.4457  34.55779
220.4517  34.48756
220.4667  34.40748
220.4804  34.31927
220.4954  34.23269
220.5160  34.14542
220.5317  34.05634
220.5529  33.96253
220.5721  33.87152
220.5955  33.78623
220.6168  33.70898
220.6339  33.63575
220.6483  33.56419
>           Pacific Ocean: PACIFIC PLATE, set 11 isochron: 24
214.0401  26.68779
214.1035  26.50951
214.1496  26.37307
214.1875  26.28349
214.2123  26.20885
214.2384  26.13291
214.2584  26.05444
214.2741  25.98091
214.2927  25.91113
214.3078  25.82806
214.3318  25.73299
214.3565  25.62587
214.3875  25.52370
214.4164  25.42900
214.4446  25.34248
214.4701  25.26344
214.4949  25.18754
214.5183  25.11095
214.5389  25.02670
214.5567  24.93479
214.5731  24.83966
214.5902  24.74570
214.6114  24.64977
214.6341  24.55314
214.6616  24.45452
214.6856  24.36219
214.7145  24.27169
214.7449  24.18624
214.7780  24.10136
214.8062  24.02217
214.8275  23.94615
214.8440  23.87199
214.8570  23.79652
>           Pacific Ocean: PACIFIC PLATE, set 11 isochron: 24??
218.3255 -34.05463
218.3857 -34.13551
218.4397 -34.21287
218.4882 -34.28439
218.5290 -34.34953
218.5664 -34.41171
218.5996 -34.47499
218.6293 -34.53996
218.6591 -34.60715
218.6874 -34.67719
218.7247 -34.75402
218.7655 -34.83709
218.8091 -34.92351
218.8521 -35.00471
218.8998 -35.07671
218.9546 -35.14008
>           Pacific Ocean: PACIFIC PLATE, set 11 isochron: 24??
223.5707 -42.01051
223.6107 -42.08810
223.6557 -42.16153
223.7034 -42.23074
223.7505 -42.29677
223.7921 -42.36375
223.8273 -42.43222
223.8571 -42.50269
>           Pacific Ocean: PACIFIC PLATE, set 11 isochron: 24??
217.1194   4.17688
217.1588   4.09592
217.1997   4.00938
217.2398   3.91446
217.2778   3.81185
217.3110   3.71203
217.3408   3.62127
217.3677   3.54446
217.3926   3.46976
217.4217   3.39851
217.4508   3.32587
217.4840   3.26020
217.5144   3.18826
217.5525   3.10722
217.5892   3.01569
217.6252   2.92346
217.6577   2.83543
217.6923   2.75016
>           Pacific Ocean: PACIFIC PLATE, set 11 isochron: 24??
213.4383  30.52473
213.4705  30.37343
213.4917  30.24734
213.4990  30.14410
213.5043  30.04858
213.5131  29.95238
213.5316  29.85846
213.5521  29.76569
213.5720  29.67646
213.5905  29.59204
213.6118  29.51057
213.6359  29.42598
213.6571  29.32973
213.6721  29.22670
213.6878  29.11869
213.7076  29.01608
213.7337  28.92009
213.7599  28.83011
213.7854  28.74372
213.8080  28.65666
213.8300  28.57014
213.8512  28.48477
213.8781  28.40426
213.9001  28.33045
213.9172  28.26029
213.9246  28.18330
213.9362  28.09514
213.9547  27.99890
213.9809  27.90877
214.0098  27.82782
214.0346  27.75546
214.0573  27.68738
214.0689  27.62300
214.0804  27.51519
214.0940  27.40416
214.1237  27.34270
214.1666  27.28181
>           Pacific Ocean: PACIFIC PLATE, set 12 isochron: 24
196.6304  53.78497
196.7720  53.77267
196.9073  53.76069
197.0336  53.74950
197.1529  53.74082
197.3708  53.72465
197.4860  53.71434
197.6143  53.70481
197.7538  53.69077
197.8905  53.68122
198.0265  53.67332
198.1660  53.66834
198.3138  53.66005
198.4672  53.64926
198.6205  53.63434
198.7738  53.61693
198.9230  53.59952
199.0617  53.58538
199.1928  53.57542
199.3226  53.56876
199.4538  53.56499
199.5822  53.56410
199.7002  53.56445
199.8119  53.56357
199.9230  53.56435
200.0417  53.56516
200.1666  53.56635
200.2922  53.56216
200.4158  53.55673
200.5414  53.55257
200.6704  53.55252
200.8023  53.55454
200.9349  53.55614
201.0696  53.55568
201.2022  53.55272
201.3320  53.54812
201.4604  53.54394
201.5915  53.54471
201.7199  53.54795
201.8386  53.55451
201.9504  53.55942
202.0650  53.56849
202.1886  53.58044
202.3171  53.59527
202.4407  53.60967
202.5581  53.62365
202.6706  53.63683
202.7831  53.65122
202.8942  53.66602
203.0033  53.68535
203.1089  53.70716
203.2124  53.73307
203.4153  53.78321
203.5188  53.80578
203.6272  53.82875
203.7398  53.85250
>           Pacific Ocean: PACIFIC PLATE, set 12 isochron: 24-1
177.9978  50.34751
178.1078  50.38342
178.2120  50.41899
178.3107  50.45439
178.4069  50.49007
>           Pacific Ocean: PACIFIC PLATE, set 12 isochron: 24-1
177.7802  50.12117
177.9667  50.15504
178.1525  50.18506
>           Pacific Ocean: PACIFIC PLATE, set 12 isochron: 24-1
177.2545  49.73248
177.3439  49.75780
177.4347  49.78275
177.6232  49.83474
>           Pacific Ocean: PACIFIC PLATE, set 12 isochron: 24-2
178.2599  50.28098
178.4590  50.30740
178.5703  50.32259
178.6864  50.33827
178.8022  50.35290
178.9139  50.36571
179.0217  50.37862
179.1249  50.39060
179.2251  50.40167
179.4187  50.42005
179.6150  50.44249
179.8111  50.46355
179.9070  50.47346
180.0045  50.48584
180.1032  50.49823
180.2022  50.51072
180.2979  50.52028
180.4841  50.53870
180.6722  50.56203
180.7656  50.57346
180.8578  50.58408
>           Pacific Ocean: PACIFIC PLATE, set 12 isochron: 24-2
177.8698  50.00452
178.0625  50.01994
178.1579  50.02813
178.3420  50.04220
178.5239  50.05489
178.7070  50.07381
178.7975  50.08157
>           Pacific Ocean: PACIFIC PLATE, set 12 isochron: 24-2
177.3847  49.50397
177.4974  49.52326
177.6063  49.54201
177.7114  49.56021
>           Pacific Ocean: PACIFIC PLATE, set 12 isochron: 24?
174.7439  48.96513
174.8406  48.98186
174.9402  48.99860
175.0421  49.01485
175.1420  49.03004
175.2387  49.04472
>           Pacific Ocean: ANTARCTICA PLATE, set 01 isochron: 24
243.4743 -61.58868
243.5802 -61.51178
243.6892 -61.43640
243.7989 -61.36385
243.9058 -61.29146
244.0086 -61.21855
244.1044 -61.14445
244.1953 -61.07256
244.2780 -61.00252
244.3655 -60.93367
244.4593 -60.86539
244.5684 -60.79420
244.6837 -60.72015
244.8010 -60.64354
244.9023 -60.57120
244.9904 -60.50105
245.0744 -60.43181
245.1682 -60.35863
245.2766 -60.28253
245.3912 -60.20490
245.5155 -60.12498
245.6376 -60.04625
245.7598 -59.96561
245.8723 -59.88402
245.9855 -59.79771
246.0973 -59.70802
246.2167 -59.61810
246.3396 -59.52832
246.4677 -59.43939
>           Pacific Ocean: ANTARCTICA PLATE, set 06 isochron: 24
273.9655 -67.79678
274.0861 -67.72755
274.2056 -67.66161
274.3298 -67.59949
274.4534 -67.53691
274.5840 -67.47014
274.7160 -67.39815
274.8485 -67.32512
274.9776 -67.25539
275.1060 -67.19084
275.2331 -67.12906
275.3559 -67.06714
275.4715 -67.00372
>           Pacific Ocean: ANTARCTICA PLATE, set 06 isochron: 24
277.5483 -64.57823
277.6409 -64.51334
277.7430 -64.44775
277.8514 -64.38231
277.9666 -64.31793
278.0811 -64.25552
278.1982 -64.19420
>           Pacific Ocean: ANTARCTICA PLATE, set 08 isochron: 24
266.0815 -53.97781
266.1764 -54.02901
266.2749 -54.07722
>           Pacific Ocean: ANTARCTICA PLATE, set 09 isochron: 24
276.7007 -58.93301
276.6487 -59.00540
276.6048 -59.07518
276.5721 -59.14091
276.5149 -59.26524
276.4752 -59.32819
>           Pacific Ocean: AUSTRALIA PLATE, set 15 isochron: 24
153.2509 -13.12050
153.3746 -13.15454
153.4977 -13.19263
153.6208 -13.22256
153.7446 -13.24368
153.8721 -13.24987
154.0030 -13.25607
154.1387 -13.26367
154.2731 -13.27601
154.4059 -13.29375
154.5375 -13.30947
154.6732 -13.32386
154.8145 -13.33286
154.9578 -13.34727
155.1003 -13.37186
155.2365 -13.40388
155.3699 -13.44334
155.4861 -13.47116
155.5871 -13.49955
155.6714 -13.52243
155.7681 -13.55827
155.8800 -13.59420
156.0065 -13.62884
156.1338 -13.65667
>           Pacific Ocean: AUSTRALIA PLATE, set 15 isochron: 24
153.0423 -13.44916
153.1724 -13.46285
153.3004 -13.48599
153.4290 -13.51999
153.5610 -13.56281
153.6993 -13.60025
153.8383 -13.62955
153.9727 -13.64322
154.0995 -13.64735
154.2228 -13.64334
154.3469 -13.64001
154.4736 -13.64687
154.6030 -13.66457
154.7358 -13.69722
154.8726 -13.73394
155.0122 -13.77677
155.1546 -13.82570
155.2954 -13.88409
155.4334 -13.95192
155.5645 -14.01631
155.6922 -14.07796
155.8171 -14.13956
155.9412 -14.21198
156.0631 -14.29650
156.1837 -14.38775
>           Pacific Ocean: AUSTRALIA PLATE, set 15 isochron: 24
156.5504 -14.52364
156.6727 -14.56894
156.7964 -14.60748
156.9229 -14.63927
157.0591 -14.67651
157.2028 -14.72795
157.3546 -14.79898
157.4973 -14.88610
157.6302 -14.97515
157.7480 -15.05667
157.8611 -15.12600
>           Pacific Ocean: AUSTRALIA PLATE, set 15 isochron: 24
156.3980 -14.83846
156.5230 -14.88912
156.6452 -14.94106
156.7646 -14.98960
156.8862 -15.03477
157.0077 -15.08599
157.1298 -15.14596
157.2464 -15.21664
157.3657 -15.28395
157.4877 -15.35529
157.6153 -15.42728
>  North Atlantic Ocean: NAM PLATE, set 03 or NAM PLATE, set 07 isochron: 24
309.8393  56.58955
309.9527  56.56355
310.0654  56.53327
310.1788  56.49834
310.2956  56.46414
310.4131  56.42878
310.5286  56.39064
310.6420  56.34241
310.7590  56.28675
310.8807  56.22602
311.0038  56.16868
311.1297  56.11400
311.2508  56.05959
311.3705  56.00432
311.4797  55.95093
311.5938  55.90334
311.7099  55.86003
311.8288  55.82408
311.9463  55.79673
312.0644  55.77842
312.1902  55.76870
312.3188  55.76569
312.4501  55.77208
312.5814  55.78435
312.7141  55.80251
312.8455  55.82300
312.9713  55.84230
313.0901  55.86040
313.2062  55.87772
313.3215  55.90246
313.4410  55.93188
313.5619  55.96249
313.6905  55.98682
313.8225  56.01228
313.9600  56.04163
314.0934  56.07214
314.2200  56.09209
314.3354  56.09686
314.5232  56.05488
314.6047  55.93897
314.6118  55.86542
314.6140  55.79413
314.6204  55.72622
314.6302  55.66133
314.6457  55.59596
314.6667  55.52888
314.6946  55.46013
314.7169  55.38966
314.7281  55.32105
314.7255  55.25270
314.7172  55.18544
314.7041  55.11644
314.6862  55.04892
314.6620  54.98129
314.6378  54.91474
314.6163  54.84688
314.5874  54.71202
314.5694  54.64301
314.5431  54.57064
314.5189  54.50057
314.5016  54.42754
314.4962  54.35397
314.4971  54.27705
314.5007  54.20568
314.5050  54.13791
314.5135  54.07326
314.5268  54.00400
314.5450  53.93135
314.5653  53.85609
314.5863  53.78155
314.6115  53.70478
314.6415  53.62416
314.6799  53.54342
314.7203  53.46793
314.7650  53.39853
314.8088  53.33112
314.8590  53.26149
314.9203  53.18969
315.0025  53.11402
315.1005  53.03572
>           North Atlantic Ocean: NORTH AMERICA PLATE, set 03 isochron: 24
322.2557  50.18366
322.2830  50.10757
322.3145  50.03456
322.3556  49.96278
322.4058  49.88548
322.4574  49.80042
322.5041  49.70979
322.5438  49.62217
322.5919  49.53849
322.6372  49.45918
322.6853  49.38063
322.7202  49.30193
322.7648  49.22226
322.8073  49.13923
322.8561  49.05560
322.8965  48.97182
322.9404  48.89251
322.9865  48.81446
323.0380  48.73904
323.0847  48.66396
323.1258  48.59201
323.1627  48.52132
323.2011  48.44868
323.2387  48.36756
323.2729  48.27608
323.3044  48.17703
323.3365  48.08010
323.3686  47.98817
323.4000  47.90400
323.4265  47.82298
323.4503  47.74323
323.4713  47.66004
323.4901  47.57200
323.5070  47.48241
323.5217  47.39837
323.5343  47.31984
323.5455  47.23930
323.5533  47.15054
323.5625  47.05736
323.5717  46.97072
323.5857  46.89399
323.6018  46.82236
323.6213  46.74488
323.6430  46.65817
323.6647  46.56847
323.6843  46.48392
323.6983  46.40551
323.7130  46.32598
323.7271  46.24295
323.7397  46.15692
323.7460  46.07267
323.7482  45.99023
323.7497  45.90912
323.7477  45.82933
323.7437  45.75091
323.7376  45.67042
323.7307  45.58636
323.7246  45.49926
323.7122  45.41694
323.6970  45.33746
323.6769  45.25733
323.6597  45.17312
323.6404  45.08933
323.6161  45.01036
323.5849  44.93668
323.5545  44.86441
323.5268  44.79204
323.5026  44.71859
323.4749  44.64652
323.4485  44.57239
323.4215  44.49165
323.3959  44.39983
323.3634  44.29985
323.3274  44.19923
323.2907  44.10548
323.2567  44.01757
323.2235  43.93307
323.1882  43.84542
323.1535  43.75965
323.1224  43.67529
323.0961  43.59840
323.0726  43.52394
323.0525  43.45142
323.0352  43.37578
323.0201  43.29696
323.0028  43.21807
322.9827  43.14060
322.9627  43.06201
322.9461  42.97614
322.9337  42.88350
322.9276  42.79023
322.9243  42.70405
322.9279  42.62389
322.9294  42.54876
322.9267  42.47357
322.9178  42.39775
322.9074  42.31976
322.9062  42.24012
322.9055  42.15779
322.9070  42.07433
322.9002  41.99127
322.8906  41.91539
322.8795  41.84306
322.8679  41.77218
322.8596  41.69707
322.8388  41.61452
322.8104  41.52771
322.7675  41.43705
322.7314  41.35577
322.6989  41.28121
322.6718  41.21023
322.6421  41.13441
322.6116  41.05327
322.5825  40.97414
322.5541  40.89595
322.5208  40.82034
322.4841  40.74197
322.4397  40.66455
322.3974  40.58438
322.3551  40.50039
322.3191  40.40671
322.2817  40.30439
322.2401  40.20084
322.1957  40.10197
322.1570  40.01580
322.1293  39.93221
322.1086  39.84903
322.0843  39.75929
322.0545  39.67271
322.0213  39.58924
321.9887  39.50834
321.9561  39.42789
321.9243  39.34735
321.8959  39.27105
321.8703  39.19629
321.8461  39.12367
>           North Atlantic Ocean: NORTH AMERICA PLATE, set 07 isochron: 24??
304.6117  58.57729
304.6662  58.51434
304.7310  58.45092
304.8125  58.38451
304.9002  58.31647
305.0005  58.24690
305.1000  58.17938
305.2009  58.11319
305.2942  58.04649
305.3902  57.97746
305.4898  57.90384
305.5887  57.82599
305.6785  57.74719
305.7585  57.67200
305.8372  57.60261
305.9249  57.53386
306.0244  57.46537
306.1288  57.39711
306.2318  57.33625
306.3334  57.28059
306.4336  57.22782
306.5331  57.17424
306.6270  57.11563
306.7273  57.05507
306.8366  56.98872
306.9528  56.92451
307.0669  56.85944
307.1733  56.80035
307.2783  56.74350
307.3854  56.69345
307.5016  56.64104
307.6269  56.58931
307.7556  56.53020
307.8781  56.47020
307.9915  56.40665
308.0993  56.34800
308.2070  56.29316
>  North Atlantic Ocean: NAM PLATE, set 08 or NAM PLATE, set 06 isochron: 24
323.2825  63.23240
323.1739  63.15999
323.0587  63.10103
322.9359  63.05869
322.6947  62.98828
322.5682  62.93715
322.4322  62.87737
322.2939  62.81425
322.1515  62.74557
322.0098  62.66774
321.8737  62.58847
321.7440  62.50963
321.6219  62.43545
321.5074  62.36137
321.4089  62.29071
321.3222  62.22150
321.2418  62.15410
321.1620  62.08556
321.0766  62.01655
320.9863  61.94607
320.8856  61.87409
320.7878  61.80029
320.6955  61.72797
320.6151  61.65483
320.5402  61.58083
320.4681  61.50471
320.4036  61.43205
320.3384  61.36359
320.2794  61.29830
320.2087  61.23256
320.1358  61.16430
320.0504  61.09148
319.9699  61.01377
319.8986  60.93284
319.8439  60.85308
319.7954  60.77587
319.7413  60.69982
319.6761  60.62392
319.6011  60.54714
319.5319  60.47295
319.4702  60.40029
319.4189  60.32922
319.3634  60.25728
319.3023  60.18450
319.2350  60.11433
319.1636  60.04611
319.0872  59.97809
319.0081  59.90781
318.9305  59.83668
318.8570  59.76858
318.7848  59.70173
318.7133  59.63369
318.6404  59.56197
318.5641  59.49012
318.4822  59.42203
318.3990  59.35841
318.3199  59.29679
318.2463  59.23291
318.1664  59.16497
318.0706  59.09228
317.9637  59.01795
317.8568  58.94671
317.7618  58.88036
317.6590  58.81571
317.5547  58.74765
317.4437  58.67546
317.3445  58.60716
317.2418  58.54528
317.1328  58.49570
317.0154  58.45110
316.8918  58.41487
316.7639  58.37970
316.6298  58.35032
316.4985  58.32203
316.3714  58.29518
316.2462  58.26315
316.1198  58.22523
315.9906  58.18103
315.8634  58.13307
315.7350  58.08323
315.6100  58.03367
315.4801  57.98925
315.3495  57.95031
315.2126  57.92020
315.0800  57.89304
314.9514  57.87104
314.8291  57.84979
314.7075  57.83039
314.5852  57.80576
314.4635  57.77143
314.3434  57.72815
314.2239  57.68109
314.0982  57.63810
313.9634  57.60328
313.8210  57.57739
313.6834  57.55968
313.5549  57.54870
313.4333  57.54673
313.3082  57.55712
313.1797  57.58356
313.0504  57.62530
312.9314  57.67965
312.8249  57.73991
312.7289  57.80308
312.6336  57.86505
312.5333  57.92466
312.4290  57.97938
312.3232  58.03031
312.2167  58.07785
312.1110  58.12312
312.0024  58.16206
311.8939  58.19398
311.7840  58.21706
311.5636  58.25837
311.4468  58.28544
311.3237  58.31211
311.1992  58.33068
311.0746  58.33931
>           North Atlantic Ocean: NORTH AMERICA PLATE, set 08 isochron: 24
309.4855  58.39404
309.6493  58.32543
309.8016  58.26395
309.9426  58.20966
>           North Atlantic Ocean: NORTH AMERICA PLATE, set 08 isochron: 24??
305.8651  60.63546
305.9272  60.56767
305.9921  60.49805
306.0652  60.42935
306.1446  60.36258
306.2351  60.29880
306.3228  60.23280
306.4119  60.16629
306.4955  60.09830
306.5867  60.03225
306.6688  59.96569
306.7488  59.89970
306.8185  59.83323
306.8930  59.76698
306.9654  59.70094
307.0406  59.63512
307.1172  59.56955
307.1952  59.50454
307.2787  59.44122
307.3630  59.37954
307.4514  59.31807
307.5391  59.25436
307.6283  59.18731
307.7216  59.11694
307.8169  59.04605
307.9178  58.97826
308.0250  58.91615
308.1398  58.85966
308.2574  58.80487
308.3764  58.75254
308.4967  58.70123
308.6212  58.65348
308.7443  58.60452
308.8658  58.55439
>           North Atlantic Ocean: EURASIA PLATE, set 07 isochron: 24A
  7.2734  68.77147
  7.4336  68.81268
  7.5863  68.85653
  7.7321  68.90408
  7.8856  68.94878
  8.0440  68.98940
  8.2073  69.02443
  8.3692  69.05717
  8.5317  69.08887
  8.6937  69.11706
  8.8577  69.14322
  9.0272  69.16589
  9.2045  69.18755
  9.3873  69.20696
  9.5693  69.22460
  9.7473  69.24050
  9.9223  69.25664
 10.0961  69.27203
 10.2733  69.28889
 10.6193  69.32230
 10.9521  69.36180
 11.2781  69.40713
 11.5991  69.44770
 11.9431  69.48651
 12.1224  69.50761
 12.3044  69.52891
 12.4823  69.55019
 12.8304  69.59170
 13.1653  69.63071
 13.5086  69.66918
 13.6864  69.69129
 13.8649  69.71917
 14.0427  69.75352
 14.2163  69.78951
 14.3866  69.82711
 14.5520  69.86655
 14.7148  69.91019
>           North Atlantic Ocean: EURASIA PLATE, set 07 isochron: 24B
  1.6414  67.04964
  1.7064  67.11825
  1.7750  67.18703
  1.8491  67.25614
  1.9371  67.32375
  2.0412  67.38958
  2.1585  67.45095
  2.2828  67.51028
  2.4028  67.56812
  2.5278  67.62663
  2.6465  67.68499
  2.7757  67.74191
  2.9076  67.79844
  3.0540  67.85558
  3.2082  67.91314
  3.3693  67.96899
  3.5368  68.01665
  3.7035  68.05847
  3.8696  68.09602
  4.0328  68.13558
  4.1947  68.17508
  4.3552  68.21117
  4.5164  68.24514
  4.6810  68.27724
  4.8492  68.30852
  5.0146  68.33539
  5.1800  68.35786
  5.5136  68.39683
  5.6804  68.41230
  5.8451  68.42495
  6.0077  68.44170
  6.1723  68.46352
  6.3411  68.48944
  6.5120  68.51711
  6.6857  68.54324
  6.8622  68.57009
  7.0408  68.59591
  7.2214  68.62394
  7.4054  68.65401
  7.5937  68.68707
  7.7806  68.72208
  7.9605  68.75955
  8.1356  68.79846
  8.3065  68.83784
  8.4753  68.87389
  8.6393  68.90660
  8.8047  68.93979
  8.9714  68.97364
  9.1457  69.00897
  9.3209  69.03951
  9.4988  69.06553
  9.6711  69.08826
  9.8427  69.11147
 10.0102  69.13539
 10.1798  69.15756
 10.3508  69.17651
 10.5273  69.19319
 10.7024  69.20889
 10.8755  69.22354
 11.2118  69.25017
 11.5544  69.27823
 11.7247  69.29605
 11.8942  69.31755
 12.2422  69.36668
 12.4221  69.39619
 12.6020  69.42767
 12.7807  69.45321
 13.1316  69.49273
 13.3047  69.51454
 13.4866  69.53828
 13.6777  69.56616
 13.8840  69.59715
 14.0868  69.63072
 14.2890  69.66331
 14.4802  69.69413
 14.6554  69.72199
 14.9444  69.76888
 15.2472  69.81433
 15.5844  69.87614
>  North Atlantic Ocean: EUR PLATE, set 09 or EUR PLATE, set 12 isochron: 24
341.4523  59.12526
341.2490  59.02081
341.0755  58.93619
340.9319  58.87198
340.8034  58.82281
340.6714  58.77211
340.5352  58.72244
340.3963  58.67014
340.2630  58.62032
340.1331  58.56750
340.0074  58.51680
339.8824  58.46640
339.7622  58.41810
339.6518  58.36462
339.5470  58.30886
339.4456  58.25122
339.3365  58.19714
339.2171  58.14152
339.0879  58.08429
338.9496  58.02404
338.8149  57.96626
338.6781  57.90837
338.5454  57.84816
338.4092  57.78264
338.2794  57.71925
338.1461  57.65950
338.0106  57.60228
337.8584  57.53931
337.7042  57.47097
337.5445  57.39759
337.3959  57.32560
337.2536  57.25762
337.1217  57.19748
336.9918  57.14330
336.8591  57.09056
336.7244  57.03773
336.5938  56.98290
336.4751  56.92838
336.3598  56.87000
336.2424  56.80847
336.1167  56.74604
335.9994  56.68585
335.8911  56.63052
335.7960  56.57323
335.6953  56.51853
335.5939  56.46027
335.4827  56.40696
335.3716  56.35126
335.2549  56.29698
335.1431  56.23994
335.0355  56.18008
334.9348  56.11897
334.8397  56.05386
334.7530  55.98904
334.6725  55.92257
334.6010  55.85716
334.5421  55.78967
334.4977  55.72011
334.4610  55.64849
334.4243  55.57754
334.3862  55.50763
334.3495  55.43799
334.3156  55.36824
334.2837  55.29914
334.2512  55.23233
334.2137  55.16219
334.1763  55.08875
334.1305  55.01034
334.0820  54.93462
334.0202  54.85954
333.9634  54.78711
333.9052  54.71579
333.8517  54.64472
333.7949  54.57234
333.7491  54.49737
333.7118  54.42393
333.6855  54.34668
333.6571  54.26191
333.6302  54.16843
333.6067  54.07723
333.5923  53.99117
333.5904  53.90943
333.5947  53.82795
333.6025  53.74922
333.6158  53.67281
333.6389  53.59462
333.6711  53.51587
333.6983  53.43490
333.7172  53.35458
333.7270  53.27078
333.7320  53.18511
333.7335  53.09971
333.7302  53.01836
333.7303  52.94356
333.7340  52.87244
333.7438  52.80252
>           North Atlantic Ocean: EURASIA PLATE, set 09 isochron: 24
338.1686  51.69897
338.2070  51.63662
338.2467  51.57249
338.2899  51.50434
338.3394  51.43264
338.3938  51.35995
338.4487  51.28978
338.5009  51.22171
>           North Atlantic Ocean: EURASIA PLATE, set 09 isochron: 24
340.5688  49.11094
340.6295  49.02128
340.6804  48.93790
340.7242  48.86084
340.7563  48.78498
340.7863  48.70625
340.8094  48.62512
340.8324  48.54708
340.8506  48.46846
340.8646  48.39016
340.8745  48.30849
340.8850  48.23041
340.8955  48.15501
340.9081  48.08416
340.9214  48.01133
340.9347  47.93651
340.9460  47.85882
340.9531  47.78522
340.9594  47.71574
340.9637  47.64992
340.9673  47.58070
340.9695  47.50476
340.9703  47.42451
340.9683  47.34601
340.9663  47.27404
340.9679  47.20623
340.9743  47.06941
340.9667  46.99273
340.9508  46.90641
340.9322  46.81660
340.9136  46.72664
340.8956  46.64183
340.8805  46.56311
340.8653  46.48766
340.8508  46.41400
340.8370  46.34171
340.8211  46.26932
340.8004  46.19632
340.7720  46.11452
340.7415  46.02722
340.7132  45.93253
340.6890  45.84258
340.6669  45.75343
340.6419  45.66850
340.6129  45.57811
340.5817  45.48951
340.5492  45.40077
340.5173  45.31827
340.4820  45.23711
340.4501  45.15981
340.4162  45.07991
340.3878  44.99743
340.3566  44.90839
340.3261  44.81823
340.2831  44.72992
340.2311  44.64545
340.1798  44.56779
340.1369  44.49004
340.1022  44.41171
340.0641  44.32825
340.0232  44.24417
339.9781  44.15948
339.9261  44.07263
339.8713  43.98266
339.8179  43.89152
339.7729  43.79874
339.7341  43.71039
339.6974  43.62444
339.6586  43.54393
339.6170  43.46279
339.5733  43.38308
339.5324  43.30426
339.4929  43.22941
339.4540  43.15705
339.4110  43.08763
339.3632  43.01764
339.3097  42.94652
339.2528  42.87481
339.1890  42.79992
339.1209  42.72339
339.0481  42.64060
338.9766  42.56130
338.9037  42.48656
338.8364  42.41896
338.7677  42.34918
338.7010  42.27209
338.6288  42.19180
338.5636  42.11351
338.5095  42.04187
338.4742  41.97014
338.4500  41.89784
338.4320  41.82025
338.4106  41.74362
338.3891  41.66273
338.3628  41.58065
338.3379  41.49116
338.3060  41.40258
338.2749  41.31811
338.2409  41.24141
338.2111  41.16879
338.1820  41.09295
338.1578  41.01384
338.1398  40.93255
338.1288  40.85805
338.1185  40.79247
338.1033  40.73317
338.0846  40.67167
338.0673  40.60269
338.0508  40.52514
338.0321  40.44430
338.0078  40.36496
337.9815  40.28767
337.9462  40.20973
337.9087  40.12584
337.8692  40.03806
337.8416  39.95073
337.8159  39.87028
337.7889  39.79673
337.7542  39.72629
337.7175  39.65471
337.6836  39.58197
337.6447  39.50591
337.5962  39.42599
337.5359  39.34165
>           North Atlantic Ocean: EURASIA PLATE, set 10 isochron: 24
354.4153  69.47089
354.2663  69.41084
354.1204  69.34965
353.9753  69.28731
353.8282  69.22478
353.6780  69.16260
>           North Atlantic Ocean: EURASIA PLATE, set 10 isochron: 24??
353.1422  70.52538
353.0559  70.46526
352.9713  70.40430
352.8972  70.34225
352.8328  70.27906
352.7803  70.21555
>           North Atlantic Ocean: EURASIA PLATE, set 11 isochron: 24
  1.3205  65.24931
  1.4722  65.30975
  1.6250  65.36803
  1.7807  65.42183
  1.9394  65.47200
>           North Atlantic Ocean: EURASIA PLATE, set 11 isochron: 24
  0.2333  64.69925
  0.0551  64.64971
359.8842  64.60181
359.7224  64.55473
359.5633  64.50303
359.4112  64.45004
359.2605  64.39760
359.1132  64.34653
358.9618  64.29053
358.8089  64.22621
358.6513  64.15752
358.4909  64.08958
358.3312  64.02789
358.1750  63.97311
358.0320  63.92186
357.8966  63.87331
357.7674  63.82158
357.6257  63.77289
357.4764  63.72500
357.3204  63.68128
>           North Atlantic Ocean: EURASIA PLATE, set 12 isochron: 24
347.3961  61.88425
347.3043  61.82362
347.1986  61.76058
347.0812  61.69479
346.9569  61.62651
346.8229  61.55711
346.6721  61.48886
346.5125  61.42479
346.3611  61.36523
346.2264  61.30657
346.1049  61.24782
345.9848  61.18799
345.8591  61.12939
345.7257  61.06997
345.5861  61.01112
345.4409  60.95013
345.2909  60.88594
345.1402  60.81891
344.9951  60.75140
344.8618  60.68682
344.7368  60.62214
344.6153  60.55526
344.4833  60.48551
344.3382  60.41561
344.1819  60.34865
344.0278  60.28740
343.8834  60.23056
343.7528  60.17813
343.6355  60.12351
343.5274  60.06709
>           South Atlantic Ocean: SOUTH AMERICA PLATE, set 01 isochron: 24
328.8641 -40.43877
328.8650 -40.51927
328.8686 -40.59546
328.8729 -40.66891
328.8737 -40.74232
328.8662 -40.81677
328.8539 -40.89168
328.8360 -40.96866
328.8202 -41.04868
328.8113 -41.12750
328.8142 -41.20354
328.8212 -41.27631
328.8283 -41.34950
328.8332 -41.41899
328.8430 -41.48680
328.8541 -41.55347
328.8604 -41.62221
328.8661 -41.69087
328.8724 -41.75739
328.8856 -41.82224
>           South Atlantic Ocean: SOUTH AMERICA PLATE, set 01 isochron: 24
328.2024 -45.42799
328.1990 -45.49585
328.1971 -45.56900
328.1987 -45.64691
328.2024 -45.72763
328.2103 -45.80869
328.2162 -45.89110
328.2165 -45.97293
328.2098 -46.05333
>           South Atlantic Ocean: SOUTH AMERICA PLATE, set 01 isochron: 24
335.4964 -50.88559
335.5084 -50.96046
335.5282 -51.04001
335.5529 -51.12857
335.5743 -51.21962
335.5859 -51.31012
335.5905 -51.39226
335.5915 -51.46600
335.5945 -51.53358
335.5995 -51.59848
>           South Atlantic Ocean: AFRICA PLATE, set 02 isochron: 24
  2.9887 -45.30409
  3.0656 -45.42186
  3.1272 -45.52156
  3.1760 -45.60219
  3.2268 -45.67584
  3.2826 -45.75179
  3.3369 -45.83054
  3.3795 -45.90588
  3.4109 -45.97591
  3.4346 -46.04108
>           South Atlantic Ocean: ANTARCTICA PLATE, set 03 isochron: 24
353.9558 -59.68231
353.7820 -59.79832
353.6461 -59.89572
353.5508 -59.97491
353.4735 -60.04514
353.3996 -60.11278
353.3270 -60.17754
>           South Atlantic Ocean: ANTARCTICA PLATE, set 03 isochron: 24
348.3796 -61.94389
348.2701 -62.01488
348.1651 -62.08214
348.0621 -62.14633
347.9596 -62.20943
>           South Atlantic Ocean: ANTARCTICA PLATE, set 03 isochron: 24
323.4670 -65.64365
323.2574 -65.66611
323.0682 -65.68147
322.8982 -65.68929
322.5881 -65.69366
322.4362 -65.69884
322.2817 -65.70718
322.1208 -65.71527
321.9538 -65.72479
321.7798 -65.73436
321.6086 -65.74332
321.4352 -65.74857
321.2631 -65.75128
321.0875 -65.74997
320.9187 -65.74692
320.7611 -65.74295
320.6147 -65.74002
>           South Atlantic Ocean: ANTARCTICA PLATE, set 03 isochron: 24
317.0201 -64.93803
317.2000 -64.90054
317.3808 -64.86226
>           South Atlantic Ocean: ANTARCTICA PLATE, set 03 isochron: 24??
315.4609 -64.73175
315.6278 -64.70709
315.7909 -64.67961
>           South Atlantic Ocean: ANTARCTICA PLATE, set 03 isochron: 24??
316.2559 -64.84433
316.4129 -64.82373
316.5697 -64.80190
316.7264 -64.77875
>           Indian Ocean: AFRICA PLATE, set 03 isochron: 24
 54.9066 -29.85503
 55.0487 -29.86291
 55.1887 -29.87074
 55.3280 -29.87673
 55.4680 -29.87963
>           Indian Ocean: AFRICA PLATE, set 03 isochron: 24
 52.9606 -31.42638
 53.1880 -31.43564
 53.3793 -31.44363
 53.5345 -31.45052
>           Indian Ocean: AFRICA PLATE, set 03 isochron: 24
 47.0477 -34.44708
 47.2459 -34.42804
 47.4295 -34.40199
 47.5984 -34.36622
 47.7625 -34.32933
 47.9328 -34.29931
 48.1067 -34.27730
 48.2812 -34.25180
 48.4481 -34.22404
 48.6088 -34.19630
 48.7632 -34.17548
 48.9135 -34.15467
 49.0617 -34.13100
 49.2093 -34.10502
 49.3651 -34.07383
 49.5271 -34.04259
 49.6808 -34.01076
 49.8040 -33.98479
 49.8850 -33.96479
 49.9701 -33.94018
 50.0582 -33.95017
 50.1565 -33.93417
 50.2666 -33.91003
 50.3678 -33.90612
 50.4613 -33.89646
 50.5381 -33.87421
 50.6143 -33.86062
 50.7321 -33.83878
 50.8747 -33.81797
 51.0313 -33.79531
 51.1809 -33.77673
 51.3263 -33.75064
 51.4704 -33.72224
 51.6178 -33.69441
 51.7716 -33.67407
 51.9274 -33.65892
 52.0826 -33.64373
 52.2336 -33.62560
>           Indian Ocean: AFRICA PLATE, set 03 isochron: 24??
 55.8655 -29.43697
 56.0464 -29.44657
 56.2189 -29.44395
 56.3831 -29.42914
>           Indian Ocean: AFRICA PLATE, set 07 isochron: 24
 55.1079 -23.79208
 55.2579 -23.90221
 55.4044 -24.00334
 55.5483 -24.09422
 55.6865 -24.18314
 55.8234 -24.27328
 55.9583 -24.36588
>           Indian Ocean: AFRICA PLATE, set 07 isochron: 24
 55.1577 -25.42123
 55.4296 -25.60855
 55.6569 -25.75742
 55.8321 -25.86811
 55.9780 -25.96570
 56.1149 -26.06390
 56.2511 -26.15829
 56.3873 -26.23887
 56.5283 -26.31002
 56.6726 -26.37486
 56.8177 -26.44647
 56.9525 -26.53056
 57.0771 -26.62831
>           Indian Ocean: AFRICA PLATE, set 08 isochron: 24
 55.5507   2.87642
 55.6840   2.80263
 55.8215   2.73025
 55.9631   2.65926
>           Indian Ocean: AFRICA PLATE, set 08 isochron: 24
 56.9501   2.21315
 57.1564   2.08955
 57.3376   1.98043
 57.4931   1.89068
 57.6354   1.82872
 57.7770   1.78070
 57.9143   1.74101
 58.0462   1.69363
 58.1717   1.64134
 58.2981   1.57649
 58.4300   1.50053
 58.5682   1.41274
>           Indian Ocean: AFRICA PLATE, set 08 isochron: 24??
 54.0954   3.48892
 54.2350   3.39781
 54.3732   3.30598
 54.5087   3.21413
 54.6413   3.12643
 54.7754   3.04779
 54.9163   2.97962
 55.0641   2.91773
>           Indian Ocean: ANTARCTICA PLATE, set 04 isochron: 24
 18.3840 -57.48413
 18.5337 -57.53346
 18.6690 -57.58203
 18.7897 -57.62949
 18.9014 -57.67357
 19.0118 -57.71574
>           Indian Ocean: ANTARCTICA PLATE, set 04 isochron: 24
 54.4225 -39.40594
 54.6193 -39.39886
 54.8022 -39.39810
 54.9714 -39.40373
>           Indian Ocean: ANTARCTICA PLATE, set 04 isochron: 24
 45.6396 -43.28018
 45.8101 -43.24931
 45.9860 -43.22034
 46.1709 -43.19534
 46.3572 -43.17639
 46.5421 -43.15642
 46.7215 -43.13239
 46.9023 -43.10025
 47.0865 -43.06554
 47.2713 -43.02979
 47.4520 -43.00267
 47.6335 -42.97810
 47.8191 -42.95758
 48.0068 -42.93394
 48.1841 -42.91492
 48.3524 -42.89543
 48.5152 -42.87546
 48.6807 -42.85089
 48.8462 -42.82784
 49.0138 -42.80934
 49.1808 -42.79546
 49.3526 -42.78000
 49.5285 -42.76149
 49.7093 -42.73988
 49.8880 -42.72386
 50.0612 -42.70889
 50.2365 -42.69392
 50.4159 -42.66975
 50.5994 -42.64197
 50.7753 -42.61722
 50.9443 -42.59866
 51.1105 -42.58676
 51.2768 -42.57384
 51.4424 -42.56293
 51.6051 -42.55194
>           Indian Ocean: ANTARCTICA PLATE, set 10 isochron: 24
 58.0064 -37.02845
 58.1689 -37.10578
 58.3262 -37.17242
 58.4787 -37.23232
 58.6298 -37.28387
 58.7817 -37.33982
 58.9355 -37.39628
 59.0900 -37.46043
 59.2521 -37.52511
 59.4190 -37.59363
 59.5909 -37.65987
 59.7592 -37.72880
 59.9262 -37.79818
 60.0925 -37.87183
>           Indian Ocean: ANTARCTICA PLATE, set 10 isochron: 24
 60.7481 -40.53545
 60.9168 -40.61433
 61.0835 -40.69937
 61.2488 -40.79008
 61.4128 -40.87856
 61.5774 -40.97057
 61.7426 -41.06406
 61.9087 -41.15482
 62.0734 -41.23810
 62.2333 -41.31551
 62.3884 -41.39227
 62.5402 -41.46783
>           Indian Ocean: ANTARCTICA PLATE, set 10 isochron: 24
 61.8509 -42.57545
 62.0405 -42.64333
 62.2170 -42.71092
 62.3873 -42.78149
 62.5632 -42.84850
 62.7625 -42.92262
 62.9749 -43.00073
 63.1922 -43.09042
 63.3902 -43.16977
 63.5737 -43.24390
 63.7495 -43.31889
 63.9304 -43.40691
>           Indian Ocean: ANTARCTICA PLATE, set 10 isochron: 24??
 59.4940 -39.34087
 59.7234 -39.42955
 59.9339 -39.51144
 60.1222 -39.58562
 60.2962 -39.65004
 60.4631 -39.71223
 60.6259 -39.77330
 60.7867 -39.83748
 60.9469 -39.90100
>           Indian Ocean: AUSTRALIA PLATE, set 11 isochron: 24
 61.0198  13.93262
 61.1910  13.94033
 61.3608  13.93985
 61.5251  13.92918
 61.6810  13.91577
 61.8245  13.90635
 61.9569  13.90228
 62.0858  13.89889
 62.2147  13.89549
 62.3464  13.89075
 62.4739  13.88463
 62.5980  13.87714
 62.7186  13.87099
 62.8413  13.86620
 62.9654  13.86142
 63.0832  13.85796
 63.1774  13.85842
 63.2682  13.86023
 63.3091  13.85909
>           Indian Ocean: AUSTRALIA PLATE, set 11 isochron: 24
 67.7590  11.28052
 67.9156  11.27248
 68.0653  11.26916
 68.2032  11.26576
 68.3349  11.26508
 68.4700  11.25826
 68.6177  11.24809
 68.7758  11.23040
>           Indian Ocean: AUSTRALIA PLATE, set 12 isochron: 24
 72.7499 -10.86809
 72.9760 -10.91968
 73.1639 -10.96043
 73.3131 -10.99386
 73.4448 -11.02260
 73.5759 -11.05476
 73.7133 -11.08688
 73.8520 -11.11762
 73.9969 -11.14355
 74.1397 -11.16879
 74.2847 -11.19197
 74.4289 -11.21994
 74.5745 -11.24243
 74.7194 -11.26288
 74.8664 -11.27579
 75.0113 -11.28666
 75.1534 -11.29959
 75.2844 -11.32555
 75.4087 -11.36519
>           Indian Ocean: AUSTRALIA PLATE, set 12 isochron: 24??
 75.6352 -11.94759
 75.7594 -11.97493
 75.8842 -11.99952
 76.0111 -12.03022
 76.1415 -12.05954
 76.2733 -12.09566
 76.4092 -12.12563
 76.5535 -12.16032
 76.7054 -12.19565
 76.8545 -12.23846
 76.9961 -12.28400
>           Indian Ocean: AUSTRALIA PLATE, set 13 isochron: 24
 78.9437  -9.15592
 79.0919  -9.14279
 79.2340  -9.14068
 79.3726  -9.15166
 79.5127  -9.17020
 79.6617  -9.19489
 79.8143  -9.22368
 79.9675  -9.24558
 80.1138  -9.26684
 80.2594  -9.28535
 80.4051  -9.31416
 80.5493  -9.33680
 80.6845  -9.36497
 80.8108  -9.39044
 80.9349  -9.41662
 81.0611  -9.43522
 81.1907  -9.44830
 81.3190  -9.46688
 81.4459  -9.48957
>           Indian Ocean: AUSTRALIA PLATE, set 13 isochron: 24
 81.5387 -16.37943
 81.6746 -16.42358
 81.8092 -16.45365
 81.9451 -16.46967
 82.0803 -16.48637
 82.2169 -16.50371
 82.3541 -16.51772
 82.4927 -16.51635
 82.6334 -16.50294
 82.7740 -16.48148
>           Indian Ocean: AUSTRALIA PLATE, set 13 isochron: 24
 84.0380 -17.64397
 84.1954 -17.66914
 84.3466 -17.70023
 84.4881 -17.74066
 84.6240 -17.77448
 84.7600 -17.79768
 84.8993 -17.80688
>           Indian Ocean: AUSTRALIA PLATE, set 13 isochron: 24
 92.3168  -0.29801
 92.4810  -0.28042
 92.6327  -0.26568
 92.7720  -0.25658
 92.8988  -0.25592
 93.0215  -0.26433
 93.1449  -0.27623
 93.2669  -0.27907
 93.3812  -0.26871
 93.4830  -0.24796
>           Indian Ocean: AUSTRALIA PLATE, set 13 isochron: 24
 93.8446   1.62334
 94.0116   1.60679
 94.1711   1.59509
 94.3229   1.58474
 94.4733   1.57926
 94.6202   1.56957
 94.7672   1.56477
 94.9169   1.55859
 95.0749   1.56430
 95.2321   1.57558
 95.3852   1.59381
>           Indian Ocean: AUSTRALIA PLATE, set 14 isochron: 24
 93.9011  -7.58867
 94.1754  -7.55070
 94.3998  -7.51289
 94.5729  -7.47326
 94.7197  -7.44347
 94.8665  -7.41506
 95.0189  -7.38939
 95.1796  -7.35606
 95.3471  -7.31989
>           Indian Ocean: AUSTRALIA PLATE, set 14 isochron: 24
 95.9454  -5.35908
 96.2614  -5.35472
 96.5178  -5.34503
 96.7132  -5.33219
 96.8705  -5.31956
 97.0222  -5.30765
 97.1690  -5.29439
 97.3125  -5.28185
 97.4524  -5.27208
 97.5882  -5.25749
 97.7246  -5.23318
 97.8624  -5.20261
 98.0030  -5.17339
>  Indian Ocean: AUS PLATE, set 17 or AUS PLATE, set 16 isochron: 24
155.4502 -37.62617
155.5910 -37.84338
155.7155 -38.02612
155.8267 -38.17386
155.9243 -38.30145
156.0206 -38.42989
156.1098 -38.56075
156.2018 -38.69630
156.2923 -38.83211
156.3910 -38.97314
156.4945 -39.11931
156.6035 -39.27011
156.7107 -39.41962
>  Indian Ocean: AUS PLATE, set 17 or AUS PLATE, set 16 isochron: 24
155.6566 -43.69167
155.7466 -43.83427
155.8360 -43.97771
155.9181 -44.11278
156.0017 -44.24008
156.0868 -44.35966
156.1767 -44.48001
156.2666 -44.60011
156.3538 -44.71994
156.4478 -44.84302
156.5438 -44.96829
156.6426 -45.09579
156.7276 -45.22433
156.8027 -45.35593
156.8674 -45.48811
156.9364 -45.61520
157.0070 -45.73184
157.0724 -45.82689
157.1231 -45.89749
157.1786 -45.97238
157.2437 -46.04576
157.2921 -46.12613
157.3005 -46.15750
