>           Pacific Ocean: PACIFIC PLATE, set 06 isochron: 33
185.0885 -49.51328
185.1746 -49.47900
185.2607 -49.44647
185.3475 -49.40984
185.4391 -49.37498
185.5328 -49.33377
185.6285 -49.29796
185.7222 -49.25804
185.8187 -49.22081
185.9159 -49.17810
186.0151 -49.13762
186.1095 -49.09711
186.2018 -49.05748
186.2948 -49.01965
186.3940 -48.98225
186.4981 -48.94711
186.6029 -48.91379
186.7042 -48.88409
186.8027 -48.85851
186.9012 -48.83015
187.0025 -48.79903
187.1039 -48.76559
187.1982 -48.73122
187.2919 -48.69496
187.3905 -48.65273
187.5043 -48.61598
187.6139 -48.58244
187.7124 -48.55804
187.7991 -48.53183
187.8956 -48.51071
188.0060 -48.48587
188.1198 -48.45915
188.2267 -48.42410
188.3294 -48.38811
188.4377 -48.34979
188.5535 -48.31236
188.6715 -48.27583
188.7860 -48.23738
188.8984 -48.19987
189.0039 -48.15813
189.1038 -48.12288
189.1906 -48.08617
189.2773 -48.05598
189.3675 -48.02206
189.4675 -47.98717
189.5709 -47.94572
189.6764 -47.89958
189.7825 -47.85667
189.8832 -47.81371
189.9720 -47.77773
190.0497 -47.73843
190.2093 -47.66023
190.2940 -47.62041
190.3759 -47.58289
190.4612 -47.54958
190.5487 -47.51576
190.6389 -47.47771
190.7277 -47.44244
190.8165 -47.40620
190.9054 -47.37468
190.9914 -47.33792
191.0747 -47.30586
191.2427 -47.23318
191.3399 -47.19067
191.4496 -47.14433
191.5641 -47.09654
191.6765 -47.04916
191.7826 -47.00839
191.8838 -46.97183
>           Pacific Ocean: PACIFIC PLATE, set 09 isochron: 33
166.2674 -57.38126
166.3841 -57.34834
166.5028 -57.31384
166.6250 -57.27824
166.7499 -57.24406
166.8720 -57.21060
166.9879 -57.17824
167.0975 -57.14586
167.2051 -57.11534
167.3134 -57.08556
167.4251 -57.05612
167.5452 -57.02402
167.6757 -56.98737
167.8180 -56.94878
167.9602 -56.91013
168.0969 -56.87523
168.2191 -56.84219
168.3335 -56.81216
168.4432 -56.78366
168.5534 -56.75623
>           Pacific Ocean: PACIFIC PLATE, set 09 isochron: 33
171.7536 -55.88406
171.8653 -55.86816
172.0852 -55.84410
172.3176 -55.82513
172.4438 -55.81503
172.5708 -55.80104
172.6957 -55.78156
172.8150 -55.75929
172.9322 -55.73586
173.0501 -55.71675
173.1715 -55.69643
173.2957 -55.67845
173.4185 -55.65930
173.5385 -55.64366
173.6564 -55.63077
173.7750 -55.62259
173.8949 -55.61752
>           Pacific Ocean: PACIFIC PLATE, set 09 isochron: 33
178.7160 -53.00797
178.8257 -52.98042
178.9366 -52.95786
179.0483 -52.93823
179.1586 -52.91899
179.2690 -52.89388
179.3862 -52.86664
179.5111 -52.83730
179.6408 -52.80835
179.7629 -52.77559
179.8760 -52.74532
179.9828 -52.71587
180.0910 -52.69232
180.2096 -52.66414
180.3401 -52.63425
180.4788 -52.59924
180.6120 -52.56717
180.7327 -52.54013
180.8437 -52.51817
180.9554 -52.49707
181.0727 -52.46577
181.1976 -52.42595
181.3252 -52.37975
181.4535 -52.33643
181.5784 -52.29694
181.6922 -52.25822
181.7976 -52.22205
181.8948 -52.18283
181.9960 -52.14661
182.1008 -52.10777
182.2181 -52.07065
182.3430 -52.02963
182.4748 -51.98985
182.5927 -51.94830
182.7030 -51.91014
182.8098 -51.86983
182.9250 -51.83121
183.0367 -51.79036
183.1338 -51.75288
183.2233 -51.72321
183.3113 -51.70210
>           Pacific Ocean: PACIFIC PLATE, set 10 isochron: 33
212.3090 -42.08624
212.3993 -42.03922
212.4937 -41.99631
212.5908 -41.96062
212.6977 -41.92180
212.8094 -41.88194
212.9204 -41.83630
213.0182 -41.79686
213.1042 -41.75844
213.1923 -41.72313
213.2867 -41.68312
213.3846 -41.63837
213.4797 -41.58891
213.5720 -41.54045
213.6636 -41.49719
213.7545 -41.46123
213.8454 -41.41841
213.9391 -41.37140
214.0328 -41.32018
214.1243 -41.28252
214.2117 -41.25534
214.3047 -41.22972
214.4137 -41.19310
214.5385 -41.14485
>           Pacific Ocean: PACIFIC PLATE, set 11 isochron: 33
215.0364  19.05193
215.0328  18.98125
215.0265  18.90922
215.0181  18.83715
215.0055  18.76309
214.9964  18.68369
214.9880  18.59762
214.9803  18.50820
214.9671  18.42007
214.9531  18.33124
214.9391  18.24566
214.9259  18.16338
214.9105  18.08639
>           Pacific Ocean: PACIFIC PLATE, set 11 isochron: 33
215.7464  17.56464
215.7733  17.50264
215.8003  17.43927
215.8273  17.36923
215.8605  17.28980
215.8965  17.20368
215.9387  17.11684
215.9837  17.03197
216.0335  16.94637
216.0813  16.86341
216.1263  16.78310
>           Pacific Ocean: PACIFIC PLATE, set 11 isochron: 33
193.4988  45.46845
193.5711  45.40054
193.6288  45.33116
193.6698  45.26186
193.7000  45.19449
193.7280  45.12642
193.7567  45.05331
193.7880  44.97478
193.8205  44.89553
193.8514  44.82119
193.8806  44.75079
193.9117  44.68029
193.9469  44.60433
193.9852  44.52449
194.0213  44.44490
194.0530  44.36995
194.0818  44.29963
194.1071  44.23116
194.1338  44.16386
194.1583  44.09617
194.1872  44.02900
194.2191  43.95920
194.2598  43.88732
194.3051  43.81311
>           Pacific Ocean: PACIFIC PLATE, set 11 isochron: 33
193.8978  43.35978
193.9506  43.28220
193.9986  43.20494
194.0410  43.13116
194.0776  43.05897
194.1153  42.98860
194.1550  42.91424
194.1965  42.84111
194.2332  42.76759
194.2620  42.69825
194.2822  42.63123
194.3028  42.56475
194.3230  42.49756
194.3488  42.42863
194.3720  42.36259
194.3992  42.29704
194.4255  42.23175
194.4549  42.16444
194.4842  42.09676
>           Pacific Ocean: PACIFIC PLATE, set 11 isochron: 33
193.2480  40.76298
193.2879  40.69196
193.3242  40.62025
193.3575  40.54851
193.3877  40.48007
193.4206  40.41119
193.4539  40.34256
193.4898  40.27353
193.5210  40.20782
193.5565  40.14331
193.5904  40.07812
193.6281  40.01213
193.6584  39.94617
193.6887  39.88182
193.7195  39.81707
193.7547  39.75085
193.7915  39.68257
>           Pacific Ocean: PACIFIC PLATE, set 11 isochron: 33
209.1817  38.14287
209.2015  38.02746
209.2255  37.92838
209.2432  37.81482
209.2493  37.75138
>           Pacific Ocean: PACIFIC PLATE, set 11 isochron: 33
209.5415  37.32261
209.5530  37.22310
209.5688  37.14466
209.5832  37.08008
209.5966  36.95241
209.5965  36.88657
>           Pacific Ocean: PACIFIC PLATE, set 11 isochron: 33
211.7764  34.79065
211.8066  34.68036
211.8299  34.58727
211.8477  34.51135
211.8621  34.43994
211.8807  34.36444
211.8985  34.28654
211.9170  34.21381
211.9335  34.14619
211.9562  34.07849
211.9830  34.00090
212.0126  33.91340
212.0359  33.82000
212.0544  33.72883
212.0639  33.63816
212.0705  33.54856
212.0773  33.46062
212.0916  33.37200
212.1101  33.28326
212.1285  33.19505
212.1422  33.11668
212.1531  33.04646
212.1613  32.98027
212.1736  32.91166
212.1865  32.84007
212.2023  32.76489
212.2138  32.68850
212.2254  32.61203
212.2384  32.53960
212.2570  32.46655
212.2852  32.39104
212.3176  32.31076
212.3528  32.23395
212.3797  32.16299
212.4037  32.09789
212.4202  32.03276
212.4395  31.96222
212.4566  31.88749
212.4793  31.80915
212.4929  31.73431
212.5080  31.65822
212.5182  31.58086
212.5395  31.49867
212.5545  31.41583
212.5654  31.33411
212.5638  31.26965
212.5596  31.23804
>           Pacific Ocean: PACIFIC PLATE, set 11 isochron: 33
205.4949  28.72460
205.5259  28.64115
205.5549  28.56013
205.5797  28.47967
205.6037  28.39914
205.6250  28.31732
205.6449  28.23853
205.6593  28.16154
205.6723  28.08756
205.6852  28.01292
205.7045  27.93822
205.7258  27.86224
205.7485  27.78804
205.7677  27.71442
205.7863  27.63641
205.8076  27.54965
205.8323  27.45169
205.8591  27.35238
205.8838  27.25609
205.9058  27.17280
205.9285  27.09628
205.9505  27.02654
205.9809  26.95240
206.0175  26.87569
206.0610  26.79519
206.0961  26.72089
206.1223  26.64592
206.1367  26.56652
206.1482  26.47770
206.1508  26.39259
206.1554  26.31746
206.1615  26.24788
206.1752  26.16946
206.1881  26.07782
206.1969  25.98171
206.2077  25.89307
206.2193  25.81067
206.2344  25.72627
206.2494  25.63934
206.2700  25.55486
206.2921  25.47977
206.3078  25.40715
206.3139  25.33578
206.3269  25.26437
206.3454  25.19224
206.3730  25.11501
206.3880  25.02951
206.4079  24.95347
206.4445  24.83867
206.4575  24.77709
206.4788  24.70277
206.5070  24.61315
206.5505  24.51902
206.5884  24.42863
206.6173  24.34583
206.6366  24.27064
206.6586  24.19601
206.6882  24.11880
206.7171  24.03644
206.7433  23.94889
206.7583  23.86131
206.7692  23.77752
206.7843  23.70070
206.8063  23.62769
206.8353  23.55654
206.8615  23.48663
206.8856  23.41733
206.9076  23.34864
206.9310  23.27734
206.9579  23.20536
206.9876  23.12690
207.0200  23.04647
207.0531  22.95954
207.0889  22.87901
207.1199  22.80165
207.1448  22.72941
207.1681  22.63393
207.1778  22.62617
>           Pacific Ocean: PACIFIC PLATE, set 11 isochron: 33?
214.8076  21.11304
214.8221  21.02697
214.8394  20.94346
214.8615  20.86187
214.8870  20.78478
214.9140  20.70766
214.9396  20.62724
214.9658  20.53955
214.9907  20.44990
215.0149  20.36803
215.0377  20.29530
>           Pacific Ocean: PACIFIC PLATE, set 12 isochron: 33
177.4875  42.82903
177.5912  42.84628
177.6893  42.86417
177.7816  42.87988
177.9659  42.91386
178.0653  42.93461
178.1709  42.95465
178.2721  42.97857
178.3685  43.00092
178.4606  43.02559
178.5556  43.04507
178.6533  43.06677
178.7491  43.08525
178.8416  43.10826
178.9336  43.13159
179.0270  43.15842
179.1213  43.18619
179.2143  43.20948
179.3103  43.23433
179.4093  43.25850
179.5107  43.28901
179.6124  43.31791
179.7182  43.34964
179.8279  43.38257
179.9356  43.42123
180.0367  43.45867
180.1307  43.49267
180.2246  43.52061
180.3176  43.54855
180.4141  43.57770
180.5080  43.60656
180.6040  43.63219
180.6983  43.65592
180.7991  43.67737
180.9020  43.69624
181.0061  43.71065
181.1019  43.72165
181.1909  43.72795
181.3677  43.73902
181.4613  43.75322
181.5537  43.77185
181.6434  43.78862
181.7318  43.80096
181.8235  43.81294
181.9171  43.82648
182.0129  43.84253
182.1052  43.85450
182.1961  43.86616
182.2843  43.87469
182.3730  43.88384
182.4635  43.89298
182.5570  43.90178
182.6575  43.91175
182.7611  43.92106
182.8687  43.93252
182.9745  43.94210
183.0798  43.94791
183.1819  43.94995
183.2879  43.95069
183.3980  43.95645
183.5117  43.96595
183.6175  43.97773
183.7149  43.98486
183.8906  43.98669
>           Pacific Ocean: PACIFIC PLATE, set 12 isochron: 33
189.9707  45.32853
190.0616  45.33810
190.2430  45.33802
190.3344  45.33027
190.5211  45.31037
190.6181  45.29916
190.7195  45.28975
190.8271  45.28243
190.9339  45.27697
191.0377  45.27276
191.1401  45.26982
191.2440  45.26871
191.3500  45.26944
191.4525  45.26865
191.5520  45.26944
191.6475  45.26996
191.7427  45.27481
191.8404  45.27747
191.9400  45.28043
192.0421  45.28305
192.1395  45.29003
192.2330  45.29736
192.4093  45.30474
192.5916  45.30928
192.6903  45.31286
192.7946  45.31269
192.9054  45.30779
193.0182  45.29881
>           North Atlantic Ocean: NORTH AMERICA PLATE, set 02 isochron: 33
315.5895  38.54808
315.5541  38.47854
315.5089  38.40844
315.4562  38.33712
315.4048  38.26410
315.3633  38.19378
315.3279  38.12557
315.2911  38.05677
315.2487  37.98239
315.1987  37.90845
315.1390  37.84219
315.0710  37.78577
>           North Atlantic Ocean: NORTH AMERICA PLATE, set 02 isochron: 33
310.4388  34.42032
310.3679  34.37178
310.3012  34.32032
310.2345  34.26476
310.1664  34.19934
310.0949  34.13096
310.0247  34.06371
309.9609  34.00219
309.9095  33.94471
309.8700  33.88837
>           North Atlantic Ocean: NORTH AMERICA PLATE, set 02 isochron: 33
309.3258  33.85104
309.2716  33.78763
309.2223  33.72652
309.1793  33.66769
309.1397  33.60651
309.1016  33.54703
309.0335  33.43963
308.9760  33.33154
>           North Atlantic Ocean: NORTH AMERICA PLATE, set 02 isochron: 33
307.7250  33.24038
307.6812  33.17182
307.6423  33.10383
307.6035  33.03640
307.5611  32.97007
307.5139  32.90426
307.4695  32.83841
307.4320  32.77073
307.3994  32.69949
307.3668  32.62646
307.3315  32.55336
307.2926  32.48255
307.2572  32.41226
307.2218  32.34250
307.1885  32.27211
307.1496  32.20402
307.1107  32.13707
307.0677  32.07126
307.0233  32.00419
306.9768  31.93708
306.9331  31.87291
306.8914  31.81045
306.8442  31.75093
306.7949  31.69197
306.7449  31.63533
306.7081  31.57630
306.6693  31.51963
306.6234  31.47008
306.5630  31.43061
>           North Atlantic Ocean: NORTH AMERICA PLATE, set 02 isochron: 33
306.0251  31.33311
305.9702  31.27267
305.9160  31.21097
305.8640  31.14806
305.8098  31.08271
305.7549  31.01252
305.6924  30.93687
305.6293  30.86116
305.5668  30.78899
305.5148  30.72037
305.4690  30.65235
>           North Atlantic Ocean: NORTH AMERICA PLATE, set 02 isochron: 33
304.9247  30.73278
304.8914  30.65633
304.8553  30.58343
304.8192  30.51410
304.7852  30.44895
304.7553  30.38617
304.7262  30.32395
304.6964  30.25928
304.6610  30.19091
304.6172  30.12192
304.5673  30.05101
304.5152  29.97582
304.4652  29.89571
304.4174  29.81495
304.3701  29.73657
304.3223  29.65445
304.2723  29.56313
304.2174  29.46685
304.1640  29.37661
304.1141  29.29971
304.0745  29.23007
304.0349  29.15855
303.9884  29.08393
303.9314  29.00860
303.8683  28.93876
303.8044  28.86760
303.7411  28.79396
303.6780  28.72272
303.6218  28.65698
303.5676  28.59917
303.5197  28.53087
303.4683  28.45269
303.4183  28.36152
303.3691  28.27276
303.3260  28.19936
303.2782  28.12529
303.2567  28.10921
>           North Atlantic Ocean: NORTH AMERICA PLATE, set 02 isochron: 33
303.0753  28.00891
303.0427  27.93098
303.0122  27.85797
302.9796  27.78614
302.9456  27.71425
302.9018  27.63239
302.8532  27.54425
302.7998  27.44983
302.7526  27.36030
302.7144  27.27818
302.6839  27.20162
302.6576  27.12875
302.6340  27.05581
302.6070  26.98346
302.5764  26.90918
302.5389  26.83609
302.5022  26.76546
302.4641  26.69353
302.4224  26.61214
302.3780  26.52069
302.3342  26.42542
302.2947  26.33260
>           North Atlantic Ocean: NORTH AMERICA PLATE, set 02 isochron: 33
301.3377  26.31989
301.2912  26.22064
301.2523  26.13203
301.2211  26.05407
301.1941  25.98046
>           North Atlantic Ocean: NORTH AMERICA PLATE, set 02 isochron: 33
302.7147  25.22155
302.7106  25.15693
302.6634  25.03264
302.6252  24.97488
302.5940  24.91388
302.5718  24.84781
302.5580  24.77854
302.5434  24.70541
302.5303  24.62907
302.5144  24.54565
302.4964  24.46027
302.4693  24.36974
302.4381  24.28295
302.4069  24.20058
302.3827  24.12903
302.3640  24.06255
302.3467  23.93785
>           North Atlantic Ocean: NORTH AMERICA PLATE, set 02 isochron: 33??
314.4455  37.75513
314.3586  37.66263
314.2830  37.57507
314.2108  37.49017
314.1427  37.40905
314.0670  37.32450
313.9969  37.24267
313.9268  37.16463
313.8587  37.09155
313.7872  37.02005
313.7150  36.94400
313.6448  36.86733
313.5761  36.78891
313.5087  36.71319
313.4414  36.63740
313.3768  36.56213
313.3150  36.48732
313.2574  36.41583
313.2019  36.34766
>           North Atlantic Ocean: NORTH AMERICA PLATE, set 02 isochron: 33??
312.9518  36.31187
312.8621  36.24019
312.7857  36.17465
312.7205  36.11810
312.6608  36.06436
312.5955  36.01169
>           North Atlantic Ocean: NORTH AMERICA PLATE, set 02 isochron: 33??
312.2639  36.09771
312.1874  36.01846
312.1145  35.93122
312.0430  35.84392
311.9722  35.76446
311.8979  35.69798
311.8242  35.63540
311.7548  35.57674
311.6895  35.51920
311.6354  35.46449
311.5833  35.41601
311.4798  35.32008
311.4222  35.26121
311.3583  35.19886
311.2993  35.13421
311.2312  35.06891
311.1577  35.00068
>           North Atlantic Ocean: NORTH AMERICA PLATE, set 02 isochron: 33??
311.0576  34.97992
311.0097  34.89673
310.9625  34.81806
310.9160  34.74622
310.8708  34.67776
310.8257  34.61156
310.7778  34.54356
310.7222  34.47607
310.6563  34.41025
310.5827  34.34781
>           North Atlantic Ocean: NORTH AMERICA PLATE, set 02 isochron: 33??
308.1126  33.43545
308.0786  33.37761
308.0474  33.31972
308.0190  33.26182
>           North Atlantic Ocean: NORTH AMERICA PLATE, set 07 isochron: 33
305.3665  56.44731
305.4306  56.38792
305.5017  56.32726
305.5783  56.26462
305.6583  56.19990
305.7363  56.13472
305.8080  56.06978
305.8678  56.00552
305.9180  55.94034
305.9661  55.87272
306.0177  55.80222
306.0685  55.73043
306.1145  55.65771
306.1528  55.58329
306.1877  55.50639
>           North Atlantic Ocean: NORTH AMERICA PLATE, set 07 isochron: 33
307.7588  55.05707
307.8785  54.96874
307.9886  54.86653
308.0498  54.80832
308.1209  54.74839
308.1926  54.68639
308.2664  54.62064
308.3388  54.55154
308.4133  54.47543
308.4856  54.39397
>           North Atlantic Ocean: NORTH AMERICA PLATE, set 08 isochron: 33
312.1968  59.28211
312.2418  59.21729
312.2993  59.15465
312.3718  59.09491
312.4519  59.03870
312.5368  58.98492
312.6266  58.93256
312.7198  58.87799
312.8125  58.82077
312.9024  58.76057
312.9896  58.69806
313.0707  58.63176
313.1448  58.56310
313.2108  58.49239
313.2787  58.42381
313.3480  58.35505
313.4221  58.28696
313.4962  58.21730
>           North Atlantic Ocean: AFRICA PLATE, set 01 isochron: 33
332.8211  31.95782
332.7676  31.86032
332.7183  31.77346
332.6697  31.69604
332.6183  31.62151
332.5551  31.54575
332.4836  31.46989
>           North Atlantic Ocean: AFRICA PLATE, set 01 isochron: 33
331.1199  31.27444
331.0719  31.16721
331.0289  31.06651
330.9880  30.97592
330.9492  30.89486
330.9117  30.82153
330.8812  30.74935
330.8521  30.67712
330.8187  30.60183
330.7729  30.52403
330.7194  30.44497
330.6597  30.36220
330.6028  30.28359
330.5410  30.20189
330.4847  30.12376
330.4278  30.04557
330.3841  29.97705
330.3403  29.91088
330.2994  29.83982
330.2494  29.76141
330.1966  29.68114
330.1411  29.60382
330.0890  29.52156
330.0362  29.42886
329.9828  29.32638
>           North Atlantic Ocean: AFRICA PLATE, set 01 isochron: 33
329.4076  28.95698
329.3374  28.82938
329.2791  28.72257
329.2319  28.63778
329.1889  28.56462
>           South Atlantic Ocean: SOUTH AMERICA PLATE, set 01 isochron: 33
334.4904  -6.24607
334.4997  -6.36327
334.5046  -6.46175
334.5060  -6.54500
334.5081  -6.62337
334.5149  -6.70583
334.5260  -6.78896
>           South Atlantic Ocean: SOUTH AMERICA PLATE, set 01 isochron: 33
331.7386 -15.79636
331.7694 -15.91354
331.7973 -16.01730
331.8217 -16.10693
331.8459 -16.18516
331.8688 -16.25999
331.8923 -16.33347
331.9159 -16.41161
331.9381 -16.49639
331.9541 -16.58455
331.9673 -16.67338
331.9785 -16.75883
331.9965 -16.84420
332.0153 -16.92351
332.0388 -16.99739
332.0574 -17.06594
332.0760 -17.13581
332.0878 -17.21038
332.1003 -17.29091
332.1114 -17.37740
332.1238 -17.45187
332.1454 -17.53757
332.1788 -17.63105
332.1933 -17.70139
332.2036 -17.77242
332.2112 -17.84876
332.2202 -17.93368
332.2328 -18.03046
332.2412 -18.12460
332.2419 -18.20683
332.2352 -18.31032
332.2973 -18.34883
>           South Atlantic Ocean: SOUTH AMERICA PLATE, set 01 isochron: 33
330.9933 -31.86784
330.9776 -31.96384
330.9673 -32.04730
330.9659 -32.12057
330.9756 -32.19135
330.9874 -32.26321
330.9957 -32.33094
330.9929 -32.39458
330.9811 -32.45883
330.9645 -32.53482
330.9556 -32.62127
330.9537 -32.71578
330.9553 -32.80433
330.9513 -32.88990
330.9521 -32.97417
330.9655 -33.06643
330.9936 -33.16439
>           South Atlantic Ocean: SOUTH AMERICA PLATE, set 01 isochron: 33
324.9137 -36.59384
324.9270 -36.73452
324.9323 -36.84782
324.9291 -36.93650
324.9243 -37.01338
324.9286 -37.09344
324.9419 -37.17114
324.9601 -37.24649
324.9726 -37.32292
324.9880 -37.40311
324.9986 -37.48878
325.0120 -37.57381
325.0213 -37.66316
325.0388 -37.75510
325.0627 -37.84908
325.0782 -37.93642
325.0854 -38.01712
325.0820 -38.09123
325.0855 -38.16138
325.0856 -38.23586
325.0844 -38.31682
325.0771 -38.41084
325.0739 -38.50526
325.0756 -38.60065
325.0807 -38.68823
325.0795 -38.77361
325.0707 -38.85674
325.0591 -38.93872
325.0523 -39.01787
325.0510 -39.09473
325.0532 -39.17151
>           South Atlantic Ocean: AFRICA PLATE, set 02 isochron: 33
358.9440  -5.71590
358.9751  -5.87327
359.0039  -6.00565
359.0345  -6.10883
359.0721  -6.19385
359.1143  -6.27534
359.1553  -6.35614
359.1906  -6.43837
359.2220  -6.53659
359.2190  -6.50680
>           South Atlantic Ocean: AFRICA PLATE, set 02 isochron: 33
359.6158  -7.68155
359.6195  -7.79565
359.6280  -7.90485
359.6434  -8.00706
359.6602  -8.10645
359.6749  -8.20307
359.6840  -8.29766
359.6924  -8.39153
359.7028  -8.48259
359.7167  -8.57154
359.7306  -8.65356
359.7430  -8.73146
>           South Atlantic Ocean: AFRICA PLATE, set 02 isochron: 33
  2.4229 -26.13402
  2.4355 -26.21905
  2.4495 -26.30525
  2.4662 -26.39079
  2.4844 -26.47623
  2.5031 -26.55412
  2.5219 -26.62820
  2.5399 -26.69913
  2.5600 -26.77124
  2.5807 -26.84144
  2.6022 -26.90847
  2.6208 -26.97300
  2.6374 -27.03628
>           South Atlantic Ocean: AFRICA PLATE, set 02 isochron: 33
  2.5451 -27.86179
  2.5569 -27.93256
  2.5735 -28.00143
  2.5942 -28.06837
  2.6143 -28.13467
  2.6316 -28.20094
  2.6482 -28.26901
  2.6676 -28.34071
  2.6898 -28.41724
  2.7135 -28.49680
>           Indian Ocean: ANTARCTICA PLATE, set 10 isochron: 33
 51.8071 -51.28261
 52.0020 -51.39299
 52.2002 -51.49321
 52.3994 -51.58112
 52.6027 -51.66541
 52.8101 -51.74997
 53.0257 -51.84212
 53.2460 -51.94090
 53.4623 -52.04840
 53.6728 -52.15944
>           Indian Ocean: ANTARCTICA PLATE, set 10 isochron: 33
 52.6566 -53.31709
 52.8792 -53.41066
 53.0961 -53.50514
 53.3082 -53.60185
 53.5217 -53.69963
 53.7366 -53.79550
 53.9481 -53.88542
 54.1465 -53.97711
 54.3337 -54.06897
 54.5153 -54.16391
 54.7047 -54.25221
 54.9044 -54.34073
 55.1117 -54.42705
 55.3240 -54.51520
 55.5387 -54.60104
>           Indian Ocean: AUSTRALIA PLATE, set 13 isochron: 33
 79.6455  -4.66330
 79.8291  -4.67139
 80.0017  -4.68160
 80.1605  -4.68981
 80.3123  -4.69735
 80.4592  -4.70422
 80.6089  -4.71941
 80.7677  -4.73804
 80.9320  -4.75246
 81.0921  -4.75300
 81.2424  -4.74246
>           Indian Ocean: AUSTRALIA PLATE, set 13 isochron: 33
 82.6251  -5.98441
 82.8802  -5.99907
 83.0937  -6.00903
 83.2676  -6.01573
 83.4215  -6.02255
 83.5719  -6.03978
 83.7169  -6.06603
>           Indian Ocean: AUSTRALIA PLATE, set 13 isochron: 33?
 86.3000   2.76226
 86.5531   2.73229
 86.7638   2.72155
 86.9308   2.73008
 87.0700   2.74543
 87.2030   2.75658
 87.3340   2.75518
 87.4692   2.74474
 87.6099   2.72527
>           Indian Ocean: AUSTRALIA PLATE, set 14 isochron: 33
 91.8278 -20.98299
 92.0398 -20.96452
 92.2262 -20.94603
 92.3855 -20.92765
 92.5268 -20.91003
 92.6688 -20.89243
 92.8156 -20.87022
 92.9687 -20.84270
>           Indian Ocean: AUSTRALIA PLATE, set 14 isochron: 33
 93.4717 -20.24150
 93.6990 -20.24706
 93.8917 -20.24934
 94.0490 -20.24722
 94.1869 -20.24524
 94.3234 -20.23998
 94.4634 -20.23277
 94.6075 -20.22420
 94.7564 -20.21751
>           Indian Ocean: AUSTRALIA PLATE, set 14 isochron: 33
 96.1416 -16.90665
 96.3460 -16.88306
 96.5365 -16.85943
 96.7090 -16.83722
 96.8787 -16.82102
 97.0415 -16.80553
 97.2029 -16.79003
 97.3574 -16.77257
 97.5091 -16.75512
 97.6566 -16.73698
>           Indian Ocean: AUSTRALIA PLATE, set 14 isochron: 33
 99.2772  -9.33517
 99.4731  -9.26197
 99.6462  -9.19365
 99.8026  -9.12608
 99.9520  -9.05787
100.1126  -9.00266
100.2781  -8.96601
100.4450  -8.93967
100.6022  -8.89822
100.7448  -8.84788
100.8825  -8.79827
101.0237  -8.75759
101.1768  -8.71615
101.3305  -8.67332
101.4814  -8.63464
101.6219  -8.59600
101.7569  -8.55392
>           Pacific Ocean: Munschy 1996 GAMA picks isochron: 33
212.8578	-7.6393				
212.9857	-7.9971
>		Pacific Ocean: Munschy 1996 MAEA picks isochron: 33	
211.0198	-13.8934				
208.6465	-17.2453				
209.8406	-17.2956				
208.6268	-17.335				
210.0952	-17.7327				
208.7716	-17.923				
210.1343	-18.0272				
208.7944	-18.0732				
208.7946	-18.2924				
210.2862	-18.4914				
208.8377	-18.5301				
208.8955	-18.8144				
210.3299	-18.8701
>		Pacific Ocean: SGB ME picks isochron: 33
194.996	39.3426
>		Pacific Ocean: SGB MEMU picks isochron: 33
211.3978	30.792
>		Pacific Ocean: SGB MUMO picks isochron: 33
205.205	27.003				
205.505	24.675	
205.7554	23.9492				
205.7444	23.8779				
205.8944	23.3353				
205.8974	23.1726				
205.999	23.054				
206.106	23.034				
206.102	22.962				
206.129	22.724				
205.9971	22.6593				
206.201	22.391				
206.201	22.39				
206.1999	22.3773
>		Pacific Ocean: SGB MOCL picks isochron: 33
213.899	20.6777				
213.8988	20.4878				
214.002	19.569				
214.249	18.3391				
214.802	17.704				
213.9218	17.7003				
215.2996	15.2125				
215.2995	15.18	
>		Pacific Ocean: SGB CLCL picks isochron: 33
210.4994	11.166				
210.9		9.326				
211.204	7.816				
211.15	7.776				
211.301	6.057	
>		Pacific Ocean: SGB CLGA picks isochron: 33
208.4989	-3.174				
208.9985	-5.1081