>           Pacific Ocean: PACIFIC PLATE, set 06 isochron: 21
196.2311 -53.09825
196.3034 -53.03510
196.3840 -52.97395
196.4749 -52.91779
196.5776 -52.86702
196.6907 -52.82169
196.8080 -52.77502
196.9211 -52.73335
197.0217 -52.68910
197.1167 -52.64436
197.2111 -52.59326
197.3083 -52.54083
197.4068 -52.49512
197.5018 -52.44936
197.5955 -52.40353
197.6863 -52.35127
>           Pacific Ocean: PACIFIC PLATE, set 06 isochron: 21
204.7273 -51.12595
204.8072 -51.06297
204.8989 -51.00523
205.0030 -50.95357
205.1113 -50.90050
205.2181 -50.84692
205.3222 -50.79242
205.4263 -50.74139
205.5318 -50.68808
205.6387 -50.63251
205.7408 -50.57288
205.8338 -50.51360
205.9177 -50.45648
205.9913 -50.40105
206.0607 -50.34598
206.1197 -50.28326
206.1816 -50.21289
206.2441 -50.13351
206.3198 -50.05087
206.4018 -49.96812
206.4851 -49.88699
206.5642 -49.81021
206.6316 -49.73738
206.6961 -49.67525
206.8002 -49.57607
206.9107 -49.47255
206.9760 -49.41008
207.0523 -49.34708
207.1265 -49.28174
>           Pacific Ocean: PACIFIC PLATE, set 06 isochron: 21
214.3363 -49.74268
214.4736 -49.69818
>           Pacific Ocean: PACIFIC PLATE, set 09 isochron: 21
172.9159 -62.06410
173.0562 -62.02803
173.1957 -61.99384
173.3379 -61.96220
173.4841 -61.93213
>           Pacific Ocean: PACIFIC PLATE, set 09 isochron: 21
183.5577 -58.49466
183.6626 -58.45543
183.7799 -58.42313
183.9110 -58.39844
184.0498 -58.37737
184.1872 -58.35773
184.3211 -58.33479
184.4530 -58.31001
184.5827 -58.28229
184.7146 -58.25346
184.8513 -58.22426
184.9922 -58.19171
185.1309 -58.16354
185.2613 -58.13937
185.3869 -58.12328
185.5097 -58.10497
185.6326 -58.08296
185.7561 -58.05653
185.8817 -58.03120
186.0108 -58.00659
186.1378 -57.98010
186.2627 -57.95544
186.3904 -57.93005
186.5264 -57.90834
186.6686 -57.88179
186.8067 -57.85966
186.9406 -57.83492
187.0710 -57.81424
187.2036 -57.78761
187.3340 -57.76396
187.4652 -57.73654
187.5963 -57.71397
187.7302 -57.68875
187.8634 -57.66986
187.9932 -57.65059
188.1160 -57.63425
188.2318 -57.61755
188.3470 -57.59898
188.5872 -57.55136
188.7093 -57.52565
188.8307 -57.50143
188.9480 -57.47981
189.0667 -57.45894
189.1867 -57.43729
189.3102 -57.41451
189.4365 -57.38985
189.5642 -57.36742
189.6911 -57.34760
189.8153 -57.33069
>           Pacific Ocean: PACIFIC PLATE, set 11 isochron: 21
220.4851 -34.25350
220.5369 -34.31461
220.5902 -34.38086
220.6422 -34.45338
220.6864 -34.52756
220.7301 -34.60055
220.7764 -34.67230
220.8318 -34.74516
220.8872 -34.81738
220.9426 -34.88667
220.9945 -34.95417
221.0437 -35.02049
221.0894 -35.08617
221.1372 -35.15010
221.1892 -35.21343
>           Pacific Ocean: PACIFIC PLATE, set 11 isochron: 21
224.5590 -40.53098
224.6282 -40.62097
224.6850 -40.70137
224.7285 -40.77164
224.7638 -40.83655
224.7963 -40.89876
224.8247 -40.95934
224.8793 -41.08661
224.9173 -41.15540
224.9609 -41.22571
225.0066 -41.29539
225.0461 -41.36555
225.0848 -41.43353
225.1201 -41.49884
225.1575 -41.56148
225.1955 -41.62456
225.2377 -41.69019
225.2785 -41.75835
225.3186 -41.82436
225.3664 -41.88409
225.4247 -41.93704
>           Pacific Ocean: PACIFIC PLATE, set 11 isochron: 21
218.0693 -18.53028
218.1067 -18.59121
218.1392 -18.64751
218.1745 -18.70047
218.2084 -18.77258
218.2548 -18.85988
218.2998 -18.95970
218.3448 -19.04690
218.3780 -19.12351
218.4077 -19.19215
218.4347 -19.26272
218.4617 -19.33461
218.4879 -19.40645
218.5087 -19.47956
218.5287 -19.55462
218.5453 -19.62965
218.5646 -19.70069
218.5832 -19.76777
218.6012 -19.83218
218.6171 -19.89594
>           Pacific Ocean: PACIFIC PLATE, set 11 isochron: 21
221.9470  -6.12257
221.9587  -6.19001
221.9753  -6.26232
221.9960  -6.34367
222.0161  -6.42918
222.0347  -6.51953
222.0534  -6.60986
222.0734  -6.69601
222.0948  -6.78007
222.1169  -6.86619
222.1377  -6.95992
222.1549  -7.05571
222.1673  -7.14526
222.1783  -7.22714
222.1900  -7.30692
222.2038  -7.39154
222.2218  -7.48032
222.2418  -7.56908
222.2639  -7.65158
222.2805  -7.72784
222.2950  -7.80061
222.3074  -7.87682
222.3232  -7.95787
222.3419  -8.03960
222.3647  -8.11786
222.3910  -8.19403
222.4173  -8.27364
222.4408  -8.35877
222.4594  -8.44595
222.4760  -8.52896
222.4925  -8.60573
222.5078  -8.67558
222.5222  -8.74194
222.5347  -8.80830
222.5505  -8.88293
222.5678  -8.96654
222.5892  -9.05773
222.6141  -9.15026
222.6445  -9.24969
222.6722  -9.35253
222.6970  -9.45535
222.7150  -9.55054
222.7357  -9.64019
222.7543  -9.73189
222.7771  -9.82355
222.8055  -9.91796
222.8422 -10.01099
>           Pacific Ocean: PACIFIC PLATE, set 11 isochron: 21
225.6701  22.83353
225.6873  22.74720
225.7108  22.65501
225.7343  22.56215
225.7564  22.47955
225.7715  22.40723
225.7868  22.33746
225.7971  22.26183
225.8060  22.18227
225.8143  22.10268
225.8259  22.01851
225.8383  21.92780
225.8493  21.82924
225.8582  21.73453
225.8678  21.64041
225.8761  21.54816
225.8829  21.45456
225.8849  21.36610
225.8869  21.28217
225.8875  21.20535
225.8895  21.13238
225.8907  21.05807
225.8934  20.97589
225.8968  20.88844
225.9002  20.80424
225.9029  20.72519
225.9049  20.65003
225.9076  20.57548
225.9117  20.50417
225.9178  20.43349
225.9247  20.35881
225.9322  20.27888
225.9398  20.19498
225.9494  20.11364
225.9597  20.02963
225.9749  19.94623
225.9922  19.86213
226.0129  19.78519
226.0281  19.71352
226.0412  19.64442
226.0529  19.57532
226.0674  19.50024
226.0832  19.41984
226.0991  19.32821
226.1170  19.23322
226.1343  19.15205
226.1529  19.05829
226.1680  18.95455
226.1832  18.87918
226.1991  18.79980
226.2135  18.70847
226.2245  18.61712
226.2341  18.52173
226.2403  18.43558
226.2513  18.35136
226.2644  18.27374
226.2809  18.19142
226.2954  18.10443
>           Pacific Ocean: PACIFIC PLATE, set 11 isochron: 21
207.2702  51.03954
207.2640  50.97229
207.2563  50.90365
207.2475  50.83224
207.2369  50.76028
207.2251  50.68805
207.2124  50.61962
207.1985  50.55280
207.1756  50.42681
207.1507  50.30308
207.1246  50.17547
207.1072  50.04613
207.0803  49.91281
207.0653  49.84018
207.0549  49.76615
207.0486  49.69400
207.0428  49.62313
207.0331  49.55205
207.0241  49.48119
207.0150  49.41182
207.0067  49.34301
206.9935  49.27386
206.9766  49.20347
206.9597  49.13401
206.9444  49.06443
206.9327  48.99660
206.9221  48.92926
>           Pacific Ocean: PACIFIC PLATE, set 11 isochron: 21
209.3876  47.51374
209.3913  47.38751
209.3850  47.26067
209.3812  47.19278
209.3761  47.12193
209.3689  47.05049
209.3609  46.97916
209.3539  46.90731
209.3491  46.83534
209.3449  46.76509
209.3404  46.69919
209.3352  46.63557
209.3323  46.57001
209.3326  46.49819
209.3331  46.42039
209.3311  46.33810
209.3242  46.25466
209.3160  46.17151
209.3088  46.09361
209.3052  46.02163
209.3046  45.95530
209.3050  45.89032
209.3055  45.82377
209.3033  45.75495
209.2984  45.68575
209.2906  45.61634
209.2811  45.54422
209.2700  45.46813
209.2588  45.38966
209.2491  45.31408
209.2422  45.24080
209.2361  45.16907
209.2334  45.09303
209.2321  45.01345
209.2343  44.93256
209.2361  44.85727
209.2398  44.78849
209.2413  44.72213
209.2378  44.65466
209.2301  44.58644
209.2203  44.52164
209.2135  44.39856
209.2106  44.33644
209.2012  44.27420
209.1910  44.21037
209.1836  44.14315
209.1806  44.07095
209.1804  43.99571
209.1801  43.91968
>           Pacific Ocean: PACIFIC PLATE, set 11 isochron: 21
206.8070  43.42022
206.8297  43.29123
206.8437  43.22485
206.8575  43.15699
206.8689  43.09033
206.8844  42.95751
206.8920  42.88893
206.9009  42.81868
206.9098  42.74915
206.9174  42.68092
206.9234  42.61206
206.9306  42.54252
206.9388  42.46872
206.9489  42.39401
206.9588  42.31723
206.9680  42.24255
206.9768  42.16880
206.9872  42.09571
207.0018  42.02323
207.0168  41.95045
207.0277  41.87729
207.0311  41.80441
207.0322  41.73351
207.0364  41.66586
207.0425  41.60009
207.0476  41.53488
207.0487  41.46848
207.0542  41.40030
207.0627  41.33060
207.0746  41.26255
207.0919  41.13424
207.1143  41.03568
207.1162  40.96956
207.1272  40.90441
207.1351  40.84003
207.1395  40.76250
207.1404  40.69817
207.1673  40.63723
207.1767  40.54980
207.1911  40.45703
>           Pacific Ocean: PACIFIC PLATE, set 11 isochron: 21
205.4116  53.32371
205.3758  53.25460
205.3386  53.18414
205.2959  53.10940
205.2483  53.02825
205.1959  52.94360
205.1476  52.86174
205.1029  52.78352
205.0665  52.70852
205.0336  52.63343
>           Pacific Ocean: PACIFIC PLATE, set 11 isochron: 21
208.7595  57.06643
208.7271  56.99784
208.6913  56.92612
208.6528  56.85161
208.6149  56.77812
208.5792  56.70562
208.5476  56.63527
208.5196  56.56602
>           Pacific Ocean: PACIFIC PLATE, set 11 isochron: 21
220.9672  40.05141
220.9855  39.91713
220.9881  39.84805
220.9879  39.77835
220.9884  39.71126
220.9896  39.64628
220.9873  39.58445
220.9869  39.45307
220.9929  39.37918
220.9982  39.30415
221.0022  39.23173
221.0026  39.16035
221.0017  39.08561
221.0050  39.00808
221.0075  38.93211
221.0115  38.86150
221.0106  38.79297
221.0097  38.72383
221.0067  38.65250
>           Pacific Ocean: PACIFIC PLATE, set 11 isochron: 21
222.6356  38.25232
222.6277  38.17166
222.6324  38.09586
222.6496  38.02275
222.6743  37.95066
222.6942  37.87627
222.7120  37.80348
222.7222  37.73339
222.7415  37.66599
222.7663  37.59907
222.7959  37.53151
222.8158  37.46283
222.8218  37.39574
222.8230  37.32805
222.8291  37.25639
222.8427  37.17740
222.8619  37.09612
222.8707  37.01924
222.8844  36.94785
222.8932  36.87918
222.9097  36.81212
222.9143  36.74389
222.9141  36.67054
222.9215  36.59377
222.9386  36.51693
222.9634  36.44618
222.9784  36.37366
222.9907  36.29715
223.0029  36.21494
223.0068  36.13096
223.0031  36.04971
222.9974  35.97178
222.9986  35.90112
223.0039  35.83491
222.9982  35.77150
222.9945  35.70177
222.9915  35.62745
223.0024  35.54851
223.0188  35.47176
223.0297  35.39437
223.0392  35.31632
223.0411  35.23652
223.0540  35.15718
223.0642  35.07778
223.0778  34.99885
223.0887  34.91928
223.1037  34.84079
223.1201  34.76279
223.1387  34.68299
223.1544  34.60310
223.1695  34.52488
223.1817  34.45293
223.1968  34.38435
223.2098  34.31284
223.2200  34.23317
223.2232  34.13666
223.2256  34.03253
223.2295  33.92713
223.2390  33.83960
223.2492  33.76359
223.2661  33.61594
223.2756  33.53156
223.2878  33.43833
223.3021  33.34792
223.3116  33.27323
223.3163  33.20900
223.3331  33.24111
>           Pacific Ocean: PACIFIC PLATE, set 11 isochron: 21
216.3249  30.88908
216.3237  30.72634
216.3234  30.60018
216.3252  30.50333
216.3361  30.41116
216.3573  30.30199
216.3833  30.18668
216.4150  30.08032
216.4397  29.98412
216.4630  29.89327
216.4794  29.79264
216.5006  29.68582
216.5198  29.57893
216.5341  29.48470
216.5422  29.40012
216.5496  29.31910
216.5639  29.23804
216.5769  29.15751
216.5941  29.07934
216.6070  28.99992
216.6228  28.91857
216.6344  28.83227
216.6432  28.74469
216.6505  28.65274
216.6537  28.56071
216.6674  28.47044
216.6838  28.38563
216.7141  28.30504
216.7333  28.21573
216.7511  28.12268
216.7578  28.02279
216.7707  27.92834
216.7843  27.83195
216.8021  27.73734
216.8206  27.64140
216.8384  27.54973
216.8527  27.46231
216.8622  27.38104
216.8690  27.30344
216.8757  27.22639
216.8845  27.14619
216.8940  27.06031
216.9070  26.96814
216.9220  26.87339
216.9419  26.77983
216.9604  26.69492
216.9768  26.61621
216.9891  26.54055
217.0028  26.46047
217.0220  26.37342
217.0468  26.28195
217.0715  26.18975
217.0921  26.10629
217.1078  26.02904
217.1229  25.95805
217.1359  25.88573
217.1503  25.81337
217.1660  25.73467
217.1873  25.65023
217.2149  25.56194
217.2438  25.47423
217.2713  25.38266
217.2925  25.28532
217.3166  25.18285
217.3497  25.08855
217.3911  24.99224
217.4311  24.90091
217.4627  24.80637
217.4903  24.72891
217.5158  24.66031
217.5488  24.56622
217.5681  24.50260
217.5797  24.42813
217.5632  24.46507
>           Pacific Ocean: PACIFIC PLATE, set 11 isochron: 21?
221.0265   3.94070
221.0466   3.86951
221.0638   3.79763
221.0859   3.72432
221.1178   3.64893
221.1586   3.56863
221.1939   3.48552
221.2257   3.40800
221.2527   3.33885
221.2845   3.27739
221.3136   3.20892
221.3600   3.11111
221.3814   3.04196
>           Pacific Ocean: PACIFIC PLATE, set 11 isochron: 21??
206.3978  55.76815
206.3766  55.70229
206.3506  55.63555
206.3162  55.56754
206.2721  55.49821
206.2238  55.42916
206.1721  55.35765
206.1232  55.28318
206.0708  55.20543
206.0226  55.13110
205.9771  55.06144
205.9400  54.99522
205.9057  54.92929
205.8748  54.85964
205.8474  54.78826
205.8228  54.71436
205.7953  54.64395
205.7617  54.57582
205.7218  54.50842
205.6819  54.43926
205.6427  54.36836
205.6049  54.29899
205.5663  54.22741
205.5299  54.15002
205.4963  54.06562
>           Pacific Ocean: PACIFIC PLATE, set 12 isochron: 21
169.5694  52.39734
169.6587  52.45001
169.7506  52.50187
169.8443  52.55355
169.9393  52.60689
170.0355  52.66136
170.1335  52.71627
>           Pacific Ocean: PACIFIC PLATE, set 12 isochron: 21
173.6541  50.07169
173.7557  50.12029
173.8548  50.16857
173.9499  50.21565
174.0417  50.26121
174.1331  50.30727
174.2278  50.35568
174.3253  50.40911
174.4231  50.46325
174.5167  50.51721
174.6068  50.56828
174.6945  50.62052
174.7822  50.67324
174.8719  50.72506
174.9637  50.77460
175.0551  50.82372
175.1436  50.87556
175.2290  50.92955
175.3140  50.98437
175.3988  51.03901
175.4846  51.09325
175.5706  51.14721
>           Pacific Ocean: NAZCA PLATE, set 06 isochron: 21
285.6395 -20.73031
285.6837 -20.80611
285.7281 -20.87863
285.7710 -20.94653
285.8160 -21.01703
285.8610 -21.08878
285.9108 -21.16378
285.9586 -21.23352
286.0064 -21.30452
286.0493 -21.37808
286.0957 -21.45748
286.1421 -21.53488
286.1912 -21.60574
286.2349 -21.67071
286.2785 -21.73566
286.3166 -21.80316
286.3574 -21.87518
286.3955 -21.94845
286.4370 -22.02363
286.4792 -22.10007
286.5208 -22.17516
286.5602 -22.24828
286.5955 -22.31554
286.6287 -22.38148
286.6606 -22.44157
286.6966 -22.49842
286.7367 -22.55330
286.7817 -22.61977
286.8253 -22.69972
286.8717 -22.78737
286.9146 -22.86983
286.9561 -22.94258
286.9963 -23.01015
287.0413 -23.07897
287.0919 -23.15289
287.1431 -23.22871
287.1888 -23.29999
287.2283 -23.36546
>           Pacific Ocean: NAZCA PLATE, set 06 isochron: 21
285.3914 -19.22910
285.4274 -19.29179
285.4543 -19.35511
285.4751 -19.42104
285.5027 -19.49155
285.5457 -19.56404
285.5990 -19.63452
285.6537 -19.70037
285.7043 -19.76225
285.7528 -19.82213
>           Pacific Ocean: ANTARCTICA PLATE, set 01 isochron: 21
240.1780 -61.76530
240.2893 -61.69910
240.4018 -61.63077
240.5074 -61.56064
240.6149 -61.49370
240.7142 -61.42960
240.8211 -61.36769
240.9274 -61.30098
241.0406 -61.23146
241.1503 -61.15875
241.2558 -61.08655
241.3564 -61.01553
241.4641 -60.94675
241.5842 -60.87747
241.7162 -60.80771
241.8425 -60.73810
241.9625 -60.67142
242.0750 -60.60597
242.1853 -60.54071
242.2901 -60.47568
242.3873 -60.41017
242.4859 -60.34521
242.5894 -60.28014
242.6998 -60.21318
242.8109 -60.14575
242.9296 -60.07751
243.0517 -60.01505
243.1808 -59.95105
243.3051 -59.88553
243.4399 -59.81184
243.5802 -59.73343
243.7252 -59.65025
243.8633 -59.56865
243.9875 -59.49249
244.1034 -59.42500
244.2054 -59.36269
244.3067 -59.30667
244.4053 -59.25626
244.5078 -59.21147
>           Pacific Ocean: ANTARCTICA PLATE, set 01 isochron: 21
264.0227 -56.07652
264.0603 -56.01584
264.0986 -55.95471
264.1320 -55.89270
264.1709 -55.82904
264.2043 -55.76175
264.2363 -55.68924
264.2607 -55.61232
>           Pacific Ocean: ANTARCTICA PLATE, set 08 isochron: 21
275.8519 -57.19328
275.9148 -57.25352
275.9889 -57.31148
276.0713 -57.36745
276.1524 -57.42072
276.2260 -57.47391
>           Pacific Ocean: ANTARCTICA PLATE, set 08 isochron: 21
271.1674 -55.00935
271.2816 -55.05730
271.3918 -55.10355
271.4965 -55.14616
271.5977 -55.18636
271.6982 -55.22688
271.7994 -55.26936
271.9014 -55.30943
272.0034 -55.34587
>           Pacific Ocean: ANTARCTICA PLATE, set 08 isochron: 21
267.1314 -53.18256
267.2409 -53.20557
267.3491 -53.23189
267.4537 -53.26646
267.5557 -53.31017
>           Pacific Ocean: ANTARCTICA PLATE, set 09 isochron: 21
280.9985 -60.32538
280.9243 -60.38657
280.8432 -60.44836
280.7509 -60.51208
280.6474 -60.57535
280.5384 -60.63747
280.4287 -60.69637
280.3259 -60.75586
280.2266 -60.81624
280.1299 -60.87825
>           Pacific Ocean: AUSTRALIA PLATE, set 10 isochron: 21?
166.7360 -17.86557
166.5920 -17.98397
166.4492 -18.10493
>           North Atlantic Ocean: NORTH AMERICA PLATE, set 02 isochron: 21
319.5952  37.71640
319.5180  37.65045
319.4437  37.58167
319.3708  37.51450
319.2978  37.44784
319.2263  37.38164
319.1576  37.31152
>           North Atlantic Ocean: NORTH AMERICA PLATE, set 02 isochron: 21
318.1512  36.29232
318.0204  36.16463
317.9198  36.06113
317.8449  35.98469
317.7886  35.92576
317.7289  35.87016
317.6713  35.81737
317.6150  35.76282
317.5580  35.70824
317.5004  35.64510
317.4372  35.57792
317.3698  35.50615
317.3004  35.43657
317.2324  35.36749
>           North Atlantic Ocean: NORTH AMERICA PLATE, set 02 isochron: 21
313.9676  34.06962
313.9064  33.99010
313.8474  33.91110
313.7814  33.82855
313.7064  33.74589
313.6210  33.66548
313.5390  33.60016
313.4696  33.54178
313.4105  33.48744
313.3577  33.42433
313.3022  33.36060
313.2438  33.29390
313.1806  33.22888
313.1209  33.15971
313.0647  33.09285
313.0091  33.02476
312.9473  32.95603
312.8758  32.88253
312.8056  32.80836
312.7383  32.73475
312.6786  32.66284
312.6175  32.59443
312.5536  32.52771
312.4890  32.46271
312.4285  32.39472
312.3723  32.32786
312.3132  32.25740
312.2493  32.18570
312.1827  32.11037
312.1175  32.03560
>           North Atlantic Ocean: NORTH AMERICA PLATE, set 02 isochron: 21
310.6543  31.05690
310.6042  30.98485
310.5556  30.91457
310.5119  30.84305
310.4661  30.76845
310.4230  30.69320
310.3821  30.61910
310.3467  30.54617
310.3141  30.47136
310.2843  30.39894
310.2517  30.33612
310.1948  30.24179
310.1225  30.13097
310.0746  30.05584
310.0149  29.97757
309.9635  29.90170
309.9108  29.82698
309.8629  29.75222
309.8177  29.67618
309.7761  29.60070
309.7345  29.52456
309.6887  29.44713
309.6414  29.36842
309.5956  29.29209
309.5533  29.21694
309.5096  29.13926
309.4617  29.05662
309.4075  28.96841
309.3520  28.88197
309.3013  28.79792
309.2610  28.72056
309.2257  28.64561
309.1882  28.57059
309.1465  28.49305
309.1111  28.41423
309.0779  28.33722
309.0417  28.26137
308.9973  28.18792
308.9536  28.11565
308.9113  28.04643
308.8661  27.97531
308.8168  27.90290
308.7696  27.82919
308.7294  27.75854
308.6919  27.69096
308.6475  27.61961
308.5933  27.54135
308.5350  27.45433
308.4801  27.36663
308.4336  27.28386
308.3920  27.20352
308.3531  27.12500
308.3108  27.04455
308.2671  26.96778
308.2233  26.89408
308.1844  26.82158
308.1491  26.75090
308.1144  26.68084
308.0776  26.61446
308.0388  26.54867
307.9992  26.48348
>           North Atlantic Ocean: NORTH AMERICA PLATE, set 02 isochron: 21
307.4127  24.58959
307.4023  24.52461
307.3870  24.45642
307.3648  24.38434
307.3419  24.31223
307.3205  24.24071
307.3039  24.16788
307.2886  24.09052
307.2811  24.00483
307.2784  23.91460
307.2749  23.82240
307.2639  23.73910
307.2500  23.66536
307.2293  23.53830
307.1974  23.40722
307.1787  23.33391
307.1614  23.25477
307.1441  23.17689
307.1268  23.09766
307.1081  23.01838
307.0894  22.93389
307.0707  22.84872
307.0576  22.76738
307.0493  22.69374
307.0444  22.62653
307.0389  22.56188
>           North Atlantic Ocean: NORTH AMERICA PLATE, set 02 isochron: 21
306.3734  17.84183
306.3456  17.76374
306.3164  17.68562
306.2887  17.61082
306.2651  17.53866
306.2464  17.47048
306.2319  17.39895
306.2180  17.32538
306.2056  17.24709
306.1924  17.16812
>           North Atlantic Ocean: NORTH AMERICA PLATE, set 02 isochron: 21??
306.9706  22.00193
306.9582  21.86609
306.9444  21.75229
306.9284  21.66120
306.9125  21.58501
306.8994  21.51334
306.8862  21.44490
306.8696  21.37836
306.8467  21.31377
306.8245  21.24911
306.8023  21.18248
306.7836  21.11256
306.7642  21.04523
306.7462  20.98117
>           North Atlantic Ocean: NORTH AMERICA PLATE, set 03 isochron: 21
322.1966  51.93280
322.3131  51.83506
322.4189  51.75316
322.5099  51.68709
322.5879  51.63218
322.6609  51.57631
322.7348  51.51994
322.8127  51.46265
322.8823  51.40480
322.9463  51.34470
323.0083  51.28019
323.0843  51.21253
323.1650  51.14257
323.2464  51.07557
323.3167  51.01114
323.3884  50.95098
323.4546  50.88768
323.5235  50.82206
323.5833  50.75193
323.6488  50.68393
323.7143  50.61583
323.7895  50.54538
323.8640  50.46952
323.9433  50.39088
324.0192  50.31524
324.0881  50.24166
324.1501  50.16887
324.2037  50.09599
324.2615  50.02480
324.3138  49.95570
324.3681  49.88605
324.4176  49.81589
324.4733  49.74471
324.5297  49.67071
324.5910  49.59158
324.6502  49.50967
324.7066  49.42669
324.7567  49.34719
324.8006  49.26847
324.8432  49.19374
324.8885  49.11934
324.9394  49.04666
324.9888  48.97436
325.0306  48.90376
325.0634  48.83395
325.0969  48.76408
325.1275  48.69318
325.1568  48.61938
325.1813  48.54456
325.2078  48.46825
325.2371  48.39368
325.2615  48.31621
325.2825  48.23814
325.3000  48.15668
325.3189  48.07697
325.3364  47.99529
325.3553  47.91297
325.3784  47.82774
325.4049  47.74282
325.4280  47.66249
325.4468  47.58201
325.4637  47.50140
325.4791  47.41548
325.4917  47.33413
325.5009  47.25790
325.5114  47.19009
325.5219  47.12314
325.5296  47.05417
325.5297  46.98084
325.5229  46.90740
325.5125  46.84344
325.4988  46.76553
325.4913  46.66684
325.4886  46.58001
325.4824  46.50892
325.4770  46.44397
325.4611  46.37026
325.4411  46.29114
325.4349  46.22740
325.4211  46.12968
325.3969  46.06329
325.3936  45.97160
325.3784  45.88755
325.3535  45.80625
325.3126  45.74287
325.2870  45.65648
325.2510  45.57778
325.2219  45.49111
325.1726  45.37188
325.1331  45.28983
325.0873  45.20467
325.0374  45.11991
324.9945  45.03649
324.9508  44.95296
324.9078  44.87327
324.8523  44.79344
324.7975  44.71649
324.7427  44.63794
324.6934  44.56128
324.6421  44.48051
324.5915  44.39865
324.5430  44.31668
324.4944  44.24010
324.4438  44.16793
324.3910  44.09766
324.3453  44.02731
324.3058  43.95337
324.2704  43.87580
324.2316  43.79058
324.1942  43.70219
324.1645  43.61066
324.1430  43.52459
324.1237  43.44499
324.1015  43.37236
324.0863  43.30782
324.0879  43.20351
324.0852  43.13064
324.0561  43.04692
324.0340  42.95592
324.0341  42.88736
324.0461  42.82230
324.0510  42.73817
324.0407  42.66423
324.0290  42.57939
324.0222  42.47220
324.0446  42.36442
324.0544  42.28280
324.0295  42.21500
324.0122  42.14768
323.9942  42.07404
323.9853  41.99252
323.9875  41.93330
323.9911  41.85215
323.9661  41.79013
323.9627  41.70302
323.9607  41.63617
323.9476  41.56089
323.9331  41.48554
323.9110  41.41269
323.8867  41.33921
323.8577  41.25780
323.8244  41.17469
323.7856  41.08725
323.7467  41.00394
323.7135  40.92051
323.6803  40.84385
323.6414  40.77135
323.5893  40.70190
323.5317  40.62653
323.4679  40.54097
323.4012  40.44788
323.3318  40.35360
323.2611  40.26344
323.1931  40.17690
323.1265  40.09505
323.0648  40.01579
323.0092  39.93644
322.9607  39.85539
322.9142  39.77157
322.8670  39.68982
322.8290  39.60849
322.8048  39.53085
322.7966  39.45154
322.7918  39.37321
322.7968  39.28722
322.8060  39.19193
322.8221  39.08576
>  North Atlantic Ocean: NAM PLATE, set 03 or NAM PLATE, set 07 isochron: 21
314.4170  56.75235
314.5309  56.76014
314.7568  56.77255
314.8714  56.77455
314.9916  56.77084
315.1146  56.76326
315.2432  56.74653
315.3704  56.72361
315.4940  56.69919
315.6100  56.67778
315.7219  56.65870
315.8331  56.63768
315.9429  56.61085
316.0520  56.57749
316.1535  56.53446
316.2473  56.48405
316.3258  56.42119
316.3890  56.35165
316.4314  56.27695
316.4564  56.20328
316.4682  56.12983
316.4730  56.05506
316.4724  55.98135
316.4654  55.90863
316.4571  55.84049
316.4502  55.77458
316.4495  55.70897
316.4467  55.63373
316.4404  55.54849
316.4349  55.45519
316.4343  55.36884
316.4391  55.28903
316.4370  55.21583
316.4315  55.13888
316.4253  55.06055
316.4267  54.98294
316.4295  54.91200
316.4253  54.84535
316.4018  54.71607
316.3802  54.57912
316.3719  54.50457
316.3664  54.42422
316.3657  54.34496
316.3720  54.26471
316.3803  54.19044
316.3929  54.11770
316.3977  54.05054
316.4019  53.98369
316.4054  53.91795
316.4193  53.85211
316.4381  53.78741
316.4687  53.66187
316.4798  53.60018
316.4951  53.53925
316.5125  53.47531
316.5376  53.40752
316.5717  53.33338
316.6161  53.26038
316.6620  53.18939
316.7064  53.12249
>           North Atlantic Ocean: NORTH AMERICA PLATE, set 06 isochron: 21
331.7051  67.54806
331.6000  67.47918
331.4917  67.41335
331.3765  67.34949
331.2605  67.28626
331.1439  67.22152
331.0370  67.15795
330.9358  67.09530
330.8421  67.03496
330.7443  66.97530
330.6432  66.91633
>           North Atlantic Ocean: NORTH AMERICA PLATE, set 06 isochron: 21??
327.1807  65.58828
327.1551  65.51662
327.1358  65.44514
327.1207  65.37582
327.1042  65.30835
327.0800  65.24274
327.0496  65.17519
327.0143  65.10630
326.9796  65.03664
326.9458  64.96829
326.9119  64.90064
326.8724  64.83192
326.8266  64.76152
326.7761  64.69006
326.7276  64.61751
326.6812  64.54507
326.6348  64.47032
326.5822  64.39780
326.5330  64.32659
326.4880  64.25884
326.4492  64.18968
326.4007  64.11943
326.3466  64.04839
326.2912  63.97781
326.2427  63.90642
326.1983  63.83392
326.1526  63.76217
326.1027  63.69334
326.0472  63.62774
325.9827  63.56227
325.9113  63.49511
325.8363  63.42526
325.7650  63.35557
325.6942  63.28697
325.6165  63.22043
325.5241  63.15622
325.4206  63.09503
325.3193  63.03590
325.2389  62.97633
325.1788  62.91544
>           North Atlantic Ocean: NORTH AMERICA PLATE, set 07 isochron: 21??
306.9410  57.53621
307.0761  57.47338
307.2035  57.41568
307.3273  57.36691
307.4490  57.31958
307.5693  57.27293
307.6820  57.22319
307.7906  57.17338
307.8962  57.12996
308.0006  57.08990
308.1084  57.05205
308.2225  57.00316
308.3434  56.94620
>           North Atlantic Ocean: NORTH AMERICA PLATE, set 07 isochron: 21??
309.6320  57.03276
309.7467  57.02645
309.8677  57.01898
309.9942  57.01149
310.1221  56.99944
310.2445  56.98395
310.3606  56.96465
310.4761  56.94305
310.5922  56.92335
310.7111  56.90364
310.8272  56.88391
310.9419  56.86113
311.0573  56.83605
311.1770  56.81020
311.3036  56.78394
311.4336  56.75537
311.5637  56.72523
311.6889  56.69201
311.8078  56.65875
311.9218  56.62625
312.0331  56.59523
312.1443  56.57189
312.2576  56.55125
312.3731  56.53826
312.4912  56.52066
312.6115  56.50729
312.7366  56.49354
312.8632  56.48862
312.9883  56.48719
313.1057  56.48997
313.2169  56.49736
313.4254  56.52063
313.6165  56.54848
313.7118  56.56159
>  North Atlantic Ocean: NAM PLATE, set 08 or NAM PLATE, set 06 isochron: 21
324.4477  62.54113
324.3726  62.48118
324.2899  62.42019
324.2038  62.35841
324.1157  62.29421
324.0317  62.22956
323.9373  62.16250
323.8331  62.09595
323.7249  62.02890
323.6215  61.96498
323.5215  61.90292
323.4180  61.84236
323.3153  61.78101
323.2160  61.71722
323.1223  61.65068
323.0314  61.58165
322.9461  61.51282
322.8650  61.44417
322.7858  61.37603
322.7081  61.30775
322.6276  61.23965
322.5506  61.17007
322.4722  61.09896
322.3973  61.02806
322.3245  60.95902
322.2488  60.89053
322.1711  60.81981
322.0808  60.74588
321.9886  60.67076
321.8935  60.59786
321.8061  60.52719
321.7249  60.45670
321.6472  60.38226
321.5744  60.30523
321.4939  60.22944
321.4099  60.15940
321.3176  60.09577
321.2330  60.03271
321.1545  59.96776
321.0803  59.89922
321.0081  59.83055
320.9304  59.75959
320.8492  59.68780
320.7562  59.61587
320.6604  59.54730
320.5611  59.48034
320.4556  59.41005
320.3493  59.33212
320.2425  59.24652
320.1502  59.16039
320.0608  59.08015
319.9803  59.00727
319.8977  58.93926
319.8144  58.86895
319.7214  58.79559
319.6270  58.71918
319.5369  58.64697
319.4564  58.57789
319.3752  58.51047
319.2870  58.43929
319.1870  58.36539
319.0849  58.28986
318.9808  58.21674
318.8816  58.14717
318.7733  58.07929
318.6614  58.01053
318.5357  57.93645
318.4072  57.85886
318.2753  57.78074
318.1511  57.70881
318.0296  57.64906
317.9095  57.60079
317.7845  57.56518
317.6602  57.53703
317.5366  57.51970
317.4191  57.51134
317.3031  57.51612
317.0674  57.54591
316.9437  57.56451
316.8185  57.58462
316.6947  57.60397
316.5703  57.62032
316.4430  57.63105
316.3081  57.63320
316.1739  57.63121
316.0384  57.62849
315.9112  57.62650
315.7847  57.62265
315.6623  57.61658
315.5352  57.61086
315.4052  57.60695
>           North Atlantic Ocean: NORTH AMERICA PLATE, set 08 isochron: 21??
308.3475  58.09247
308.4680  58.04131
308.5877  57.98596
308.7060  57.93053
308.8215  57.87651
308.9376  57.83283
309.0524  57.78946
309.1609  57.74224
309.2617  57.68605
>           North Atlantic Ocean: NORTH AMERICA PLATE, set 08 isochron: 21??
310.5751  57.86786
310.8061  57.82504
310.9285  57.79208
311.0578  57.75720
311.1816  57.72118
311.3012  57.68547
311.4202  57.65051
311.5453  57.61702
311.6719  57.57860
311.7916  57.53189
311.9050  57.48476
312.0156  57.44246
312.1289  57.40951
312.2451  57.37614
312.3633  57.34010
312.4802  57.29989
312.5942  57.26038
312.7048  57.22500
312.8140  57.19675
313.0329  57.16253
313.2560  57.15100
313.4847  57.14890
313.6022  57.14787
313.7210  57.15479
313.8460  57.17228
313.9753  57.19734
314.1080  57.22127
314.2366  57.24438
314.3611  57.26818
>           North Atlantic Ocean: EURASIA PLATE, set 07 isochron: 21
  3.2436  69.08498
  3.4253  69.11972
  3.6107  69.15754
  3.7991  69.19604
  3.9776  69.23595
  4.1491  69.27647
  4.3151  69.32164
  4.4887  69.36452
  4.6749  69.40733
  4.8791  69.44763
  5.0931  69.48808
  5.3059  69.52333
  5.5046  69.55408
  5.6964  69.58121
  5.8902  69.60951
  6.0931  69.63824
  6.2953  69.66766
  6.4906  69.69604
  6.6781  69.72392
  6.8685  69.75275
  7.0644  69.78130
  7.2666  69.81076
  7.4723  69.83854
  7.6759  69.86526
  7.8768  69.89005
  8.0672  69.91193
  8.2556  69.93309
  8.4438  69.95348
  8.6412  69.97509
  8.8406  69.99572
  9.0352  70.01414
  9.2222  70.03136
  9.5974  70.06439
  9.7885  70.08015
  9.9756  70.09331
 10.1590  70.10667
 10.5259  70.13953
 10.7176  70.16118
 10.9213  70.18209
 11.1242  70.20205
 11.3284  70.22240
 11.5250  70.24559
 11.7168  70.26900
 12.0865  70.31427
 12.2768  70.34182
 12.4768  70.37354
 12.6762  70.40568
 12.8729  70.43638
 13.0599  70.46536
 13.2429  70.49352
>  North Atlantic Ocean: EUR PLATE, set 09 or EUR PLATE, set 12 isochron: 21
348.7120  63.73675
348.5602  63.67644
348.4130  63.61849
348.2678  63.56257
348.1143  63.50655
347.9510  63.44637
347.7837  63.38759
347.6282  63.32745
347.4845  63.27407
347.3469  63.21465
347.2038  63.15450
347.0545  63.08979
346.9032  63.03190
346.7553  62.98180
346.6052  62.93608
346.4545  62.88865
346.2967  62.83255
346.1516  62.76963
346.0099  62.70243
345.8794  62.63449
345.7419  62.56638
345.6044  62.49907
345.4683  62.43159
345.3364  62.36364
345.2031  62.28971
345.0586  62.21301
344.9066  62.13578
344.7615  62.06588
344.6317  62.00037
344.5165  61.93571
344.3998  61.86698
344.2727  61.79546
344.1331  61.72280
343.9887  61.64792
343.8436  61.57190
343.7041  61.49602
343.5680  61.42529
343.4417  61.35507
343.3167  61.28334
343.1980  61.20913
343.0814  61.14046
342.9676  61.07775
342.8453  61.01860
342.7140  60.95831
342.5793  60.89959
342.4530  60.84278
342.3335  60.78487
342.2162  60.72313
342.0862  60.65544
341.9424  60.58418
341.7847  60.50793
341.6306  60.43254
341.4863  60.36042
341.3544  60.29160
341.2231  60.22265
341.0905  60.15288
340.9530  60.08679
340.8099  60.02439
340.6557  59.96781
340.4967  59.91214
340.3404  59.86021
340.2002  59.80505
340.0759  59.75613
339.9648  59.70649
339.8495  59.66028
339.7258  59.60870
339.5931  59.55743
339.4612  59.50677
339.3306  59.45672
339.2147  59.40908
339.1168  59.36710
338.9735  59.31187
338.8578  59.27760
338.7773  59.21400
338.6731  59.16141
338.5634  59.10300
338.4586  59.04771
338.3628  58.99090
338.2627  58.94408
338.1787  58.89468
338.0760  58.84594
337.9655  58.78408
337.8752  58.73120
337.8001  58.68220
337.7112  58.61606
337.6154  58.54216
337.5085  58.46886
337.3988  58.40195
337.2878  58.33786
337.1885  58.27473
337.0927  58.21150
337.0032  58.15039
336.9101  58.09174
336.8094  58.03263
336.7039  57.97267
336.5935  57.91039
336.4956  57.84609
336.3977  57.77913
336.3019  57.71205
336.1985  57.64596
336.0894  57.58086
335.9853  57.51564
335.8812  57.45179
335.7840  57.38939
335.6819  57.33173
335.5812  57.27438
335.4764  57.22032
335.3722  57.16125
335.2653  57.10437
335.1632  57.04362
335.0632  56.98732
334.9723  56.93019
334.8813  56.87944
334.7939  56.82981
334.6959  56.78197
334.5882  56.72950
334.4666  56.67732
334.3465  56.62506
334.2347  56.57580
334.1354  56.52338
334.0313  56.46979
333.9159  56.41264
333.7853  56.35964
333.6541  56.31197
333.5270  56.27275
333.4054  56.23737
333.2852  56.20082
333.1608  56.16032
333.0378  56.11004
332.9281  56.05188
332.8421  55.98548
332.7888  55.91862
332.7528  55.85090
332.7369  55.78107
332.7190  55.70523
332.7053  55.62651
332.6811  55.54922
332.6548  55.47572
332.6278  55.40446
332.6071  55.33505
332.5933  55.26751
332.5760  55.20065
332.5560  55.13367
332.5374  55.06498
332.5292  54.99577
332.5251  54.92525
332.5190  54.85582
332.5059  54.78707
332.4914  54.71980
332.4734  54.65363
332.4589  54.58938
332.4445  54.52706
332.4245  54.40373
332.4163  54.33826
332.4073  54.26779
332.3970  54.19518
332.3812  54.12162
332.3653  54.04914
332.3516  53.97697
332.3455  53.90300
332.3400  53.82851
332.3353  53.75597
332.3278  53.68534
332.3188  53.61208
332.3057  53.53123
332.2927  53.44694
332.2824  53.36332
332.2770  53.28369
332.2722  53.20264
332.2668  53.11935
332.2628  53.03254
332.2602  52.94894
332.2603  52.86899
332.2611  52.79359
>           North Atlantic Ocean: EURASIA PLATE, set 09 isochron: 21
337.0174  51.76405
337.0461  51.69181
337.0789  51.62083
337.1165  51.54885
337.1590  51.47850
337.2050  51.40765
337.2587  51.34059
337.3185  51.27567
>           North Atlantic Ocean: EURASIA PLATE, set 09 isochron: 21
338.9666  49.52723
339.0169  49.42555
339.0664  49.33562
339.1172  49.25872
339.1569  49.18945
339.1882  49.12326
339.2092  49.05789
339.2337  48.99382
339.2595  48.92966
339.2860  48.86494
339.3104  48.79739
339.3369  48.72422
339.3683  48.64725
339.4053  48.56601
339.4444  48.48510
339.4827  48.39943
339.5169  48.31454
339.5462  48.22859
339.5700  48.15228
339.5888  48.08190
339.6063  48.01656
339.6224  47.94738
339.6371  47.87391
339.6435  47.79797
339.6443  47.72566
339.6402  47.65609
339.6396  47.58783
339.6383  47.51761
339.6377  47.44632
339.6364  47.37305
339.6380  47.29542
339.6443  47.20959
339.6521  47.11460
339.6585  47.00945
339.6531  46.90360
339.6379  46.80379
339.6144  46.71910
339.5958  46.64627
339.5744  46.54403
339.5606  46.48108
339.5558  46.40743
339.5469  46.34719
339.5394  46.25983
339.5437  46.17524
339.5383  46.08324
339.5294  45.99160
339.5211  45.91241
339.5150  45.81318
339.4853  45.70739
339.4486  45.59208
339.4292  45.52552
339.4084  45.45792
339.3835  45.39171
339.3336  45.27776
339.2893  45.18720
339.2338  45.06237
339.2033  44.99770
339.1708  44.91711
339.1424  44.85221
339.1146  44.79417
339.0800  44.72120
339.0384  44.63321
339.0072  44.55010
338.9844  44.47137
338.9657  44.40152
338.9345  44.32606
338.8944  44.24397
338.8549  44.15626
338.8147  44.07447
338.7745  43.99457
338.7287  43.91401
338.6864  43.82631
338.6421  43.74103
338.6026  43.65915
338.5631  43.57969
338.5284  43.49604
338.4910  43.40826
338.4521  43.32544
338.4078  43.24963
338.3613  43.17624
338.3127  43.09764
338.2614  43.00770
338.2031  42.90790
338.1393  42.80229
338.0797  42.70321
338.0312  42.61943
337.9924  42.54426
337.9563  42.46950
337.9175  42.38847
337.8766  42.30786
337.8364  42.23129
337.8025  42.15980
337.7769  42.09241
337.7575  42.02388
337.7409  41.95164
337.7257  41.87307
337.7070  41.79078
337.6821  41.70786
337.6474  41.62637
337.6128  41.54636
337.5844  41.46781
337.5616  41.38971
337.5395  41.31625
337.5125  41.24584
337.4820  41.17587
337.4473  41.10159
337.4106  41.02461
337.3780  40.95073
337.3468  40.87621
337.3191  40.79947
337.2831  40.71312
337.2470  40.62721
337.2061  40.54277
337.1687  40.46727
337.1229  40.38632
337.0736  40.29781
337.0203  40.19904
336.9738  40.10926
336.9301  40.02898
336.8920  39.95232
336.8504  39.86378
336.8081  39.77139
336.7638  39.68858
336.7062  39.60296
336.6758  39.53072
336.6446  39.44814
336.6113  39.38652
336.5669  39.29509
336.5302  39.23119
336.5135  39.16560
336.4594  39.06736
336.4268  39.00323
336.3929  38.93142
336.3492  38.85519
336.2992  38.78542
336.2513  38.71449
336.1986  38.63691
336.1479  38.54885
336.0918  38.45632
336.0418  38.37025
335.9961  38.29399
335.9580  38.22697
335.9226  38.16043
335.8831  38.08722
335.8358  38.00788
335.7810  37.92902
335.7235  37.85447
>           North Atlantic Ocean: EURASIA PLATE, set 10 isochron: 21
355.2029  67.45583
355.1243  67.37592
355.0585  67.30231
355.0086  67.23470
354.9601  67.16820
354.9173  67.10076
354.8695  67.03283
354.8272  66.96637
354.7809  66.90137
354.7386  66.83645
354.6915  66.77051
354.6388  66.70194
354.5813  66.63372
354.5224  66.56671
354.4642  66.50229
354.4010  66.43769
354.3351  66.37152
354.2686  66.30379
354.2013  66.23502
354.1285  66.16521
354.0564  66.09437
353.9955  66.02220
353.9561  65.95096
353.9222  65.88040
353.8876  65.81310
353.8440  65.74789
353.7998  65.68491
>           North Atlantic Ocean: EURASIA PLATE, set 10 isochron: 21??
355.4201  68.11751
355.3101  68.05027
355.2102  67.98289
355.1203  67.91540
>           North Atlantic Ocean: EURASIA PLATE, set 11 isochron: 21
359.9919  66.19501
  0.1501  66.23088
  0.3058  66.26272
  0.4587  66.28946
  0.6101  66.31448
  0.7589  66.33665
  0.9049  66.35709
>           North Atlantic Ocean: EURASIA PLATE, set 11 isochron: 21
358.8237  65.52731
358.7103  65.45868
358.6013  65.39280
358.4916  65.32968
358.3763  65.26641
358.2465  65.20062
358.1062  65.13233
357.9583  65.06326
357.8090  64.99579
357.6591  64.93466
357.5098  64.87899
357.3633  64.82914
357.2160  64.77800
357.0646  64.72766
356.9062  64.67934
356.7465  64.63268
356.5894  64.58652
356.4373  64.53432
356.2901  64.48320
356.1478  64.43263
356.0076  64.38828
355.8675  64.34563
>           North Atlantic Ocean: AFRICA PLATE, set 01 isochron: 21
332.8606  36.57012
332.8126  36.47673
332.7620  36.38156
332.7113  36.28573
332.6662  36.19827
332.6281  36.11749
332.5976  36.03944
332.5699  35.95906
332.5428  35.87350
332.5102  35.78727
332.4735  35.70044
>           North Atlantic Ocean: AFRICA PLATE, set 01 isochron: 21
326.6835  31.61201
326.5813  31.51648
326.4911  31.43580
326.4133  31.36702
326.3396  31.30236
326.2681  31.23048
326.1958  31.15855
326.1257  31.08959
326.0555  31.02835
325.9868  30.96648
325.9187  30.89915
325.8451  30.82819
325.7729  30.75775
325.7006  30.69569
325.6360  30.63240
325.5659  30.57328
325.4908  30.50932
325.4061  30.44647
325.3227  30.37573
325.2470  30.30315
325.1768  30.22872
325.1032  30.15302
325.0206  30.07421
>           North Atlantic Ocean: AFRICA PLATE, set 01 isochron: 21
321.9456  26.31792
321.8643  26.18779
321.7956  26.07207
321.7366  25.97449
321.6880  25.89069
321.6401  25.81566
321.5977  25.74562
321.5457  25.67490
321.4915  25.60224
321.4290  25.52193
321.3665  25.43526
321.3005  25.33838
321.2415  25.24271
321.1923  25.14952
321.1562  25.08038
321.1159  25.01501
321.1145  25.03911
>           North Atlantic Ocean: AFRICA PLATE, set 01 isochron: 21??
323.4768  28.26268
323.4414  28.18243
323.4032  28.10586
323.3601  28.03107
323.3150  27.95684
323.2657  27.88070
323.2144  27.80264
323.1560  27.72266
323.0970  27.64076
323.0373  27.56315
322.9818  27.49045
322.9290  27.42142
322.8755  27.34801
322.8276  27.26957
322.7776  27.18858
322.7381  27.11316
322.6957  27.04454
322.6590  26.98152
322.6152  26.92031
322.5708  26.85969
>           North Atlantic Ocean: AFRICA PLATE, set 01 isochron: 21??
321.0916  22.51351
321.0980  22.39050
321.1022  22.28753
321.1058  22.20394
321.1100  22.12807
321.1177  22.05346
321.1219  21.97686
321.1290  21.89891
321.1325  21.81377
321.1403  21.73185
321.1431  21.64856
321.1446  21.56847
321.1418  21.47661
321.1398  21.38338
321.1378  21.28814
321.1351  21.20590
321.1268  21.13079
321.1137  21.06152
321.0964  20.99219
321.0797  20.92153
321.0624  20.84886
321.0493  20.76831
321.0403  20.68052
321.0383  20.59007
321.0390  20.50613
321.0391  20.43002
321.0350  20.35517
321.0261  20.27766
321.0143  20.19747
321.0012  20.11657
320.9845  20.03696
320.9644  19.95795
320.9415  19.88152
320.9179  19.80309
320.8916  19.71934
320.8625  19.63157
320.8317  19.53979
320.8044  19.44930
320.7785  19.35675
320.7552  19.27014
320.7305  19.18943
320.7121  19.11860
320.6975  19.05173
320.6885  18.98681
320.6775  18.92054
320.6643  18.85292
320.6463  18.78394
320.6241  18.71161
320.5970  18.63458
320.5658  18.55287
320.5304  18.47111
320.4964  18.39064
320.4652  18.30615
320.4388  18.21764
320.4118  18.12975
320.3841  18.04581
320.3557  17.96182
320.3286  17.86978
320.3051  17.77572
320.2857  17.68162
320.2649  17.59614
320.2371  17.51060
320.1996  17.42233
320.1629  17.32063
320.1282  17.21421
320.0977  17.10775
320.0637  17.01193
320.0346  16.92344
320.0096  16.84027
319.9903  16.75641
319.9702  16.67118
>           South Atlantic Ocean: SOUTH AMERICA PLATE, set 01 isochron: 21
307.9137  16.38004
307.8588  16.25823
307.8151  16.15187
307.7867  16.06366
307.7645  15.98282
307.7451  15.90734
307.7194  15.83318
307.6931  15.76235
307.6640  15.68542
307.6397  15.60307
307.6140  15.51055
307.5842  15.41868
307.5439  15.32674
307.5023  15.24422
307.4613  15.16438
307.4273  15.09129
307.3954  15.01953
>           South Atlantic Ocean: SOUTH AMERICA PLATE, set 01 isochron: 21
339.7732  -5.94995
339.7737  -6.01869
339.7750  -6.09089
339.7756  -6.16656
339.7811  -6.24564
339.7839  -6.32683
339.7852  -6.41148
339.7901  -6.49400
339.7983  -6.57440
339.8142  -6.65054
339.8245  -6.72465
339.8327  -6.79531
339.8347  -6.86809
339.8416  -6.94497
339.8534  -7.02664
339.8686  -7.10272
339.8816  -7.17464
339.8905  -7.24729
339.8961  -7.33313
339.8990  -7.42865
339.9003  -7.51104
339.9012  -7.61417
339.9084  -7.74281
339.9105  -7.82719
339.9105  -7.91019
339.9084  -7.99390
339.9077  -8.07825
339.9070  -8.16122
339.9076  -8.24483
339.9118  -8.32840
339.9208  -8.41328
339.9326  -8.49467
339.9443  -8.57260
>           South Atlantic Ocean: SOUTH AMERICA PLATE, set 01 isochron: 21
337.5872 -10.63414
337.5892 -10.71232
337.5933 -10.79116
337.6016 -10.86995
337.6120 -10.95074
337.6237 -11.02671
337.6347 -11.10130
337.6444 -11.17929
337.6555 -11.27162
337.6703 -11.37417
337.6926 -11.47728
337.7176 -11.56596
337.7425 -11.64097
337.7660 -11.70911
337.7923 -11.78131
337.8221 -11.85825
>           South Atlantic Ocean: SOUTH AMERICA PLATE, set 01 isochron: 21
335.4376 -13.61575
335.4411 -13.70322
335.4403 -13.78391
335.4348 -13.85922
335.4305 -13.93176
335.4256 -14.01378
335.4229 -14.10319
335.4174 -14.19801
335.4167 -14.28733
335.4189 -14.37186
335.4272 -14.45155
335.4355 -14.52785
335.4402 -14.60077
335.4415 -14.67101
335.4399 -14.73854
335.4426 -14.80534
335.4487 -14.87276
335.4576 -14.94350
335.4658 -15.01624
335.4713 -15.09101
335.4789 -15.17246
335.4865 -15.25792
335.4956 -15.34605
335.5005 -15.42610
335.5032 -15.50008
>           South Atlantic Ocean: SOUTH AMERICA PLATE, set 01 isochron: 21
337.1209 -19.17156
337.1166 -19.24341
337.1234 -19.30988
337.1465 -19.40777
337.1613 -19.52604
337.1718 -19.61535
337.1879 -19.70852
337.1970 -19.79579
337.2102 -19.87903
337.2234 -19.96353
337.2379 -20.04536
337.2448 -20.11935
337.2482 -20.18746
337.2481 -20.25491
337.2494 -20.32427
337.2507 -20.39359
337.2492 -20.46880
337.2437 -20.55119
337.2417 -20.64397
337.2474 -20.74052
337.2607 -20.83890
337.2733 -20.93396
337.2788 -21.00819
337.2795 -21.08115
337.2795 -21.16769
337.2846 -21.27496
337.3024 -21.40153
337.3014 -21.52427
337.3005 -21.58852
337.3109 -21.65914
>           South Atlantic Ocean: SOUTH AMERICA PLATE, set 01 isochron: 21
337.8513 -23.46895
337.8454 -23.58026
337.8488 -23.65245
337.8564 -23.73734
337.8745 -23.81889
337.8912 -23.90039
337.9086 -23.97929
337.9162 -24.05442
337.9203 -24.12252
337.9201 -24.18621
>           South Atlantic Ocean: SOUTH AMERICA PLATE, set 01 isochron: 21
335.9804 -25.57536
335.9930 -25.67339
336.0038 -25.79272
336.0094 -25.86552
336.0163 -25.93952
336.0149 -26.01294
336.0087 -26.08635
336.0066 -26.15966
336.0087 -26.23478
336.0093 -26.30860
336.0023 -26.37871
335.9884 -26.44448
>           South Atlantic Ocean: SOUTH AMERICA PLATE, set 01 isochron: 21
336.4648 -27.98154
336.4762 -28.08424
336.4819 -28.17342
336.4833 -28.24965
336.4832 -28.31845
336.4867 -28.39146
336.4923 -28.46995
336.5000 -28.55509
336.5070 -28.63773
336.5141 -28.72028
336.5191 -28.80584
336.5262 -28.89926
336.5346 -28.99076
336.5451 -29.07182
336.5542 -29.14610
336.5618 -29.21790
336.5695 -29.29269
336.5757 -29.36318
336.5798 -29.43123
336.5804 -29.49561
336.5796 -29.55996
>           South Atlantic Ocean: SOUTH AMERICA PLATE, set 01 isochron: 21
335.6952 -30.46438
335.6960 -30.55926
335.6996 -30.64449
335.7066 -30.72002
335.7115 -30.79728
335.7221 -30.88580
335.7335 -30.98619
335.7477 -31.09007
335.7576 -31.18372
335.7729 -31.26412
335.7882 -31.33491
335.8027 -31.40446
335.8055 -31.47583
335.8076 -31.54836
335.8076 -31.62202
335.8105 -31.69858
335.8091 -31.77629
335.8092 -31.85274
335.8106 -31.92378
335.8155 -31.99593
335.8183 -32.07392
335.8247 -32.16127
335.8297 -32.24738
335.8395 -32.32748
335.8472 -32.40224
335.8577 -32.48040
335.8668 -32.56559
335.8760 -32.65128
335.8858 -32.73570
335.8929 -32.81598
335.9027 -32.89965
335.9057 -32.98681
335.9128 -33.07677
335.9123 -33.16147
335.9144 -33.23500
335.9074 -33.29977
335.8983 -33.36047
>           South Atlantic Ocean: SOUTH AMERICA PLATE, set 01 isochron: 21
333.6533 -33.70827
333.6743 -33.80370
333.7003 -33.89671
333.7289 -33.98730
333.7547 -34.06799
333.7708 -34.14523
333.7805 -34.22070
333.7848 -34.30077
333.7933 -34.38129
333.8045 -34.46062
>           South Atlantic Ocean: SOUTH AMERICA PLATE, set 01 isochron: 21
333.0562 -34.57520
333.0521 -34.65208
333.0480 -34.72778
333.0452 -34.79768
333.0445 -34.86522
333.0438 -34.93383
333.0418 -35.00816
>           South Atlantic Ocean: SOUTH AMERICA PLATE, set 01 isochron: 21
331.8246 -35.07952
331.8234 -35.17070
331.8209 -35.26127
331.8197 -35.34946
331.8178 -35.43417
331.8193 -35.51478
331.8215 -35.59528
331.8299 -35.67397
331.8384 -35.75539
331.8482 -35.83562
331.8525 -35.91636
331.8554 -35.99364
331.8493 -36.06923
331.8347 -36.14313
331.8112 -36.21650
>           South Atlantic Ocean: SOUTH AMERICA PLATE, set 01 isochron: 21
330.6650 -36.50337
330.6684 -36.62809
330.6757 -36.73370
330.6856 -36.82463
330.6990 -36.91039
330.7124 -37.00217
330.7280 -37.09552
330.7366 -37.18657
330.7403 -37.27480
330.7432 -37.35515
330.7530 -37.43039
330.7683 -37.50439
330.7788 -37.58222
330.7859 -37.65946
330.7867 -37.73391
330.7874 -37.80661
330.7855 -37.88367
330.7849 -37.96065
330.7850 -38.03534
330.7857 -38.10391
330.7885 -38.16858
330.7947 -38.23206
330.8009 -38.29659
330.8044 -38.36487
330.8038 -38.43480
330.8045 -38.50462
330.8053 -38.57439
330.8053 -38.64409
330.8040 -38.71590
330.8054 -38.78708
330.8124 -38.85814
330.8159 -38.92809
330.8153 -39.00069
330.8051 -39.07709
330.7983 -39.15715
330.7935 -39.23441
330.7964 -39.30777
330.7986 -39.37941
330.7973 -39.45317
330.7897 -39.52852
330.7829 -39.60483
330.7789 -39.68158
330.7783 -39.75876
330.7763 -39.83000
330.7804 -39.95615
330.8027 -40.08459
>           South Atlantic Ocean: SOUTH AMERICA PLATE, set 01 isochron: 21
330.5500 -40.96347
330.5494 -41.03598
330.5529 -41.10841
330.5621 -41.18703
330.5741 -41.27440
330.5884 -41.37263
330.6020 -41.46919
330.6133 -41.55676
330.6197 -41.62917
330.6197 -41.69473
330.6136 -41.76134
330.6033 -41.83311
>           South Atlantic Ocean: SOUTH AMERICA PLATE, set 01 isochron: 21
329.3299 -41.89839
329.3418 -41.97391
329.3530 -42.04524
329.3635 -42.11497
329.3712 -42.18515
329.3773 -42.29034
329.3720 -42.37582
329.3672 -42.44218
329.3640 -42.52287
329.3648 -42.59776
329.3712 -42.67152
329.3761 -42.74211
329.3741 -42.81371
329.3604 -42.88632
329.3405 -42.96297
329.3199 -43.04257
329.3055 -43.12659
329.2975 -43.21046
329.2935 -43.29066
329.2902 -43.36522
>           South Atlantic Ocean: SOUTH AMERICA PLATE, set 01 isochron: 21
330.1417 -43.55029
330.1589 -43.66707
330.1712 -43.77017
330.1821 -43.86555
330.1859 -43.96036
330.1933 -44.05548
330.1977 -44.13951
330.2048 -44.21338
330.2112 -44.28317
330.2189 -44.35435
330.2253 -44.42896
330.2283 -44.50151
330.2277 -44.57349
330.2258 -44.64290
330.2259 -44.71471
330.2295 -44.78638
330.2366 -44.85844
330.2430 -44.92992
330.2466 -45.00333
330.2468 -45.07866
>           South Atlantic Ocean: SOUTH AMERICA PLATE, set 01 isochron: 21
331.2878 -47.51712
331.3493 -47.67657
331.3919 -47.80415
331.4167 -47.89981
331.4295 -47.97668
331.4471 -48.05156
331.4646 -48.12537
331.4795 -48.20187
331.4936 -48.27736
331.5105 -48.35092
>           South Atlantic Ocean: SOUTH AMERICA PLATE, set 01 isochron: 21
337.6155 -51.02644
337.6157 -51.09286
337.6241 -51.16136
337.6431 -51.23448
337.6740 -51.31090
337.7083 -51.38849
337.7412 -51.46120
337.7706 -51.52946
337.7950 -51.59335
337.8215 -51.65668
337.8481 -51.71950
337.9088 -51.84740
337.9415 -51.91037
337.9756 -51.97235
338.0098 -52.03426
338.0454 -52.09860
338.0802 -52.16289
338.1131 -52.23260
338.1426 -52.30862
338.1736 -52.39384
338.2059 -52.47765
338.2354 -52.55371
338.2558 -52.61996
338.2755 -52.74223
>           South Atlantic Ocean: SOUTH AMERICA PLATE, set 01 isochron: 21
338.9691 -52.75710
338.9949 -52.82881
339.0264 -52.90210
339.0607 -52.97403
339.0964 -53.04289
339.1279 -53.10875
339.1552 -53.17451
339.1741 -53.24147
339.1899 -53.37648
339.1916 -53.44281
339.1925 -53.50987
339.1920 -53.57602
339.1951 -53.64410
339.2029 -53.71080
339.2171 -53.77985
339.2340 -53.85239
339.2504 -53.93019
339.2646 -54.00827
339.2768 -54.08173
339.2875 -54.15099
339.3198 -54.27975
339.3592 -54.40884
339.3750 -54.54301
>           South Atlantic Ocean: SOUTH AMERICA PLATE, set 01 isochron: 21
330.0770 -45.10236
330.0644 -45.11110
330.0508 -45.17725
330.0685 -45.24794
330.0487 -45.30948
330.0728 -45.36685
330.0717 -45.43277
330.0706 -45.50302
330.0633 -45.56874
330.0435 -45.63431
330.0488 -45.69122
330.0604 -45.75249
330.0717 -45.82240
330.0771 -45.87914
330.0759 -45.95316
330.0873 -46.01848
330.0801 -46.07925
>           South Atlantic Ocean: SOUTH AMERICA PLATE, set 02 isochron: 21
344.5110 -56.39478
344.3980 -56.48413
344.3041 -56.56480
344.2315 -56.63564
344.1720 -56.70020
>           South Atlantic Ocean: AFRICA PLATE, set 02 isochron: 21
355.1416  -6.75945
355.1496  -6.89248
355.1637  -7.00116
355.1866  -7.08549
355.2149  -7.16142
355.2420  -7.24360
355.2656  -7.32925
355.2850  -7.41424
355.3058  -7.49641
355.3238  -7.57862
355.3391  -7.66638
355.3496  -7.76175
355.3602  -7.86610
355.3721  -7.97179
355.3847  -8.07056
355.3987  -8.16306
355.4146  -8.24860
355.4333  -8.33271
355.4514  -8.41267
355.4673  -8.49125
355.4797  -8.56777
355.4942  -8.64565
355.5093  -8.70970
355.5454  -8.80182
355.5804  -8.91944
355.6012  -8.99993
355.6172  -9.08389
355.6297  -9.17549
>           South Atlantic Ocean: AFRICA PLATE, set 02 isochron: 21
353.2324 -10.90676
353.2598 -11.03601
353.2871 -11.15153
353.3136 -11.24718
353.3489 -11.32693
353.3808 -11.40124
353.4106 -11.47758
353.4355 -11.55807
353.4577 -11.63650
353.4805 -11.70944
353.4949 -11.77697
353.5311 -11.87093
353.5841 -11.89500
>           South Atlantic Ocean: AFRICA PLATE, set 02 isochron: 21
354.8620 -15.35030
354.8766 -15.42957
354.8932 -15.50542
354.9174 -15.58186
354.9444 -15.66293
354.9799 -15.75465
355.0140 -15.85036
355.0453 -15.92863
355.0815 -16.02893
355.1029 -16.10787
355.1182 -16.10371
>           South Atlantic Ocean: AFRICA PLATE, set 02 isochron: 21
355.0451 -12.55625
355.0823 -12.69279
355.1094 -12.78243
355.1400 -12.87607
355.1608 -12.95003
355.1858 -13.04230
355.2151 -13.14061
355.2394 -13.23146
355.2666 -13.32224
355.2896 -13.41506
355.3119 -13.51260
355.3315 -13.61421
355.3538 -13.70964
355.3809 -13.80024
355.4058 -13.88068
355.4252 -13.95705
355.4431 -14.02800
355.4632 -14.10094
355.4888 -14.17989
355.5132 -14.26829
355.5348 -14.36007
355.5522 -14.44645
355.5646 -14.52609
355.5784 -14.59758
355.5929 -14.67038
355.6115 -14.74379
355.6309 -14.82458
355.6503 -14.90401
355.6725 -14.98339
355.7094 -15.08553
355.7349 -15.13583
>           South Atlantic Ocean: AFRICA PLATE, set 02 isochron: 21
356.5374 -16.22890
356.5692 -16.30295
356.6012 -16.38301
356.6359 -16.46770
356.6671 -16.54504
356.6961 -16.61634
356.7244 -16.68561
356.7542 -16.75953
356.7861 -16.83607
356.8131 -16.90995
356.8401 -16.97980
356.8690 -17.04493
356.9015 -17.10867
356.9347 -17.17637
356.9665 -17.24940
357.0012 -17.33237
357.0359 -17.41663
357.0693 -17.50353
357.0992 -17.58378
357.1269 -17.66267
357.1567 -17.73751
357.1810 -17.81770
357.2094 -17.89714
357.2399 -17.97786
357.2808 -18.04783
357.3236 -18.11112
357.3644 -18.16777
357.4053 -18.24364
357.3604 -18.26064
>           South Atlantic Ocean: AFRICA PLATE, set 02 isochron: 21
358.0074 -18.68344
358.0404 -18.82052
358.0657 -18.93057
358.0872 -19.01486
358.1100 -19.08787
358.1406 -19.16539
358.1746 -19.24615
>           South Atlantic Ocean: AFRICA PLATE, set 02 isochron: 21
357.5793 -19.76679
357.6015 -19.84731
357.6230 -19.92518
357.6424 -20.00043
357.6603 -20.07303
357.6762 -20.14169
357.6900 -20.20901
357.7058 -20.27892
357.7210 -20.35273
357.7390 -20.42582
357.7542 -20.49693
357.7715 -20.56866
357.7874 -20.64297
357.8040 -20.71723
357.8192 -20.78954
>           South Atlantic Ocean: AFRICA PLATE, set 02 isochron: 21
356.3942 -21.08496
356.4379 -21.16724
356.4802 -21.24755
356.5143 -21.32530
356.5378 -21.40051
356.5502 -21.47186
356.5606 -21.54321
356.5737 -21.61774
356.5938 -21.69930
356.6126 -21.77888
356.6279 -21.85328
356.6382 -21.92120
356.6592 -22.01682
356.6589 -22.06408
>           South Atlantic Ocean: AFRICA PLATE, set 02 isochron: 21
356.1235 -22.25511
356.1568 -22.33422
356.1846 -22.41013
356.2060 -22.48219
356.2247 -22.55682
356.2428 -22.63526
356.2595 -22.71884
356.2734 -22.79853
356.2852 -22.87370
356.2976 -22.94495
356.3114 -23.01616
356.3266 -23.08667
356.3445 -23.15454
356.3632 -23.22302
356.3826 -23.29466
356.4006 -23.36949
356.4242 -23.44295
356.4533 -23.51376
>           South Atlantic Ocean: AFRICA PLATE, set 02 isochron: 21
357.6850 -25.71815
357.7358 -25.82011
357.7805 -25.91767
357.8160 -26.01146
357.8432 -26.09835
357.8697 -26.18582
357.8961 -26.27010
357.9240 -26.35180
357.9469 -26.42723
357.9684 -26.50325
357.9913 -26.58231
358.0219 -26.66813
358.0547 -26.75572
358.0860 -26.84263
358.1111 -26.92271
358.1340 -26.99717
>           South Atlantic Ocean: AFRICA PLATE, set 02 isochron: 21
357.4987 -27.18718
357.5601 -27.38865
357.6102 -27.54735
357.6516 -27.66575
357.6921 -27.76545
357.7333 -27.86629
357.7696 -27.96276
357.7996 -28.04816
357.8260 -28.12427
>           South Atlantic Ocean: AFRICA PLATE, set 02 isochron: 21
358.1119 -29.30019
358.1469 -29.41414
358.1832 -29.51041
358.2201 -29.59142
358.2493 -29.67121
358.2758 -29.75338
358.3036 -29.83546
358.3376 -29.91017
358.3689 -29.98547
358.3939 -30.06138
>           South Atlantic Ocean: AFRICA PLATE, set 02 isochron: 21
356.4124 -30.53339
356.4395 -30.60519
356.4651 -30.67998
356.4874 -30.75713
356.5033 -30.82951
356.5165 -30.89944
356.5296 -30.96634
356.5435 -31.03378
356.5766 -31.16667
356.5988 -31.23986
356.6219 -31.32011
356.6414 -31.39977
356.6574 -31.47820
356.6740 -31.55415
356.6942 -31.63120
356.7172 -31.70762
>           South Atlantic Ocean: AFRICA PLATE, set 02 isochron: 21
355.5854 -32.20691
355.6051 -32.31224
355.6213 -32.40695
355.6402 -32.49096
355.6639 -32.56955
355.6931 -32.64920
355.7154 -32.72589
355.7328 -32.80022
355.7639 -32.93644
355.7827 -33.00356
355.8041 -33.07002
355.8172 -33.13358
355.8234 -33.19484
355.8205 -33.25556
>           South Atlantic Ocean: AFRICA PLATE, set 02 isochron: 21
353.7292 -33.97804
353.7689 -34.06493
353.8044 -34.14892
353.8330 -34.23058
353.8622 -34.30871
353.8908 -34.38561
353.9214 -34.46529
353.9521 -34.55180
353.9794 -34.64109
354.0059 -34.72803
354.0290 -34.81145
354.0569 -34.89647
354.0848 -34.97969
354.1133 -35.05656
354.1397 -35.12594
354.1654 -35.19185
354.1952 -35.25995
354.2244 -35.32970
354.2536 -35.40053
354.2786 -35.47019
354.3022 -35.53642
354.3257 -35.60143
354.3465 -35.66473
354.3672 -35.73137
354.3888 -35.80019
354.4194 -35.87398
354.4542 -35.94992
354.4869 -36.02582
354.5112 -36.09999
354.5313 -36.17077
354.5543 -36.24371
354.5780 -36.32217
354.6060 -36.40726
354.6339 -36.49114
354.6721 -36.57152
354.7097 -36.64897
354.7438 -36.72696
354.7626 -36.79831
354.7786 -36.86401
354.8215 -36.99016
354.8438 -37.05787
354.8716 -37.13214
354.9008 -37.20689
354.9307 -37.27769
354.9452 -37.33746
354.9199 -37.43682
>           South Atlantic Ocean: AFRICA PLATE, set 02 isochron: 21
354.4045 -39.49321
354.4631 -39.66016
354.5055 -39.78853
354.5343 -39.87773
354.5531 -39.94922
354.5726 -40.02225
>           South Atlantic Ocean: AFRICA PLATE, set 02 isochron: 21
354.6040 -40.61485
354.6512 -40.75385
354.6815 -40.86125
354.6949 -40.93704
>           South Atlantic Ocean: AFRICA PLATE, set 02 isochron: 21
355.1318 -40.90541
355.1738 -41.00658
355.2102 -41.09457
355.2374 -41.17099
355.2625 -41.24261
355.2820 -41.31367
355.3001 -41.38414
355.3169 -41.45610
355.3378 -41.53160
355.3630 -41.60751
355.3867 -41.68179
355.4097 -41.75494
355.4321 -41.83162
355.4594 -41.91338
355.4860 -41.99762
355.5098 -42.07767
355.5286 -42.15038
355.5508 -42.21733
355.5765 -42.28058
355.6064 -42.34474
355.6356 -42.41089
355.6669 -42.48109
355.6996 -42.55067
355.7281 -42.61920
355.7595 -42.68967
355.7908 -42.76465
355.8271 -42.84105
355.8536 -42.91283
355.8794 -42.98045
355.9092 -43.04797
355.9489 -43.11839
355.9886 -43.19078
356.0255 -43.26360
356.0569 -43.33484
356.0861 -43.40349
356.1104 -43.46957
356.1376 -43.53555
356.1675 -43.60249
>           South Atlantic Ocean: AFRICA PLATE, set 02 isochron: 21
  1.9450 -45.24510
  2.0039 -45.36508
  2.0523 -45.46935
  2.0923 -45.55887
  2.1286 -45.63902
  2.1705 -45.71950
  2.2179 -45.79884
  2.2619 -45.87857
  2.3059 -45.95433
  2.3414 -46.02473
  2.3790 -46.09067
  2.4145 -46.15942
  2.4598 -46.23381
  2.5024 -46.31725
  2.5382 -46.40012
  2.5600 -46.48203
  2.5865 -46.55373
  2.6143 -46.62102
  2.6456 -46.68198
  2.6845 -46.80385
  2.7013 -46.86618
>           South Atlantic Ocean: AFRICA PLATE, set 02 isochron: 21
  5.0380 -47.95732
  5.1177 -48.01317
  5.1913 -48.06712
  5.3264 -48.16339
  5.4033 -48.21300
  5.4880 -48.27271
  5.5770 -48.34387
  5.6683 -48.42099
>           South Atlantic Ocean: AFRICA PLATE, set 02 isochron: 21
  9.6635 -50.05296
  9.7742 -50.10101
  9.8899 -50.14319
 10.0069 -50.17995
 10.1211 -50.21223
 10.2270 -50.24898
 10.3282 -50.28972
>           South Atlantic Ocean: ANTARCTICA PLATE, set 03 isochron: 21
353.0370 -59.63943
352.8686 -59.71538
352.7274 -59.78503
352.6195 -59.85089
352.5289 -59.91586
352.4431 -59.98212
>           South Atlantic Ocean: ANTARCTICA PLATE, set 03 isochron: 21
346.6187 -61.60588
346.4984 -61.69284
346.3915 -61.77495
346.3060 -61.84956
346.2369 -61.91840
>           South Atlantic Ocean: ANTARCTICA PLATE, set 03 isochron: 21
338.9363 -62.29984
338.8045 -62.39325
338.6810 -62.47296
338.5641 -62.53801
338.4485 -62.59425
338.3306 -62.64943
>           South Atlantic Ocean: ANTARCTICA PLATE, set 03 isochron: 21
331.3878 -64.44789
331.2056 -64.48677
331.0378 -64.52603
330.8844 -64.56459
330.7380 -64.60367
330.5921 -64.64204
>           South Atlantic Ocean: ANTARCTICA PLATE, set 03 isochron: 21
328.3262 -64.70499
328.0897 -64.73401
327.8820 -64.75859
327.6970 -64.77711
327.5140 -64.79181
327.3310 -64.80351
327.1619 -64.81511
327.0109 -64.82870
326.7249 -64.86002
326.5760 -64.87334
326.4249 -64.88606
326.2650 -64.90088
326.1023 -64.91866
325.9333 -64.93877
325.7672 -64.95917
325.6051 -64.97688
325.4458 -64.99341
325.1315 -65.02962
324.9773 -65.05513
324.8236 -65.08557
>           South Atlantic Ocean: ANTARCTICA PLATE, set 03 isochron: 21
322.8154 -65.23038
322.4928 -65.25500
322.2216 -65.27087
321.9921 -65.27901
321.7800 -65.28833
321.5623 -65.30081
321.3626 -65.31262
321.1789 -65.32262
321.0112 -65.33141
320.8484 -65.34598
320.6927 -65.36310
320.5403 -65.38225
320.3893 -65.39957
>           Indian Ocean: AFRICA PLATE, set 03 isochron: 21
 21.0063 -48.73436
 21.1920 -48.78290
 21.3362 -48.82874
 21.4388 -48.87201
>           Indian Ocean: AFRICA PLATE, set 03 isochron: 21
 23.1209 -49.60213
 23.2564 -49.63069
 23.3839 -49.67181
 23.5033 -49.72552
>           Indian Ocean: AFRICA PLATE, set 03 isochron: 21
 16.3031 -48.78307
 16.3924 -48.81017
 16.4775 -48.84363
 16.5584 -48.88345
>           Indian Ocean: AFRICA PLATE, set 03 isochron: 21
 45.9740 -35.70676
 46.1250 -35.70962
 46.2768 -35.72254
 46.4294 -35.74335
 46.5819 -35.75793
 46.7379 -35.75896
 46.8972 -35.74857
>           Indian Ocean: AFRICA PLATE, set 03 isochron: 21??
 38.7865 -40.88411
 38.9563 -40.90823
 39.1207 -40.92493
 39.2794 -40.93414
>           Indian Ocean: AFRICA PLATE, set 07 isochron: 21
 57.6243 -22.88805
 57.8056 -23.04811
 57.9689 -23.18183
 58.1198 -23.28606
 58.2615 -23.37554
 58.4067 -23.46939
 58.5470 -23.56895
 58.6825 -23.66655
 58.8126 -23.75706
>           Indian Ocean: ANTARCTICA PLATE, set 04 isochron: 21
  3.0330 -57.31677
  3.1299 -57.35907
  3.2284 -57.40543
  3.3331 -57.45285
  3.4441 -57.49567
  3.5606 -57.53314
>           Indian Ocean: ANTARCTICA PLATE, set 04 isochron: 21
 11.4193 -55.53419
 11.6149 -55.60992
 11.7817 -55.68239
 11.9160 -55.74712
 12.0284 -55.79388
 12.1352 -55.82690
>           Indian Ocean: ANTARCTICA PLATE, set 04 isochron: 21
 13.4425 -56.44444
 13.6450 -56.50842
 13.8145 -56.56389
 13.9507 -56.61099
>           Indian Ocean: ANTARCTICA PLATE, set 04 isochron: 21
 14.4037 -56.85928
 14.5366 -56.89403
 14.6599 -56.92642
 14.7735 -56.95653
>           Indian Ocean: ANTARCTICA PLATE, set 04 isochron: 21
 21.9361 -56.53300
 22.0487 -56.55739
 22.2934 -56.58760
 22.4302 -56.59602
>           Indian Ocean: ANTARCTICA PLATE, set 05 isochron: 21-24
104.2114 -61.79553
104.5037 -61.79810
104.7828 -61.80061
105.0501 -61.80368
105.3146 -61.80873
105.5819 -61.81412
105.8463 -61.82207
106.1100 -61.83134
106.3757 -61.84360
106.6566 -61.85629
106.9548 -61.87106
107.2702 -61.88686
107.5907 -61.90134
107.9049 -61.91345
108.2073 -61.92484
108.4946 -61.93579
108.7667 -61.94408
109.0264 -61.94740
109.2835 -61.94620
109.5407 -61.94269
109.7994 -61.93591
110.0531 -61.93108
110.3141 -61.93088
110.5827 -61.93694
110.8652 -61.94531
111.1450 -61.95007
111.4221 -61.95415
111.7005 -61.95667
111.9864 -61.96280
112.2856 -61.96800
112.5855 -61.97322
112.8882 -61.97549
113.1797 -61.98062
113.4641 -61.98798
113.7403 -61.99759
114.0223 -62.00241
114.3119 -62.00398
114.6031 -61.99838
114.8827 -61.98810
115.1470 -61.97353
115.4065 -61.96059
115.6712 -61.95357
115.9436 -61.95015
116.2165 -61.95161
116.4860 -61.95078
116.7535 -61.95091
117.0176 -61.94646
117.2776 -61.94066
117.5371 -61.93031
117.7999 -61.92099
118.0661 -61.91263
118.3304 -61.90457
118.5933 -61.89423
118.8603 -61.88393
119.1299 -61.87657
119.3991 -61.86754
119.6656 -61.85426
119.9335 -61.83607
120.2069 -61.81923
120.4777 -61.80104
120.7429 -61.78113
121.0020 -61.75693
121.2658 -61.73541
121.5379 -61.71556
121.8121 -61.69897
122.0787 -61.67932
122.3343 -61.65764
122.5878 -61.63467
122.8447 -61.61400
123.1072 -61.59366
123.3717 -61.57498
123.6424 -61.55566
123.9164 -61.54100
124.1939 -61.52696
124.4644 -61.51653
124.7320 -61.50705
124.9936 -61.49657
125.2552 -61.48309
125.5156 -61.46432
125.7807 -61.44722
126.0534 -61.43018
126.3322 -61.41846
126.6075 -61.40732
126.8743 -61.40378
127.1397 -61.39928
127.4122 -61.39484
127.6939 -61.38342
127.9692 -61.37328
128.2401 -61.36876
128.5017 -61.37285
128.7675 -61.38295
129.0291 -61.39236
129.2991 -61.40216
129.5746 -61.41103
129.8624 -61.42421
130.1514 -61.44038
130.4363 -61.46082
130.7095 -61.47949
130.9706 -61.48952
131.2244 -61.48856
131.4844 -61.48074
131.7546 -61.47630
132.0329 -61.47980
132.3014 -61.48985
132.5595 -61.50217
132.8108 -61.51215
133.0649 -61.51784
133.3240 -61.51961
133.5839 -61.51903
133.8424 -61.51678
134.0960 -61.51419
134.3490 -61.50996
134.6046 -61.51039
134.8643 -61.51280
135.1239 -61.52049
135.3795 -61.52452
135.6345 -61.52493
135.8919 -61.51575
136.1564 -61.50035
136.4286 -61.47968
136.7076 -61.45937
136.9880 -61.44101
137.2616 -61.42091
137.5277 -61.39612
137.7934 -61.36136
138.0578 -61.32256
138.3237 -61.27737
138.5896 -61.23485
138.8607 -61.19696
139.1343 -61.17041
139.4020 -61.15379
139.6621 -61.14311
139.9151 -61.13521
>           Indian Ocean: AUSTRALIA PLATE, set 02 isochron: 21-24
116.0126 -37.52996
116.1788 -37.49685
116.3427 -37.47076
116.5023 -37.45509
116.6577 -37.44601
116.8115 -37.44189
116.9660 -37.44054
117.1225 -37.44860
117.2802 -37.46108
117.4407 -37.47580
117.6034 -37.48337
117.7647 -37.48923
117.9293 -37.50343
118.0979 -37.53257
118.2753 -37.56948
118.4508 -37.60249
118.6243 -37.62553
118.7751 -37.64229
118.8892 -37.65594
118.9791 -37.66936
119.0615 -37.67178
119.1695 -37.67607
119.2628 -37.68736
119.3438 -37.69469
119.4599 -37.70842
119.5694 -37.70831
119.6751 -37.68616
119.7528 -37.67867
119.8700 -37.67207
120.0164 -37.66351
120.1684 -37.64728
120.3255 -37.61787
120.4862 -37.58187
120.6489 -37.54034
120.8067 -37.50978
120.9594 -37.48911
121.1112 -37.48498
121.2712 -37.48756
121.4402 -37.49243
121.6161 -37.49516
121.7886 -37.49615
121.9549 -37.49709
122.1239 -37.49645
122.3110 -37.49547
122.5162 -37.49074
122.7234 -37.48543
122.9119 -37.47936
123.0803 -37.47810
123.2424 -37.47903
123.4080 -37.48056
123.5813 -37.47717
123.7538 -37.47268
123.9265 -37.46487
124.1005 -37.45763
124.2795 -37.44658
124.4638 -37.43999
124.6454 -37.43611
124.8159 -37.43543
124.9738 -37.43409
125.1256 -37.43215
125.2842 -37.43362
125.4554 -37.43410
125.6362 -37.43521
125.8150 -37.43297
125.9848 -37.42841
126.1450 -37.42214
126.3017 -37.41418
126.4583 -37.41119
126.6177 -37.40547
126.7814 -37.39812
126.9535 -37.38259
127.1407 -37.36998
127.3418 -37.35802
127.5449 -37.35155
127.7362 -37.34608
127.9170 -37.34772
128.0950 -37.35101
128.2758 -37.35544
128.4574 -37.35323
128.6334 -37.34929
128.8074 -37.34258
128.9744 -37.34245
129.1454 -37.34787
129.3224 -37.36610
129.5145 -37.39221
129.7135 -37.42606
129.9070 -37.45761
130.0867 -37.48626
130.2506 -37.50484
130.4028 -37.51614
130.5338 -37.51786
130.6293 -37.51978
130.7103 -37.52656
130.7892 -37.53553
130.8818 -37.54577
130.9602 -37.54097
131.0620 -37.54355
131.1532 -37.55706
131.2493 -37.56622
131.3338 -37.57256
131.4598 -37.57597
131.6169 -37.58459
131.7838 -37.58996
131.9451 -37.59967
132.1008 -37.60990
132.2535 -37.63221
132.4068 -37.65839
132.5608 -37.68951
132.7144 -37.70797
132.8652 -37.71980
133.0150 -37.71732
133.1649 -37.70493
133.3171 -37.67823
133.4687 -37.64217
133.6217 -37.60610
133.7733 -37.57387
133.9253 -37.55265
134.0780 -37.53641
134.2348 -37.52347
134.3950 -37.50883
>           Indian Ocean: AUSTRALIA PLATE, set 11 isochron: 21
 67.0991   9.11655
 67.2455   9.08844
 67.3869   9.06647
 67.5235   9.05134
 67.6538   9.04099
 67.7827   9.02583
 67.9089   9.00721
 68.0372   8.99411
 68.1640   8.98927
 68.2915   8.98717
 68.4170   8.97887
 68.5480   8.96235
 68.6839   8.94929
 68.8246   8.94520
 68.9646   8.95277
>           Indian Ocean: AUSTRALIA PLATE, set 13 isochron: 21
 78.7209 -13.24160
 78.9074 -13.26649
 79.0814 -13.28595
 79.2436 -13.30410
 79.3968 -13.32027
 79.5501 -13.33982
 79.7095 -13.35664
 79.8682 -13.36871
 80.0291 -13.38008
 80.1760 -13.38679
 80.3181 -13.39147
 80.4539 -13.38263
 80.5925 -13.36629
>           Indian Ocean: AUSTRALIA PLATE, set 13 isochron: 21
 81.8065 -19.73946
 81.9486 -19.77814
 82.0915 -19.81480
 82.2337 -19.85276
 82.3780 -19.88808
 82.5209 -19.92798
 82.6659 -19.97766
 82.8117 -20.04104
>           Indian Ocean: AUSTRALIA PLATE, set 14 isochron: 21
 91.9315  -6.17902
 92.0861  -6.19972
 92.2373  -6.21764
 92.3836  -6.23834
 92.5236  -6.25563
 92.6630  -6.27846
 92.8051  -6.29158
 92.9486  -6.29567
 93.0920  -6.28519
>           Indian Ocean: AUSTRALIA PLATE, set 14 isochron: 21
 93.4464  -4.15933
 93.6994  -4.14761
 93.9086  -4.13677
 94.0784  -4.12892
 94.2239  -4.12329
 94.3694  -4.12183
 94.5087  -4.11693
 94.6452  -4.10021
 94.7809  -4.06821
 94.9159  -4.03622
 95.0496  -4.01465
 95.1798  -4.00631
