>           Pacific Ocean: PACIFIC PLATE, set 06 isochron: 26
190.9230 -54.31540
190.9654 -54.25401
191.0126 -54.19131
191.0668 -54.12735
191.1258 -54.05875
191.1911 -53.98677
191.2592 -53.91058
191.3306 -53.83795
191.3945 -53.76851
191.4555 -53.70386
191.5159 -53.63831
191.5805 -53.57224
191.6506 -53.50273
191.7179 -53.43021
191.7922 -53.35382
191.8637 -53.27649
191.9366 -53.20233
192.0088 -53.13184
192.0823 -53.06538
192.1587 -52.99673
192.2336 -52.92502
192.3169 -52.84859
192.4051 -52.77161
192.4967 -52.69955
192.5778 -52.63116
192.6604 -52.56651
192.7445 -52.49666
192.8445 -52.42328
192.9388 -52.34639
193.0276 -52.27061
193.1025 -52.20114
193.1830 -52.13499
193.2719 -52.07474
193.3642 -52.01266
193.4558 -51.95309
193.5384 -51.89644
193.6126 -51.85005
193.6951 -51.79974
193.7583 -51.72734
193.8311 -51.68034
193.8978 -51.63112
193.9762 -51.57881
194.0428 -51.51430
194.1191 -51.46100
194.1795 -51.40892
194.2392 -51.36288
194.3038 -51.30894
194.3794 -51.25455
194.4626 -51.21402
194.5585 -51.15514
194.6842 -51.05592
194.7626 -50.99550
194.8452 -50.93324
194.9264 -50.86650
195.0020 -50.79921
195.0798 -50.73187
195.1568 -50.66840
195.2408 -50.61102
195.3094 -50.55885
195.3767 -50.50929
195.4378 -50.45392
195.5078 -50.39319
>           Pacific Ocean: PACIFIC PLATE, set 06 isochron: 26
201.7753 -50.39023
201.8573 -50.33249
201.9379 -50.27469
202.0129 -50.21281
202.0962 -50.15219
202.1823 -50.08794
202.2753 -50.02628
202.3669 -49.95958
202.4579 -49.89462
202.5502 -49.82956
202.6425 -49.76982
202.7285 -49.70953
202.8084 -49.64915
202.8820 -49.58737
202.9604 -49.52461
203.0375 -49.45901
203.1215 -49.38792
203.2146 -49.31311
203.3229 -49.23499
203.4340 -49.15858
203.5436 -49.08112
203.6478 -49.00217
203.7554 -48.92218
203.8588 -48.84897
203.9545 -48.78433
204.0385 -48.72697
204.1142 -48.67091
204.1968 -48.61572
204.2780 -48.55632
204.3620 -48.49452
204.4342 -48.42896
204.5078 -48.36330
204.5821 -48.29665
204.6654 -48.23178
204.7473 -48.16959
204.8180 -48.11617
204.8902 -48.05104
204.9534 -47.99750
205.0179 -47.94902
205.0936 -47.90425
205.1498 -47.85287
205.2282 -47.80099
205.2991 -47.73407
205.3505 -47.67690
205.4393 -47.62296
205.4553 -47.57881
>           Pacific Ocean: PACIFIC PLATE, set 06 isochron: 26
211.0531 -49.28444
211.1164 -49.22353
211.1900 -49.16119
211.2699 -49.09833
211.3427 -49.03949
211.4128 -48.98334
211.4899 -48.92941
211.5788 -48.86992
211.6760 -48.81036
211.7697 -48.74982
211.8550 -48.69380
211.9223 -48.63722
211.9778 -48.58061
>           Pacific Ocean: PACIFIC PLATE, set 06 isochron: 26
216.5458 -50.07935
216.6431 -50.00241
216.7278 -49.92897
216.8000 -49.85765
216.8667 -49.78487
216.9362 -49.70792
217.0021 -49.62950
217.0660 -49.55186
217.1271 -49.47818
217.1945 -49.40529
217.2653 -49.33228
217.3368 -49.25598
217.4105 -49.17729
217.4917 -49.09575
217.5765 -49.01317
217.6591 -48.92905
217.7334 -48.84389
217.8056 -48.75487
217.8799 -48.66525
217.9577 -48.57504
218.0424 -48.49254
218.1264 -48.41542
218.2160 -48.34468
218.3056 -48.27197
218.3986 -48.19963
218.4846 -48.12672
218.5643 -48.05557
>           Pacific Ocean: PACIFIC PLATE, set 09 isochron: 26
169.8833 -60.65480
170.0367 -60.65155
170.1824 -60.63937
170.3239 -60.62000
170.4613 -60.60030
170.6013 -60.58672
170.7386 -60.57721
170.8774 -60.56770
171.0162 -60.55310
171.1570 -60.53436
171.3027 -60.51151
171.4491 -60.48828
171.5989 -60.46404
171.7453 -60.44080
171.8916 -60.41751
172.0353 -60.38872
172.1804 -60.35094
172.3255 -60.29968
172.4663 -60.24454
172.5966 -60.19173
172.7178 -60.14609
>           Pacific Ocean: PACIFIC PLATE, set 09 isochron: 26
172.5438 -59.23247
172.7977 -59.21133
172.9288 -59.19966
173.0606 -59.18726
173.1903 -59.17413
173.3152 -59.16029
173.5559 -59.13368
173.7973 -59.10561
174.0443 -59.06357
174.1747 -59.04147
174.3107 -59.02223
174.4494 -59.00584
174.5889 -58.98441
174.7269 -58.96152
174.8573 -58.94006
175.1111 -58.91617
175.2444 -58.90332
175.3775 -58.88721
175.5092 -58.87758
175.6362 -58.87154
175.8761 -58.86844
176.1098 -58.88083
176.2319 -58.88811
176.3548 -58.89178
176.5926 -58.90738
176.7077 -58.92607
>           Pacific Ocean: PACIFIC PLATE, set 09 isochron: 26
177.1328 -58.22086
177.2502 -58.19641
177.3730 -58.16936
177.5020 -58.14043
177.6290 -58.10889
177.7594 -58.07439
177.8927 -58.03616
178.0314 -57.99864
178.1693 -57.96326
>           Pacific Ocean: PACIFIC PLATE, set 09 isochron: 26
180.5858 -56.99147
180.8182 -56.96059
180.9417 -56.94852
181.0652 -56.93568
181.1852 -56.92018
181.3025 -56.90048
181.4176 -56.87737
181.5342 -56.85310
181.6528 -56.83224
181.7728 -56.81252
181.8942 -56.79123
182.0170 -56.76576
182.1426 -56.73875
182.2723 -56.71442
182.4062 -56.69005
182.5491 -56.66644
182.6962 -56.63747
182.8419 -56.60844
182.9813 -56.57747
183.1159 -56.54994
183.2525 -56.52548
183.3857 -56.50214
183.5133 -56.48029
183.6306 -56.45844
183.7471 -56.43814
183.8671 -56.41705
183.9969 -56.39250
184.1300 -56.36984
184.2688 -56.34602
184.4117 -56.32568
184.5587 -56.30223
184.7024 -56.27719
184.8321 -56.24902
184.9410 -56.22083
185.0858 -56.19341
185.2010 -56.17255
185.3161 -56.15518
185.4479 -56.14558
185.5596 -56.12587
185.6734 -56.11159
185.7948 -56.08798
185.9134 -56.07291
186.0300 -56.04811
186.1951 -56.01363
186.4116 -55.96786
186.5364 -55.94574
186.6564 -55.92867
186.7736 -55.91351
186.8915 -55.89442
>           Pacific Ocean: PACIFIC PLATE, set 11 isochron: 26
214.5874 -28.27486
214.6475 -28.40076
214.6981 -28.50695
214.7410 -28.59222
214.7790 -28.66820
214.8184 -28.74229
214.8551 -28.81512
214.8890 -28.88300
214.9202 -28.94777
214.9506 -29.01371
214.9865 -29.08815
215.0259 -29.17776
215.0702 -29.27522
215.1110 -29.37324
215.1539 -29.46323
215.1948 -29.54890
215.2335 -29.63083
215.2639 -29.70667
215.2881 -29.77756
215.3130 -29.84480
215.3393 -29.91198
215.3704 -29.97789
215.4029 -30.04681
215.4375 -30.12231
215.4714 -30.20441
>           Pacific Ocean: PACIFIC PLATE, set 11 isochron: 26
212.6974 -16.21619
212.7611 -16.30878
212.8165 -16.37922
212.8615 -16.43153
212.9592 -16.51870
213.0133 -16.56963
213.0576 -16.62991
213.1061 -16.68484
213.1511 -16.73773
213.2059 -16.78126
213.2599 -16.83411
213.3181 -16.89032
213.3735 -16.95853
213.4310 -17.02205
213.4857 -17.08554
213.5412 -17.14300
213.5945 -17.20510
213.6513 -17.27119
213.7094 -17.34259
213.7662 -17.41331
213.8216 -17.48532
213.8729 -17.56129
213.9276 -17.64124
213.9781 -17.71782
214.0245 -17.78838
214.0578 -17.85556
214.0840 -17.92671
214.1041 -17.99981
214.1290 -18.07091
214.1539 -18.13799
214.1885 -18.20174
214.2161 -18.26875
214.2445 -18.33641
214.2652 -18.40669
214.2915 -18.47564
214.3198 -18.54388
214.3454 -18.61142
214.3641 -18.67696
214.3814 -18.74049
214.4256 -18.85822
214.4595 -18.98113
214.4732 -19.05180
214.4919 -19.12508
214.5140 -19.19900
214.5354 -19.26891
214.5575 -19.33551
214.5776 -19.40076
214.5970 -19.46861
214.6149 -19.54170
214.6328 -19.62003
214.6522 -19.70159
214.6701 -19.78705
214.6853 -19.87248
214.6976 -19.95786
214.7114 -20.03598
214.7287 -20.10880
214.7487 -20.17439
214.7729 -20.26485
214.7769 -20.36047
214.7803 -20.43116
214.7851 -20.51231
214.7920 -20.58489
214.7981 -20.66007
214.8043 -20.73716
214.8076 -20.81747
214.8110 -20.89122
214.8151 -20.96103
214.8213 -21.02949
214.8316 -21.10248
214.8453 -21.18456
214.8626 -21.27309
214.8777 -21.36613
214.8901 -21.44871
214.8977 -21.52280
214.9059 -21.59035
214.9135 -21.66047
214.9245 -21.73121
214.9334 -21.80125
214.9444 -21.87193
214.9513 -21.94383
214.9609 -22.02155
214.9684 -22.10051
214.9767 -22.17813
214.9815 -22.25056
>           Pacific Ocean: PACIFIC PLATE, set 11 isochron: 26
202.0182  50.36264
202.0502  50.29747
202.0761  50.23475
202.1158  50.11289
202.1403  50.04942
202.1704  49.98440
202.2021  49.91823
202.2322  49.85337
202.2596  49.78969
202.2863  49.72662
202.3143  49.66171
202.3435  49.59512
202.3732  49.52707
202.4017  49.46120
202.4270  49.39653
202.4508  49.33247
202.4745  49.26677
202.5011  49.20077
202.5285  49.13517
202.5551  49.07001
202.5825  49.00143
202.6136  48.92934
202.6482  48.85444
202.6820  48.78281
202.7104  48.71434
202.7360  48.64901
202.7624  48.58395
202.7932  48.51907
202.8263  48.45407
202.8583  48.38826
202.8876  48.32210
202.9137  48.25463
202.9371  48.18697
202.9592  48.11657
202.9825  48.04480
203.0100  47.97247
203.0389  47.90900
203.0957  47.80556
203.1468  47.68687
203.1731  47.61838
203.2030  47.54687
203.2322  47.47526
203.2642  47.40260
203.2938  47.33459
203.3275  47.27079
203.3602  47.21054
203.4218  47.08847
203.4470  47.02415
203.4719  46.95887
203.5340  46.83346
203.5703  46.77119
203.6075  46.70367
203.6438  46.63038
203.6785  46.54967
203.7126  46.46849
203.7482  46.38940
203.7830  46.31908
203.8146  46.25391
203.8709  46.12307
203.9060  46.04901
203.9476  45.97326
203.9906  45.89363
204.0280  45.81905
204.0562  45.75486
204.0818  45.68766
204.1203  45.62926
204.1553  45.52958
204.1806  45.45888
204.2074  45.38676
204.2320  45.31989
204.2615  45.25261
204.2972  45.18210
204.3377  45.10952
204.3740  45.03903
204.4056  44.97290
204.4355  44.90825
204.4666  44.84329
204.4971  44.77504
204.5263  44.70733
204.5561  44.63971
204.5905  44.57535
204.6261  44.51184
204.6619  44.44901
204.6910  44.38511
204.7195  44.32020
204.7477  44.25274
204.7819  44.18334
204.8161  44.11270
204.8472  44.04472
204.8746  43.97965
204.9299  43.85682
204.9592  43.79554
204.9899  43.73244
205.0222  43.66634
205.0554  43.59704
205.0877  43.52652
205.1185  43.45676
>           Pacific Ocean: PACIFIC PLATE, set 11 isochron: 26
202.0163  41.38208
202.0520  41.31152
202.0885  41.24068
202.1240  41.17320
202.1567  41.10957
202.2159  40.98384
202.2469  40.91782
202.2766  40.85238
202.3094  40.78903
202.3432  40.72662
202.3798  40.66468
202.4150  40.60211
202.4475  40.53914
202.4781  40.47493
202.5065  40.41009
202.5345  40.34580
202.5643  40.28245
202.5966  40.22000
202.6293  40.15562
202.6628  40.08830
202.6982  40.01740
202.7374  39.94693
202.7739  39.87750
202.8078  39.80805
202.8398  39.73631
202.8733  39.66488
202.9077  39.59524
>           Pacific Ocean: PACIFIC PLATE, set 11 isochron: 26
214.0465  39.94294
214.0706  39.88081
214.0947  39.81700
214.1118  39.74618
214.1393  39.67313
214.1752  39.60808
214.2264  39.55641
>           Pacific Ocean: PACIFIC PLATE, set 11 isochron: 26
218.0370  37.68753
218.0403  37.62118
218.0477  37.55642
218.0607  37.49053
218.0660  37.41568
218.0692  37.33635
218.0725  37.25916
218.0771  37.18912
218.0825  37.12290
218.0844  37.05383
218.0890  36.97801
218.0943  36.89540
218.1044  36.80767
218.1181  36.72041
218.1373  36.63358
218.1578  36.54781
218.1784  36.46022
218.1996  36.37143
218.2216  36.28477
218.2471  36.20425
218.2697  36.12700
218.2931  36.05080
218.3109  35.97227
218.3267  35.89877
218.3376  35.82975
>           Pacific Ocean: PACIFIC PLATE, set 11 isochron: 26
218.1423  35.28803
218.1393  35.20359
218.1363  35.12366
218.1333  35.04824
218.1331  34.97504
218.1315  34.90177
218.1313  34.82383
218.1296  34.73720
218.1370  34.64302
218.1492  34.55103
218.1684  34.46759
218.1856  34.39098
218.1999  34.31543
218.2087  34.23752
218.2113  34.16183
218.2104  34.08900
218.2067  34.01726
218.2037  33.94312
218.2007  33.86545
218.1984  33.79003
218.1954  33.71687
218.1931  33.64540
218.1915  33.57152
218.1934  33.49175
218.1973  33.41015
218.2047  33.32499
218.2149  33.24206
218.2286  33.16024
218.2464  33.07948
218.2663  32.99865
218.2862  32.91540
218.3005  32.83678
218.3079  32.76046
218.3098  32.68763
>           Pacific Ocean: PACIFIC PLATE, set 11 isochron: 26??
217.1394 -34.16817
217.1746 -34.23162
217.2106 -34.29390
217.2493 -34.36073
217.2895 -34.43269
217.3351 -34.51150
217.3774 -34.58563
217.4169 -34.65453
217.4528 -34.71764
217.4937 -34.78070
217.5352 -34.84657
217.5719 -34.91240
217.6037 -34.98045
217.6327 -35.04845
217.6625 -35.11868
>           Pacific Ocean: PACIFIC PLATE, set 11 isochron: 26??
222.5464 -42.37230
222.6045 -42.43817
222.6627 -42.50861
222.7208 -42.58357
222.7728 -42.65898
222.8206 -42.73280
>           Pacific Ocean: PACIFIC PLATE, set 11 isochron: 26??
217.6015  -6.79691
217.6090  -6.87672
217.6228  -6.95165
217.6414  -7.02521
217.6546  -7.10290
217.6663  -7.18473
217.6752  -7.26862
217.6876  -7.34697
217.6972  -7.42115
217.7124  -7.48491
217.7214  -7.55005
217.7344  -7.61933
217.7455  -7.70107
217.7641  -7.78695
217.7813  -7.87421
217.7979  -7.96005
217.8151  -8.04796
217.8310  -8.13722
217.8447  -8.22440
217.8523  -8.30671
217.8640  -8.38555
217.8806  -8.46576
217.9006  -8.55424
217.9206  -8.65099
217.9343  -8.75049
217.9502  -8.84235
217.9605  -8.92177
217.9778  -8.99358
217.9902  -9.06191
217.9991  -9.13161
218.0087  -9.24892
218.0336  -9.36065
218.0467  -9.43030
218.0598  -9.50135
218.0743  -9.57101
218.0860  -9.64065
218.1053  -9.71709
218.1157  -9.79281
218.1309  -9.85958
218.1322  -9.94427
218.1362 -10.03786
218.1500 -10.10529
218.1749 -10.17686
218.1956 -10.25252
218.2136 -10.33092
218.2301 -10.40998
218.2495 -10.48284
218.2709 -10.55294
218.2909 -10.62302
218.3095 -10.70132
218.3282 -10.78304
218.3475 -10.87022
218.3654 -10.95394
218.3799 -11.03559
218.3916 -11.10898
218.4034 -11.18098
218.4179 -11.25571
218.4337 -11.33726
218.4510 -11.42358
218.4682 -11.51057
218.4875 -11.59617
218.5083 -11.68105
218.5297 -11.76318
218.5518 -11.84595
218.5697 -11.92255
218.5842 -11.99571
218.5946 -12.06339
>           Pacific Ocean: PACIFIC PLATE, set 11 isochron: 26??
214.1228   3.63354
214.1927   3.49875
214.2522   3.37582
214.3000   3.26336
214.3346   3.15789
214.3643   3.07337
214.3913   3.01048
214.4516   2.91615
214.5215   2.82875
>           Pacific Ocean: PACIFIC PLATE, set 11 isochron: 26??
211.9981  26.83624
212.0325  26.72383
212.0662  26.61762
212.0937  26.51820
212.1171  26.42494
212.1369  26.33539
212.1596  26.25328
212.1830  26.17677
212.2022  26.09768
212.2207  26.00468
212.2392  25.90033
212.2681  25.79336
212.2997  25.69511
212.3342  25.60246
212.3659  25.51224
212.4017  25.42133
212.4411  25.33223
212.4762  25.24812
212.5045  25.16905
212.5230  25.09499
212.5422  25.02213
212.5594  24.94924
212.5800  24.87440
212.6048  24.80335
212.6359  24.73222
212.6739  24.65914
212.7097  24.57710
212.7408  24.49374
212.7655  24.41036
212.7917  24.32944
212.8227  24.24722
212.8523  24.16875
212.8792  24.09473
212.8984  24.02321
212.9163  23.95164
212.9314  23.88517
212.9451  23.81868
212.9333  23.82188
>           Pacific Ocean: PACIFIC PLATE, set 11 isochron: 26??
211.4570  30.02740
211.4755  29.92323
211.4967  29.83112
211.5243  29.74863
211.5581  29.67030
211.5898  29.59314
211.6201  29.52322
211.6352  29.45386
211.6489  29.38322
211.6584  29.31257
211.6763  29.24918
211.7274  29.15339
211.7756  29.03301
211.7990  28.94311
211.8147  28.84581
211.8353  28.75580
211.8531  28.67979
211.8765  28.60432
211.9019  28.52327
211.9329  28.43418
211.9625  28.34808
211.9929  28.26683
212.0190  28.18985
212.0431  28.10910
212.0686  28.02087
212.1030  27.91961
212.1458  27.81266
212.1864  27.71121
212.2202  27.62577
212.2436  27.55329
212.2607  27.48446
212.2716  27.41436
212.2839  27.34113
212.2990  27.26723
>           Pacific Ocean: PACIFIC PLATE, set 12 isochron: 26
175.4875  48.09494
175.6780  48.09210
175.8639  48.08802
176.0439  48.08674
176.2195  48.08837
176.3968  48.09061
176.5735  48.09660
176.6600  48.10221
>           Pacific Ocean: PACIFIC PLATE, set 12 isochron: 26
177.8097  48.97483
177.9885  48.98426
178.1727  48.99251
178.3645  48.99525
178.5550  49.00249
178.7414  49.01201
178.9363  49.01696
179.0374  49.01922
179.2345  49.02498
179.4186  49.03344
179.5110  49.03774
179.6070  49.04264
179.7052  49.04789
179.9031  49.05549
180.0964  49.06412
180.1904  49.07015
180.3741  49.07999
180.5536  49.08958
180.6430  49.09512
180.7325  49.10131
>           Pacific Ocean: PACIFIC PLATE, set 12 isochron: 26
177.0447  48.17624
177.2242  48.17383
177.4094  48.16906
177.5021  48.16931
177.6884  48.17859
>           Pacific Ocean: PACIFIC PLATE, set 12 isochron: 26
180.8300  49.23355
181.0157  49.24227
181.1950  49.25023
181.3735  49.25575
181.5620  49.25616
181.7527  49.25829
181.9393  49.26311
>  Pacific Ocean: PAC PLATE, set 12 or PAC PLATE, set 11 isochron: 26
201.9569  50.54816
201.9088  50.64718
201.8566  50.76318
201.8305  50.83009
201.8037  50.89868
201.7770  50.96584
201.7321  51.03381
201.6617  51.09776
201.5655  51.15641
201.4560  51.20273
201.3437  51.23770
201.2313  51.26260
201.1190  51.28399
201.0024  51.30626
200.8818  51.33112
200.7542  51.35509
200.6265  51.37516
200.4988  51.38824
200.3753  51.39829
200.2553  51.40571
200.1387  51.41271
200.0270  51.41840
199.9201  51.42277
199.7209  51.42458
199.6168  51.42333
199.5002  51.42731
199.3663  51.43737
199.2255  51.45133
199.0895  51.46265
198.9701  51.47135
198.8584  51.48093
198.7439  51.48793
198.6183  51.49494
198.4892  51.49890
198.3594  51.50890
198.2325  51.51894
198.1034  51.53156
197.9785  51.54112
197.8606  51.55371
197.7530  51.56328
197.5476  51.57418
197.4442  51.57940
197.3408  51.58637
197.2347  51.60070
197.1251  51.61329
197.0169  51.63322
196.8309  51.65400
196.6463  51.65800
196.5346  51.66325
196.4159  51.67365
196.3056  51.67714
196.1994  51.68322
196.0953  51.68975
195.9836  51.69456
195.8677  51.70109
195.7484  51.70976
195.6339  51.72145
195.5264  51.73140
195.3217  51.74700
195.2148  51.75266
195.1051  51.75571
194.9954  51.75145
194.8864  51.74892
194.7782  51.75112
194.6700  51.76366
194.5632  51.77749
194.3508  51.79266
194.2405  51.79874
194.1281  51.80868
194.0192  51.82120
193.8151  51.83850
193.6090  51.85021
193.4966  51.85627
193.3772  51.85847
193.2558  51.86025
193.1350  51.86030
193.0226  51.86335
192.8219  51.86512
192.6255  51.86178
192.4298  51.86352
>           Pacific Ocean: PACIFIC PLATE, set 12 isochron: 26??
182.8320  49.25850
182.7305  49.25713
182.6320  49.25631
182.5357  49.25693
182.4382  49.25784
182.3388  49.25958
182.2408  49.26163
182.1462  49.26109
181.9657  49.24344
>           Pacific Ocean: ANTARCTICA PLATE, set 01 isochron: 26
246.0643 -62.05717
246.1347 -61.98665
246.2098 -61.91765
246.2882 -61.85078
246.3618 -61.78246
246.4369 -61.71266
246.5112 -61.64172
246.5883 -61.57430
246.6570 -61.50867
246.7265 -61.44124
246.8002 -61.36900
246.8905 -61.29327
246.9892 -61.21738
247.0912 -61.14432
247.1856 -61.07173
247.2738 -60.99963
247.3564 -60.92470
247.4363 -60.84956
247.5176 -60.77361
247.5967 -60.69743
247.6794 -60.62144
247.7614 -60.54596
247.8454 -60.47200
247.9253 -60.39719
248.0044 -60.32150
248.0822 -60.24600
248.1600 -60.17415
248.2308 -60.10594
248.2968 -60.03999
248.3585 -59.97435
>           Pacific Ocean: ANTARCTICA PLATE, set 01 isochron: 26
257.2277 -61.06378
257.4088 -61.00018
>           Pacific Ocean: ANTARCTICA PLATE, set 01 isochron: 26
263.9758 -61.17613
264.1183 -61.07771
264.2448 -60.95837
264.3080 -60.88805
264.3831 -60.81419
264.4644 -60.73746
264.5470 -60.66258
264.6234 -60.58923
264.6928 -60.51743
264.7581 -60.44547
264.8192 -60.37643
264.8804 -60.30898
264.9394 -60.24345
265.0013 -60.17641
265.0652 -60.10782
265.1346 -60.03775
265.2074 -59.96758
>           Pacific Ocean: ANTARCTICA PLATE, set 01 isochron: 26
232.9322 -65.09152
233.0651 -65.03148
>           Pacific Ocean: ANTARCTICA PLATE, set 06 isochron: 26
270.3535 -66.46761
270.5268 -66.40514
270.6900 -66.34276
270.8377 -66.27994
270.9786 -66.22032
271.1126 -66.16142
271.2424 -66.10320
271.3646 -66.04088
271.4826 -65.97444
271.6056 -65.90559
271.7354 -65.83772
271.8749 -65.77452
272.0193 -65.71490
272.1644 -65.65538
272.3032 -65.59256
272.4340 -65.52646
>           Pacific Ocean: ANTARCTICA PLATE, set 06 isochron: 26
271.7253 -63.71288
271.8782 -63.66643
272.0233 -63.62450
272.1683 -63.58311
272.3246 -63.54016
272.4967 -63.48999
272.6744 -63.43846
272.8422 -63.38902
272.9990 -63.34575
273.1433 -63.30647
273.2827 -63.26553
273.4178 -63.22141
>           Pacific Ocean: ANTARCTICA PLATE, set 09 isochron: 26
270.3764 -56.21660
270.3195 -56.29811
270.2625 -56.37753
270.2125 -56.45300
270.1707 -56.52408
270.1380 -56.59158
270.1129 -56.65858
270.0850 -56.72699
270.0613 -56.79716
270.0349 -56.86761
270.0132 -56.93762
>           Pacific Ocean: AUSTRALIA PLATE, set 15 isochron: 26
154.9102 -12.34665
155.0438 -12.36383
155.1773 -12.39664
155.3106 -12.44308
155.4417 -12.50651
155.5714 -12.57809
155.6974 -12.66390
155.8151 -12.75917
155.9216 -12.86657
156.0204 -12.98272
156.1247 -13.10157
156.2374 -13.21771
>           Pacific Ocean: AUSTRALIA PLATE, set 15 isochron: 26
154.0320 -14.39934
154.1720 -14.39481
154.3077 -14.40170
154.4398 -14.42747
154.5684 -14.46064
154.6971 -14.49381
154.8236 -14.52629
154.9521 -14.56419
155.0827 -14.61153
155.2174 -14.66158
155.3527 -14.71770
155.4880 -14.77848
>           Pacific Ocean: AUSTRALIA PLATE, set 15 isochron: 26
156.8882 -13.68555
157.0263 -13.74060
157.1546 -13.80435
157.2746 -13.87074
157.3875 -13.95603
157.5114 -14.04813
157.6450 -14.15307
>           Pacific Ocean: AUSTRALIA PLATE, set 15 isochron: 26
155.8931 -15.53813
156.0195 -15.58056
156.1459 -15.62833
156.2714 -15.69216
156.3962 -15.77074
>           North Atlantic Ocean: NORTH AMERICA PLATE, set 03 isochron: 26
311.3935  55.07095
311.5149  54.96015
311.6143  54.86599
311.6909  54.79131
311.7563  54.72857
311.8161  54.66893
311.8691  54.60838
311.9150  54.54615
311.9576  54.48053
312.0029  54.41159
312.0573  54.33725
312.1201  54.25951
312.1883  54.18165
312.2509  54.10935
312.3101  54.04308
312.3686  53.97916
312.4285  53.91389
312.4891  53.84647
312.5358  53.77893
312.5769  53.71046
312.6139  53.64145
312.6668  53.57318
312.7309  53.50731
312.8033  53.44133
312.8743  53.37316
312.9439  53.30278
313.0136  53.23104
313.0833  53.15876
313.1522  53.08594
313.2162  53.01552
313.2775  52.94498
313.3360  52.87389
313.3952  52.80014
313.4516  52.72588
313.5059  52.65107
>           North Atlantic Ocean: NORTH AMERICA PLATE, set 07 isochron: 26??
304.0805  58.31737
304.2467  58.18487
304.3858  58.07598
304.4991  57.99267
304.5979  57.92095
304.6989  57.84757
304.8026  57.77148
304.9070  57.69558
305.0065  57.62216
305.0998  57.55080
305.1868  57.48307
305.2731  57.41745
305.3539  57.35245
305.4381  57.28548
305.5223  57.21573
305.6128  57.14281
305.7031  57.06715
>           North Atlantic Ocean: NORTH AMERICA PLATE, set 07 isochron: 26??
306.1353  56.82434
306.1890  56.76206
306.2503  56.69858
306.3165  56.63229
306.3882  56.56398
306.4544  56.49401
306.5178  56.42505
306.5756  56.35519
306.6348  56.28637
306.6954  56.21629
306.7601  56.14720
306.8270  56.07723
306.8966  56.00948
306.9642  55.94277
307.0269  55.87712
307.0875  55.80978
307.1529  55.74198
307.2259  55.67405
>           North Atlantic Ocean: NORTH AMERICA PLATE, set 07 isochron: 26??
309.8336  56.28057
309.8943  56.19717
309.9668  56.11641
310.0553  56.03511
310.1507  55.94932
310.2488  55.86415
310.3441  55.78588
310.4402  55.71528
310.5321  55.64650
310.6191  55.57562
310.6964  55.50620
310.7680  55.43864
310.8376  55.37452
310.9149  55.31192
310.9936  55.25117
311.0694  55.19154
311.1368  55.13182
>           North Atlantic Ocean: NORTH AMERICA PLATE, set 08 isochron: 26
302.9023  62.39867
302.9763  62.33400
303.0501  62.27054
303.1274  62.20823
303.2158  62.14550
303.3182  62.08133
303.4303  62.01569
303.5417  61.94830
303.6481  61.88139
303.7414  61.81466
303.8256  61.74744
303.8967  61.67808
303.9740  61.60594
304.0583  61.53430
304.1536  61.46450
304.2495  61.39759
>           Indian Ocean: AFRICA PLATE, set 07 isochron: 26
 53.3824 -27.66576
 53.5976 -27.81022
 53.7907 -27.93730
 53.9576 -28.05511
 54.1104 -28.16306
 54.2599 -28.27952
 54.4155 -28.39212
 54.5678 -28.50283
 54.7179 -28.59691
 54.8582 -28.67812
 54.9958 -28.75128
>           Indian Ocean: AFRICA PLATE, set 08 isochron: 26
 54.7595   0.79683
 54.8901   0.70411
 55.0220   0.62255
>           Indian Ocean: AFRICA PLATE, set 08 isochron: 26??
 52.9043   1.58993
 53.0343   1.48191
 53.1615   1.38362
 53.2865   1.29299
 53.4109   1.20165
 53.5290   1.11097
 53.6408   1.03628
 53.7450   0.97411
 53.8484   0.92376
>           Indian Ocean: AFRICA PLATE, set 08 isochron: 26??
 55.5847   0.22398
 55.7222   0.15919
 55.8540   0.09575
 55.9838   0.03718
 56.1143  -0.02488
 56.2504  -0.08272
 56.3913  -0.14960
 56.5364  -0.21784
 56.6842  -0.29584
 56.8314  -0.36546
 56.9779  -0.43790
 57.1244  -0.51798
 57.2716  -0.61411
>           Indian Ocean: AFRICA PLATE, set 08 isochron: 26??
 57.6824  -0.37981
 57.8345  -0.45639
 57.9789  -0.52673
 58.1115  -0.59016
 58.2392  -0.66129
 58.3677  -0.74216
 58.5011  -0.83347
>           Indian Ocean: ANTARCTICA PLATE, set 10 isochron: 26
 56.2886 -39.67517
 56.5667 -39.79945
 56.8040 -39.90231
 56.9979 -39.98938
 57.1737 -40.06354
 57.3481 -40.14400
 57.5260 -40.22595
 57.6963 -40.30885
 57.8645 -40.38792
 58.0287 -40.45688
 58.1992 -40.51518
 58.3741 -40.56384
>           Indian Ocean: ANTARCTICA PLATE, set 10 isochron: 26
 57.7141 -41.88304
 57.9321 -41.99876
 58.1272 -42.09706
 58.3023 -42.17659
 58.4699 -42.24879
 58.6430 -42.31837
 58.8155 -42.38272
 58.9862 -42.43971
>           Indian Ocean: ANTARCTICA PLATE, set 10 isochron: 26
 59.4776 -45.78462
 59.7317 -45.88496
 59.9552 -45.97032
 60.1533 -46.03810
 60.3417 -46.09810
 60.5383 -46.16188
 60.7314 -46.23514
 60.9217 -46.31218
 61.1065 -46.38576
 61.2969 -46.45396
 61.4831 -46.52777
 61.6691 -46.60817
 61.8484 -46.69176
 62.0286 -46.77042
>           Indian Ocean: AUSTRALIA PLATE, set 11 isochron: 26
 61.5225  16.40437
 61.6549  16.40708
 61.7845  16.41042
 61.9106  16.41038
 62.0333  16.40231
 62.1574  16.39424
 62.2842  16.39088
 62.4179  16.39490
 62.5545  16.39558
 62.6972  16.39230
 62.8386  16.38833
 62.9793  16.38101
 63.1118  16.37164
 63.2442  16.35494
 63.3779  16.34425
 63.5193  16.34164
 63.6690  16.35175
 63.8339  16.36997
 64.0112  16.39285
>           Indian Ocean: AUSTRALIA PLATE, set 11 isochron: 26
 64.4630  15.62362
 64.5876  15.63838
 64.7166  15.64241
 64.8511  15.62900
 64.9849  15.60685
 65.1180  15.57862
>           Indian Ocean: AUSTRALIA PLATE, set 11 isochron: 26
 66.1550  15.13641
 66.2769  15.13169
 66.4017  15.12695
 66.5285  15.12490
 66.6568  15.12017
 66.7836  15.11342
 66.9098  15.10059
 67.0346  15.08640
>           Indian Ocean: AUSTRALIA PLATE, set 12 isochron: 26
 73.0127  -9.29815
 73.1700  -9.31182
 73.3253  -9.32615
 73.4806  -9.34117
 73.6407  -9.35822
 73.8016  -9.37389
 73.9617  -9.39368
 74.1156  -9.40939
 74.2647  -9.42718
 74.4089  -9.43949
 74.5538  -9.45455
 74.7077  -9.47095
 74.8630  -9.48870
 75.0155  -9.51471
 75.1591  -9.54352
 75.2971  -9.57854
 75.4129  -9.60336
 75.4871  -9.61945
 75.5592  -9.62800
 75.6425  -9.64819
 75.7056  -9.65954
 75.7577  -9.68743
 75.8353  -9.69253
 75.9074  -9.69627
 75.9962  -9.72606
 76.0926  -9.75579
 76.2098  -9.78403
 76.3367  -9.81085
 76.4664  -9.83765
 76.6003  -9.86716
 76.7383  -9.89732
>           Indian Ocean: AUSTRALIA PLATE, set 13 isochron: 26
 90.8353  -2.98964
 90.9809  -2.98540
 91.1347  -2.98251
 91.2934  -2.98725
 91.4452  -2.98576
 91.5866  -2.99197
 91.7224  -2.98917
 91.8582  -2.99194
 91.9955  -2.98981
>           Indian Ocean: AUSTRALIA PLATE, set 14 isochron: 26
 93.7802 -10.50054
 94.1071 -10.45033
 94.3571 -10.41539
 94.5310 -10.39182
 94.6723 -10.36847
 94.8136 -10.33277
 94.9583 -10.28402
 95.1050 -10.23732
 95.2587 -10.19126
 95.4117 -10.15205
 95.5626 -10.10869
>           Indian Ocean: AUSTRALIA PLATE, set 14 isochron: 26
 95.9401  -9.25963
 96.2907  -9.23869
 96.5533  -9.21526
 96.7327  -9.19501
 96.8692  -9.18604
 97.0106  -9.18462
 97.1498  -9.17977
 97.2898  -9.17354
 97.4318  -9.16524
 97.5774  -9.16380
 97.7257  -9.16233
 97.8733  -9.16291
>           Indian Ocean: AUSTRALIA PLATE, set 16 isochron: 26??
153.1569 -34.47782
153.2622 -34.64026
153.3610 -34.78704
153.4552 -34.91924
153.5460 -35.04321
153.6403 -35.16987
153.7372 -35.30145
153.8362 -35.43850
153.9323 -35.57814
154.0237 -35.71297
154.1061 -35.84185
154.1886 -35.96825
154.2737 -36.09786
154.3726 -36.23689
154.4776 -36.38079
154.5833 -36.52555
154.6830 -36.66055
154.7781 -36.78749
>           Indian Ocean: AUSTRALIA PLATE, set 16 isochron: 26??
156.2535 -40.62784
156.4388 -40.85782
156.5901 -41.04819
156.7102 -41.20168
156.8145 -41.33841
156.9092 -41.47220
156.9910 -41.60049
>           Indian Ocean: AUSTRALIA PLATE, set 16 isochron: 26??
156.1927 -42.31012
156.3280 -42.47438
156.4432 -42.62332
156.5386 -42.75597
156.6258 -42.87906
156.7116 -42.99835
156.7906 -43.11481
156.8622 -43.22955
>           Indian Ocean: AUSTRALIA PLATE, set 16 isochron: 26??
154.7375 -44.83955
154.8749 -45.02882
154.9889 -45.20088
155.0728 -45.35364
155.1361 -45.49222
155.1905 -45.62709
>           Indian Ocean: AUSTRALIA PLATE, set 17 isochron: 26
156.8677 -43.26605
157.0245 -43.49286
157.1523 -43.67674
157.2505 -43.81783
>           Indian Ocean: AUSTRALIA PLATE, set 17 isochron: 26??
154.7832 -33.76240
154.9363 -33.95900
155.0867 -34.13457
155.2278 -34.28326
155.3562 -34.40512
155.4714 -34.52264
155.5838 -34.64223
155.6987 -34.77370
155.8185 -34.90844
155.9395 -35.05035
156.0619 -35.19660
156.1858 -35.34836
>           Indian Ocean: AUSTRALIA PLATE, set 17 isochron: 26??
156.3364 -37.57968
156.4449 -37.71055
156.5473 -37.84283
156.6503 -37.97819
156.7601 -38.11829
156.8845 -38.25717
157.0098 -38.39035
157.1360 -38.51347
157.2559 -38.63254
157.3828 -38.75038
157.5047 -38.87173
157.6184 -38.99335
157.7113 -39.11513
157.7926 -39.23560
>           Indian Ocean: AUSTRALIA PLATE, set 17 isochron: 26??
158.2166 -39.96739
158.4349 -40.20581
158.6228 -40.40369
158.7749 -40.55843
158.8987 -40.68982
159.0026 -40.81659
159.0914 -40.94150
