>           Pacific Ocean: PACIFIC PLATE, set 06 isochron: 20
196.8741 -53.51071
196.9770 -53.45358
197.0769 -53.40053
197.1761 -53.35201
197.2767 -53.30421
197.3816 -53.25307
197.4850 -53.19810
197.5884 -53.14430
197.6890 -53.09506
197.7882 -53.05035
197.8742 -53.00597
197.9505 -52.96156
198.0970 -52.87263
198.1817 -52.82222
198.2796 -52.76541
198.3837 -52.70221
198.4919 -52.64232
198.5925 -52.58614
198.6813 -52.53410
198.7603 -52.48199
>           Pacific Ocean: PACIFIC PLATE, set 06 isochron: 20
205.8194 -51.40907
205.8987 -51.34128
205.9743 -51.27818
206.0438 -51.22025
206.1166 -51.16879
206.1840 -51.11769
206.2541 -51.06612
206.3145 -51.00700
206.3833 -50.94299
206.4507 -50.87495
206.5277 -50.80904
206.5992 -50.74521
206.6756 -50.68219
206.7499 -50.61729
206.8298 -50.55099
206.9034 -50.48372
206.9735 -50.41721
207.0401 -50.35107
207.1089 -50.28528
207.1769 -50.21893
207.2394 -50.15207
207.2935 -50.08733
207.3470 -50.02341
207.4019 -49.95895
207.4644 -49.89127
207.5353 -49.82440
207.6102 -49.75967
207.6894 -49.70029
207.7636 -49.64038
207.8442 -49.57811
207.9275 -49.51128
208.0171 -49.44751
208.1065 -49.38867
>           Pacific Ocean: PACIFIC PLATE, set 06 isochron: 20
215.1534 -50.28317
215.2777 -50.26237
215.3970 -50.23523
>           Pacific Ocean: PACIFIC PLATE, set 06 isochron: 20
221.9772 -49.73169
222.0773 -49.62627
>           Pacific Ocean: PACIFIC PLATE, set 06 isochron: 20
224.0644 -47.81999
224.1110 -47.74036
224.1590 -47.66298
224.2097 -47.58882
224.2652 -47.51266
224.3166 -47.43921
224.3687 -47.36803
224.4174 -47.30147
224.4785 -47.23627
224.5452 -47.17097
224.6160 -47.10561
224.6868 -47.03682
224.7590 -46.96414
224.8326 -46.88661
224.9041 -46.81039
224.9632 -46.73883
225.0201 -46.67197
225.0694 -46.60596
225.1243 -46.53940
225.1770 -46.47279
>           Pacific Ocean: PACIFIC PLATE, set 09 isochron: 20
173.2339 -62.49536
173.3562 -62.44852
173.4811 -62.40706
173.6088 -62.37100
173.7371 -62.33879
173.8646 -62.30714
>           Pacific Ocean: PACIFIC PLATE, set 09 isochron: 20
184.0007 -58.82069
184.1473 -58.79276
184.2840 -58.76974
184.4130 -58.75465
184.5406 -58.74753
184.6717 -58.74219
184.8008 -58.73578
184.9313 -58.72212
185.0645 -58.70703
185.2054 -58.68651
185.3483 -58.66634
185.4885 -58.64288
185.6245 -58.62231
185.7584 -58.60100
185.8944 -58.58005
186.0304 -58.55727
186.1657 -58.53227
186.3010 -58.50401
186.4440 -58.47209
186.5904 -58.44160
186.7361 -58.41693
186.8700 -58.39694
186.9962 -58.37875
187.2329 -58.33435
187.3564 -58.30995
187.4883 -58.28334
187.6243 -58.25633
187.7575 -58.23077
187.8872 -58.21474
188.0183 -58.20384
188.1571 -58.19476
188.3042 -58.18018
188.4534 -58.16006
188.5971 -58.13664
188.7345 -58.11136
188.8670 -58.08902
188.9988 -58.06589
189.1300 -58.04129
189.2577 -58.01300
189.3846 -57.98468
189.5130 -57.95560
189.6456 -57.92429
189.7795 -57.89368
189.9106 -57.86711
190.0404 -57.84572
190.1660 -57.82466
190.2923 -57.80177
190.4178 -57.77625
190.5504 -57.75146
190.6884 -57.73296
190.8327 -57.72147
>           Pacific Ocean: PACIFIC PLATE, set 11 isochron: 20
223.4492 -34.93758
223.4906 -35.01813
223.5259 -35.09180
223.5584 -35.15856
223.5910 -35.22185
223.6304 -35.29021
223.6712 -35.36703
223.7100 -35.45230
223.7439 -35.53750
223.7749 -35.61976
223.8123 -35.70023
223.8552 -35.78064
223.9015 -35.85872
223.9458 -35.93613
223.9901 -36.01517
224.0350 -36.09527
224.0752 -36.17019
224.1084 -36.23998
224.1437 -36.30634
224.1831 -36.37489
224.2254 -36.44395
224.2558 -36.51407
224.2773 -36.58299
>           Pacific Ocean: PACIFIC PLATE, set 11 isochron: 20
225.9390 -40.22122
225.9853 -40.29517
226.0316 -40.36691
226.0725 -40.43752
226.1112 -40.51070
226.1478 -40.58910
226.1886 -40.67216
226.2301 -40.75356
226.2654 -40.83168
226.3000 -40.90601
226.3304 -40.98129
226.3657 -41.05809
226.3940 -41.13374
226.4258 -41.20827
226.4576 -41.27901
226.4998 -41.35023
226.5434 -41.42085
226.5891 -41.49297
226.6306 -41.56808
226.6769 -41.64629
226.7274 -41.72801
226.7842 -41.80655
226.8395 -41.88083
226.8922 -41.94983
226.9427 -42.01823
226.9939 -42.08812
227.0445 -42.15947
227.0909 -42.23228
227.1344 -42.30911
227.1801 -42.39050
227.2306 -42.47591
227.2838 -42.55966
227.3351 -42.64124
227.3814 -42.71863
227.4188 -42.79285
227.4548 -42.86592
227.4928 -42.95786
227.4451 -42.89354
227.5330 -43.00684
>           Pacific Ocean: PACIFIC PLATE, set 11 isochron: 20
224.8844  -8.82098
224.9003  -8.89700
224.9203  -8.97161
224.9417  -9.04761
224.9638  -9.12633
224.9880  -9.20989
225.0157  -9.29272
225.0385  -9.37487
225.0544  -9.45353
225.0674  -9.53216
225.0833  -9.61012
>           Pacific Ocean: PACIFIC PLATE, set 11 isochron: 20
228.4608  23.43771
228.4947  23.34406
228.5244  23.25935
228.5479  23.18488
228.5666  23.11228
228.5859  23.03645
228.6087  22.95796
228.6336  22.87817
228.6550  22.79768
228.6750  22.71004
228.6957  22.62365
228.7213  22.53528
228.7441  22.45135
228.7599  22.36480
228.7667  22.27886
228.7736  22.19155
228.7853  22.10549
228.8004  22.02132
228.8149  21.93645
228.8252  21.84634
228.8390  21.74773
228.8514  21.64777
228.8679  21.55423
228.8803  21.47363
228.8934  21.40012
228.9017  21.32661
228.9085  21.25175
228.9154  21.17621
228.9236  21.10257
228.9304  21.02628
228.9373  20.94866
228.9483  20.86772
228.9670  20.78413
228.9863  20.69524
229.0042  20.60174
229.0159  20.50623
229.0248  20.41720
229.0261  20.34911
229.0239  20.27639
229.0378  20.19379
229.0502  20.13343
229.0570  20.04878
229.0541  19.96278
229.0714  19.88987
229.0699  19.79325
229.0913  19.71696
229.0954  19.65051
229.1099  19.53332
229.1320  19.45821
229.1534  19.38043
229.1908  19.27954
229.2087  19.16405
229.2357  19.08613
229.2682  18.98965
229.3013  18.89048
229.3380  18.79259
229.3677  18.72178
229.3982  18.69199
>           Pacific Ocean: PACIFIC PLATE, set 11 isochron: 20
209.2317  51.32577
209.2314  51.26437
209.2302  51.14107
209.2198  51.01929
209.2042  50.89678
209.1958  50.83431
209.1860  50.76991
209.1757  50.70514
209.1637  50.63976
209.1499  50.57586
209.1361  50.51120
209.1265  50.44432
209.1229  50.37498
209.1217  50.30573
209.1182  50.23706
209.1101  50.16754
209.0982  50.09266
209.0838  50.01411
209.0660  49.93240
209.0500  49.85483
209.0367  49.78124
209.0289  49.71435
209.0233  49.65095
209.0166  49.52535
209.0120  49.45663
209.0051  49.38282
208.9962  49.31155
208.9873  49.24262
208.9792  49.17760
208.9705  49.11249
208.9591  49.04523
208.9457  48.97567
208.9311  48.90304
208.9184  48.83026
208.9059  48.75790
208.8963  48.68822
208.8871  48.62144
208.8722  48.49052
208.8633  48.41848
208.8522  48.34076
>           Pacific Ocean: PACIFIC PLATE, set 11 isochron: 20
211.6119  47.82905
211.6067  47.76261
211.6002  47.69614
211.5941  47.63069
211.5887  47.56440
211.5868  47.49923
211.5862  47.43232
211.5864  47.36529
211.5844  47.29771
211.5822  47.23131
211.5808  47.16424
211.5818  47.09597
211.5805  47.02565
211.5781  46.95469
211.5719  46.88099
211.5665  46.80642
211.5597  46.73159
211.5550  46.65773
211.5504  46.58395
211.5473  46.50837
211.5433  46.43494
211.5407  46.36432
211.5383  46.22979
211.5392  46.15881
211.5402  46.08497
211.5367  46.01281
211.5334  45.94371
211.5310  45.87599
211.5285  45.80762
211.5234  45.73923
211.5160  45.67361
211.5032  45.54659
211.4975  45.48199
211.4868  45.35338
211.4837  45.28888
211.4800  45.22132
211.4757  45.15390
211.4691  45.08607
211.4634  45.02191
211.4564  44.89648
211.4540  44.77166
211.4472  44.63311
211.4433  44.55468
211.4415  44.48012
211.4409  44.41039
211.4383  44.34349
211.4313  44.27334
211.4218  44.20068
211.4107  44.12738
211.4015  44.05569
211.3919  43.98700
211.3829  43.92094
>           Pacific Ocean: PACIFIC PLATE, set 11 isochron: 20
209.2960  43.47129
209.2944  43.34409
209.2934  43.27556
209.2921  43.20597
209.2890  43.13751
209.2862  43.07054
209.2826  43.00389
209.2784  42.93543
209.2710  42.86698
209.2628  42.79747
209.2559  42.72805
209.2524  42.65708
209.2503  42.58680
209.2491  42.51861
209.2476  42.44992
209.2484  42.37857
209.2493  42.30315
209.2499  42.22706
209.2460  42.15195
209.2405  42.07622
209.2342  42.00040
209.2303  41.92406
209.2259  41.85080
209.2217  41.78068
209.2180  41.71546
209.2155  41.58927
209.2163  41.45898
209.2167  41.33023
209.2150  41.26064
209.2114  41.18517
209.2061  41.10789
209.1994  41.03398
209.1925  40.96260
209.1862  40.89091
209.1806  40.82057
209.1763  40.75133
209.1740  40.68299
209.1741  40.61271
209.1745  40.54129
209.1716  40.46829
209.1651  40.39387
>           Pacific Ocean: PACIFIC PLATE, set 11 isochron: 20
208.1407  55.76048
208.0966  55.69419
208.0483  55.62429
207.9959  55.54879
207.9559  55.47153
207.9222  55.39217
207.8941  55.31462
207.8653  55.23772
207.8344  55.16385
207.8020  55.08743
207.7649  55.00929
207.7332  54.92855
207.7016  54.84850
207.6735  54.76788
207.6454  54.68709
207.6221  54.60897
207.6030  54.53432
207.5798  54.46239
207.5558  54.38908
207.5318  54.31445
207.5120  54.23722
207.4971  54.16190
207.4787  54.08847
207.4575  54.01696
207.4287  53.94493
207.3999  53.87193
207.3683  53.79883
207.3319  53.72188
207.2863  53.63526
207.2380  53.54022
207.1931  53.44288
207.1580  53.35410
207.1299  53.27427
207.1053  53.19844
207.0799  53.12205
207.0490  53.04178
207.0118  52.96090
206.9712  52.88034
206.9333  52.80425
206.9004  52.73225
206.8703  52.66311
>           Pacific Ocean: PACIFIC PLATE, set 11 isochron: 20
210.6144  56.98053
210.5903  56.88972
210.5635  56.80639
210.5367  56.73050
210.5003  56.65944
210.4638  56.59056
210.4247  56.52388
>           Pacific Ocean: PACIFIC PLATE, set 11 isochron: 20
211.2011  58.07641
211.1715  58.01228
211.1371  57.94439
211.0902  57.87120
211.0309  57.79386
>           Pacific Ocean: PACIFIC PLATE, set 11 isochron: 20
211.8297  58.80707
211.8402  58.69319
211.8480  58.59621
211.8489  58.51858
211.8506  58.45165
211.8524  58.38753
211.8583  58.32369
>           Pacific Ocean: PACIFIC PLATE, set 11 isochron: 20
218.8808  31.36518
218.8979  31.28217
218.9212  31.19972
218.9481  31.11719
218.9742  31.03758
218.9921  30.95912
219.0071  30.88479
219.0152  30.81100
219.0289  30.73536
219.0475  30.65662
219.0715  30.57421
219.0956  30.49355
219.1190  30.41221
219.1403  30.33384
219.1595  30.25297
219.1703  30.17023
219.1895  30.08442
219.2053  30.00578
219.2301  29.93375
219.2382  29.86710
219.2519  29.79677
219.2538  29.72702
219.2654  29.65961
219.2921  29.53018
219.3051  29.45840
219.3146  29.37803
219.3262  29.29395
219.3398  29.20860
219.3549  29.12682
219.3658  29.04376
219.3753  28.96370
219.3827  28.88479
219.3929  28.81073
219.4031  28.73660
219.4147  28.66364
219.4235  28.59494
219.4378  28.49427
219.4605  28.40699
219.4818  28.31042
219.4920  28.23472
219.5056  28.16018
219.5235  28.08004
219.5392  28.00168
219.5583  27.89795
219.5817  27.79596
219.6100  27.73100
219.6264  27.66603
219.6366  27.57622
219.6475  27.50619
219.6722  27.39824
219.6894  27.32935
219.7065  27.24794
219.7334  27.16959
219.7831  27.05567
219.8037  26.98594
219.8167  26.91739
219.8248  26.85067
219.8357  26.77392
219.8501  26.68462
219.8693  26.59151
219.8891  26.50585
219.9126  26.42950
219.9318  26.35747
219.9525  26.28226
219.9724  26.20322
219.9985  26.11914
220.0226  26.03373
220.0397  25.94701
220.0526  25.86275
220.0628  25.77526
220.0786  25.68394
220.0977  25.58183
220.1190  25.47772
220.1423  25.37543
220.1622  25.28318
220.1814  25.19717
220.1992  25.12123
220.2122  25.05159
220.2301  24.98822
220.2389  24.91657
220.2533  24.84044
220.2593  24.75985
220.2730  24.68620
220.2867  24.61630
>           Pacific Ocean: PACIFIC PLATE, set 11 isochron: 20?
224.1887  -5.22289
224.2163  -5.29464
224.2419  -5.36986
224.2717  -5.44649
224.3084  -5.51962
224.3430  -5.59064
224.3707  -5.66722
224.3935  -5.75214
224.4253  -5.84193
224.4592  -5.93031
224.4945  -6.01799
224.5249  -6.10634
>           Pacific Ocean: PACIFIC PLATE, set 11 isochron: 20?
223.4734   4.04502
223.4962   3.97384
223.5218   3.89985
223.5515   3.82238
223.5806   3.74139
223.6103   3.65622
223.6394   3.57034
223.6781   3.48096
223.7210   3.39644
223.7688   3.31402
223.8069   3.23856
223.8394   3.16592
223.8657   3.09608
>           Pacific Ocean: PACIFIC PLATE, set 12 isochron: 20
170.3995  51.84736
170.4873  51.90709
170.5803  51.96665
170.6771  52.02430
170.7728  52.08035
170.8625  52.13490
170.9476  52.18968
>           Pacific Ocean: PACIFIC PLATE, set 12 isochron: 20
171.8114  51.08372
171.9001  51.14279
171.9916  51.20091
172.0846  51.25832
172.1766  51.31488
172.2657  51.37166
172.3549  51.42818
172.4437  51.48549
172.5325  51.54251
172.6185  51.59967
172.7029  51.65643
>           Pacific Ocean: EURASIA PLATE, set 04 isochron: 20
119.9950   3.32259
120.1510   3.36333
120.2980   3.41239
120.4380   3.46561
120.5788   3.52511
120.7229   3.58321
120.8650   3.64059
121.0030   3.69102
121.1361   3.73376
121.2678   3.77790
121.3988   3.82481
121.5298   3.87728
>           Pacific Ocean: NAZCA PLATE, set 06 isochron: 20
282.5736 -21.79357
282.6206 -21.88501
282.6636 -21.97188
282.6954 -22.05221
282.7231 -22.12991
282.7431 -22.20821
282.7673 -22.28453
282.7956 -22.35758
282.8344 -22.43124
282.8787 -22.51003
282.9236 -22.59200
282.9680 -22.66361
283.0040 -22.72746
283.0386 -22.78675
283.0635 -22.85566
283.0932 -22.93290
283.1209 -23.01395
283.1541 -23.09369
283.1852 -23.16759
283.2191 -23.23824
283.2558 -23.30437
283.2939 -23.37176
283.3340 -23.44421
283.3727 -23.52367
283.4149 -23.61015
283.4558 -23.69656
283.4987 -23.78355
283.5409 -23.86665
283.5824 -23.94906
283.6212 -24.02823
283.6579 -24.10479
283.6938 -24.17940
283.7284 -24.25332
283.7589 -24.32529
283.7879 -24.39339
283.8191 -24.45829
283.8592 -24.52442
283.9035 -24.59308
283.9506 -24.66295
283.9907 -24.73278
284.0309 -24.80132
284.0717 -24.86854
284.1182 -24.93385
>           Pacific Ocean: NAZCA PLATE, set 06 isochron: 20
284.3003 -16.55331
284.3239 -16.61548
284.3461 -16.67963
284.3774 -16.74777
284.4164 -16.81988
284.4622 -16.89261
284.5039 -16.95397
284.5567 -17.04400
284.5949 -17.14598
284.6193 -17.20799
>           Pacific Ocean: ANTARCTICA PLATE, set 01 isochron: 20
231.4695 -61.74316
231.5218 -61.67288
231.5865 -61.60284
231.6678 -61.53296
231.7643 -61.46332
231.8712 -61.39349
231.9858 -61.32687
232.1052 -61.26311
232.2294 -61.20189
232.3558 -61.13652
232.4794 -61.06763
232.5953 -60.99385
232.7064 -60.92604
232.8111 -60.86450
232.9180 -60.81644
233.0255 -60.77135
233.1378 -60.72853
>           Pacific Ocean: ANTARCTICA PLATE, set 01 isochron: 20
238.9548 -61.52078
239.0765 -61.45340
239.2022 -61.38756
239.3272 -61.32393
239.4556 -61.26147
239.5785 -61.20061
239.7034 -61.13927
239.8200 -61.07643
239.9339 -61.00908
240.0450 -60.93654
240.1728 -60.85841
240.3145 -60.77844
240.4553 -60.70201
240.5760 -60.62874
240.6738 -60.55804
240.7690 -60.48549
240.8697 -60.41348
240.9801 -60.34373
241.0835 -60.27794
241.1841 -60.21689
241.2855 -60.15468
241.4008 -60.09026
241.5223 -60.02293
241.6375 -59.95613
241.7471 -59.89098
241.8499 -59.82426
241.9582 -59.76096
242.0623 -59.70000
242.1685 -59.64452
242.2706 -59.58684
242.3782 -59.52553
242.4914 -59.45988
242.6143 -59.39305
242.7385 -59.33070
242.8515 -59.27748
242.9971 -59.20779
243.0804 -59.14757
243.1734 -59.10262
243.2741 -59.05151
243.3491 -58.99925
243.4157 -58.93903
243.4969 -58.89845
>           Pacific Ocean: ANTARCTICA PLATE, set 01 isochron: 20
252.4174 -59.08083
252.4924 -59.01318
>           Pacific Ocean: ANTARCTICA PLATE, set 01 isochron: 20
263.1314 -55.34172
263.1829 -55.27432
263.2377 -55.20613
>           Pacific Ocean: ANTARCTICA PLATE, set 06 isochron: 20
282.6578 -60.83083
282.5795 -60.89343
282.4953 -60.95564
>           Pacific Ocean: ANTARCTICA PLATE, set 06 isochron: 20
282.0615 -62.52344
281.9597 -62.58940
281.8535 -62.65460
281.7389 -62.71968
281.6250 -62.78239
281.5132 -62.84431
281.4091 -62.90454
281.3008 -62.96620
281.1856 -63.02867
281.0682 -63.09291
280.9523 -63.15604
280.8488 -63.21844
280.7494 -63.27850
280.6554 -63.33755
>           Pacific Ocean: ANTARCTICA PLATE, set 08 isochron: 20
280.9302 -58.95932
281.1174 -58.98521
>           Pacific Ocean: ANTARCTICA PLATE, set 08 isochron: 20
275.6093 -56.70491
275.7238 -56.68477
275.8404 -56.66074
275.9590 -56.64473
276.1738 -56.67459
276.2693 -56.72195
276.3692 -56.76932
276.4712 -56.79988
276.5767 -56.81169
>           Pacific Ocean: ANTARCTICA PLATE, set 08 isochron: 20
271.9806 -53.92516
272.1300 -54.01772
272.2568 -54.09703
272.3629 -54.16232
272.4565 -54.22424
272.5521 -54.28445
272.6553 -54.34419
272.7752 -54.40182
272.9099 -54.46054
>           Pacific Ocean: ANTARCTICA PLATE, set 08 isochron: 20
267.9689 -52.53622
268.1123 -52.62766
>           Pacific Ocean: AUSTRALIA PLATE, set 10 isochron: 20
167.4436 -20.23140
167.5746 -20.14278
>           Pacific Ocean: AUSTRALIA PLATE, set 10 isochron: 20?
166.9924 -18.31858
166.8193 -18.45527
166.6613 -18.58650
166.5184 -18.71231
>           Pacific Ocean: PHILIPPINE PLATE, set 05 isochron: 20
128.9424  18.71793
129.0729  18.67660
129.2130  18.64120
129.3641  18.61969
129.5208  18.60477
129.6734  18.60835
129.8197  18.62581
129.9611  18.65779
130.1012  18.68581
130.2440  18.70061
130.3896  18.70156
130.5381  18.68994
130.6831  18.66443
130.8267  18.62570
130.9695  18.57838
131.1131  18.52774
131.2553  18.47508
131.3948  18.41579
131.5322  18.35382
131.6688  18.28853
131.8027  18.23183
131.9373  18.17973
132.0705  18.13228
132.2065  18.08148
132.3403  18.03531
132.4749  17.99511
132.6095  17.95621
132.7469  17.91267
132.8856  17.86115
133.0250  17.80759
>           Pacific Ocean: PHILIPPINE PLATE, set 05 isochron: 20
128.7915  13.45966
128.9310  13.41518
129.0669  13.37949
129.2001  13.35123
129.3339  13.32774
129.4678  13.30355
129.6010  13.27869
129.7342  13.24498
129.8708  13.19701
130.0130  13.13547
130.1539  13.07323
130.2947  13.01979
130.4320  12.97723
130.5756  12.93196
130.7192  12.88259
130.8628  12.82777
130.9974  12.77972
131.1271  12.73573
131.2527  12.69922
131.3817  12.66135
131.5155  12.62824
131.6549  12.59311
131.7978  12.56275
131.9407  12.52829
132.0884  12.49316
132.2348  12.45802
132.3832  12.42356
132.5275  12.39181
132.6725  12.35733
132.8126  12.32282
132.9492  12.28623
>  North Atlantic Ocean: NAM PLATE, set 03 or NAM PLATE, set 07 isochron: 20
314.6046  56.92086
314.7379  56.93282
314.8685  56.94437
314.9944  56.94899
315.1132  56.94528
315.3432  56.91381
315.4585  56.89295
315.5739  56.86976
315.6906  56.84275
315.8066  56.81724
315.9220  56.79517
316.0380  56.77651
316.1541  56.75824
316.2708  56.73917
316.3875  56.72319
316.5063  56.71142
316.6258  56.70192
316.7439  56.69318
316.8606  56.68214
316.9760  56.66341
317.0817  56.62968
317.1685  56.57860
317.2283  56.51553
317.2692  56.44500
317.2936  56.37200
317.3033  56.30044
317.2956  56.23300
317.2747  56.16856
317.2483  56.10279
317.2198  56.03223
317.1921  55.95529
317.1643  55.87426
317.1414  55.79233
317.1219  55.71299
317.1074  55.63820
317.0935  55.56880
317.0824  55.50361
317.0734  55.43909
317.0616  55.37209
317.0477  55.30141
317.0311  55.22940
317.0207  55.15968
317.0172  55.09423
317.0277  54.96418
317.0375  54.89237
317.0528  54.81078
317.0723  54.72541
317.0974  54.63214
317.1259  54.54279
317.1522  54.45609
317.1717  54.38013
317.1835  54.30650
317.1940  54.23268
317.2065  54.15141
317.2176  54.06586
317.2253  53.98014
317.2287  53.90045
317.2322  53.82677
317.2378  53.75252
317.2483  53.67109
317.2671  53.58289
317.2886  53.49622
317.3115  53.41768
317.3282  53.34440
317.3442  53.27265
317.3588  53.20078
317.3755  53.13054
>           North Atlantic Ocean: NORTH AMERICA PLATE, set 06 isochron: 20
332.8310  67.62998
332.7363  67.55627
332.6412  67.48666
332.5392  67.42062
332.4351  67.35463
332.3177  67.28713
332.1878  67.21673
332.0392  67.14013
331.8843  67.05864
331.7346  66.97639
331.5942  66.89719
>           North Atlantic Ocean: NORTH AMERICA PLATE, set 07 isochron: 20
307.2972  57.70797
307.3933  57.65471
307.4886  57.60888
307.5861  57.56932
307.6848  57.52822
307.7857  57.48445
307.8887  57.44252
307.9944  57.40281
308.1029  57.36679
308.2107  57.32810
308.3178  57.28862
308.4243  57.24570
308.5306  57.20232
>           North Atlantic Ocean: NORTH AMERICA PLATE, set 07 isochron: 20??
309.9255  57.31889
310.0432  57.27907
310.1671  57.23314
310.2957  57.18375
310.4209  57.13845
310.5398  57.10144
310.6545  57.07235
310.7693  57.04323
310.8861  57.01828
311.0092  56.98951
311.1372  56.96223
311.2700  56.93153
311.3979  56.90916
311.5216  56.89021
311.6391  56.87391
311.7539  56.85188
311.8645  56.82753
311.9730  56.80280
312.0815  56.77882
312.3039  56.74115
312.5361  56.71570
312.6606  56.70280
312.7912  56.69179
312.9198  56.68577
313.0470  56.68319
313.1686  56.68290
313.2888  56.68491
313.4077  56.69228
313.5300  56.70236
313.6544  56.71356
313.7803  56.72392
>  North Atlantic Ocean: NAM PLATE, set 08 or NAM PLATE, set 06 isochron: 20
330.2634  66.20753
330.1151  66.14014
329.9818  66.07539
329.8681  66.01276
329.7626  65.95000
329.6626  65.88392
329.5606  65.81396
329.4593  65.74240
329.3510  65.67152
329.2420  65.60129
329.1324  65.53086
329.0283  65.45911
328.9242  65.38801
328.8243  65.31671
328.7307  65.24347
328.6460  65.16623
328.5691  65.08286
328.4921  64.99751
328.4194  64.91339
328.3480  64.83432
328.2829  64.75917
328.2163  64.68621
328.1463  64.61575
328.0728  64.54628
327.9944  64.47752
327.9111  64.40800
327.8209  64.33891
327.7369  64.27114
327.6599  64.20383
327.5927  64.13604
327.5233  64.06626
327.4582  63.99540
327.3930  63.92372
327.3257  63.85188
327.2522  63.78697
327.1808  63.73301
327.0935  63.67150
327.0067  63.62007
326.9269  63.56049
326.8283  63.50637
326.7437  63.45586
326.6555  63.40154
326.5479  63.34493
326.4415  63.27594
326.3658  63.22689
326.2783  63.16236
326.1741  63.08760
326.0484  63.01235
325.9074  62.93559
325.7686  62.85796
325.6500  62.77822
325.5487  62.70021
325.4558  62.62749
325.3593  62.55941
325.2468  62.49276
325.1224  62.42401
324.9947  62.35476
324.8802  62.28731
324.7859  62.22197
324.7054  62.15717
324.6298  62.09060
324.5423  62.02224
324.4465  61.95210
324.3452  61.88179
324.2508  61.81163
324.1572  61.74232
324.0634  61.66986
323.9579  61.59291
323.8426  61.51179
323.7212  61.43245
323.6081  61.35825
323.5089  61.28858
323.4214  61.22110
323.3417  61.15451
323.2668  61.09013
323.1932  61.02698
323.1141  60.96130
323.0280  60.89040
322.9329  60.81834
322.8378  60.74917
322.7435  60.68671
322.6553  60.61928
322.5671  60.54760
322.4825  60.46858
322.4007  60.39141
322.3265  60.31479
322.2558  60.24074
322.1864  60.17000
322.1135  60.10085
322.0386  60.03294
321.9672  59.96312
321.8950  59.89283
321.8221  59.82027
321.7402  59.74755
321.6548  59.67433
321.5646  59.60271
321.4751  59.53304
321.3884  59.46606
321.3016  59.39789
321.2148  59.32673
321.1295  59.25257
321.0511  59.18113
320.9804  59.11133
320.9083  59.04389
320.8340  58.97595
320.7514  58.90895
320.6653  58.84329
320.5709  58.77893
320.4751  58.71625
320.3779  58.65054
320.2835  58.58144
320.1870  58.50600
320.0912  58.42968
319.9975  58.35356
319.9122  58.28206
319.8352  58.21151
319.7575  58.14231
319.6742  58.07370
319.5840  58.00866
319.4930  57.94349
319.3965  57.87856
319.2944  57.81052
319.1854  57.74350
319.0820  57.67559
318.9758  57.60905
318.8730  57.54501
318.7605  57.48762
318.6466  57.43954
318.5265  57.39623
318.4063  57.35213
318.2840  57.30494
318.1604  57.26114
318.0340  57.22593
317.9076  57.20507
317.7784  57.19438
317.6491  57.19202
317.5192  57.19381
317.3947  57.20087
317.2717  57.21136
317.1500  57.22033
317.0298  57.23307
316.9164  57.25070
316.6988  57.30670
316.5826  57.33638
316.4623  57.35851
316.3406  57.37571
316.2169  57.38503
316.0904  57.39621
315.9652  57.40962
315.8456  57.42267
315.6140  57.43526
315.4973  57.43703
315.3791  57.43920
315.2617  57.44359
315.1428  57.45169
>           North Atlantic Ocean: NORTH AMERICA PLATE, set 08 isochron: 20
307.9660  58.03904
308.0970  57.98782
308.2243  57.93313
308.3503  57.87466
308.4720  57.81498
308.5965  57.75857
308.7210  57.70841
308.8440  57.66525
308.9637  57.62725
309.0804  57.59180
>           North Atlantic Ocean: NORTH AMERICA PLATE, set 08 isochron: 20
310.6005  57.66025
310.7258  57.62457
310.8545  57.58918
310.9852  57.55712
311.1124  57.52501
311.2334  57.49512
311.3517  57.46333
311.4720  57.42850
311.5945  57.39064
311.7133  57.35125
311.8301  57.31821
311.9477  57.28704
312.0646  57.25355
312.1744  57.21625
312.2752  57.18080
312.3823  57.15405
312.5006  57.12918
312.6251  57.09821
312.7406  57.05997
312.8442  57.01945
313.0513  56.96948
313.1612  56.96235
313.3898  56.96255
313.6226  56.97377
313.7352  56.98792
313.8470  57.00625
314.0771  57.04478
314.1926  57.06036
>           North Atlantic Ocean: EURASIA PLATE, set 07 isochron: 20
  1.8916  69.32697
  2.0706  69.35616
  2.2491  69.38817
  2.4331  69.42381
  2.6256  69.46112
  2.8305  69.49789
  3.0369  69.53360
  3.2405  69.56923
  3.4357  69.60480
  3.6268  69.64031
  3.8185  69.67532
  4.0130  69.71097
  4.2083  69.74390
  4.3952  69.77774
  4.5779  69.81030
  4.7640  69.84718
  4.9592  69.88327
  5.1538  69.91833
  5.3379  69.94995
  5.5117  69.97821
  5.8639  70.03297
  6.0598  70.06377
  6.2647  70.09522
  6.4705  70.12756
  6.6622  70.15580
  6.8464  70.18448
  7.0319  70.21174
  7.2251  70.23991
  7.4197  70.26355
  7.6059  70.28572
  7.9582  70.33380
  8.3091  70.38713
  8.6579  70.43565
  8.8330  70.45930
  9.1915  70.50163
  9.5606  70.53529
  9.9420  70.56726
 10.1332  70.58566
 10.3187  70.60564
 10.6794  70.63979
 10.8586  70.66022
 11.2247  70.71064
 11.4186  70.73399
 11.6181  70.75638
 11.8174  70.77986
 12.0086  70.80493
 12.1920  70.83066
 12.5499  70.87700
 12.7374  70.90037
 12.9347  70.92688
 13.1351  70.95509
>  North Atlantic Ocean: EUR PLATE, set 09 or EUR PLATE, set 12 isochron: 20
347.9230  64.06743
347.7622  64.01614
347.5982  63.96313
347.4350  63.91127
347.2732  63.85992
347.1204  63.81678
346.9648  63.77452
346.8042  63.72970
346.6326  63.67336
346.4673  63.61132
346.3153  63.54666
346.1799  63.48437
346.0515  63.42102
345.9181  63.35691
345.7785  63.29079
345.6271  63.22641
345.4625  63.16124
345.2888  63.09367
345.1159  63.02276
344.9590  62.95137
344.8139  62.88016
344.6750  62.80748
344.5362  62.73531
344.3925  62.66618
344.2536  62.60133
344.1203  62.53730
343.9960  62.46700
343.8647  62.38844
343.7349  62.30323
343.6101  62.22367
343.5061  62.15369
343.4041  62.09200
343.3055  62.02919
343.1929  61.96034
343.0728  61.88576
342.9499  61.81131
342.8459  61.74696
342.7156  61.66493
342.6358  61.61916
342.5268  61.55272
342.4261  61.48914
342.3352  61.43979
342.2351  61.38129
342.1143  61.31467
341.9901  61.25797
341.8449  61.20114
341.7324  61.15332
341.6053  61.09970
341.4775  61.04834
341.3734  60.99352
341.2734  60.93828
341.1665  60.88939
341.0845  60.84111
340.9922  60.79344
340.9026  60.73854
340.7838  60.67293
340.5857  60.57806
340.4586  60.52140
340.3218  60.46187
340.1857  60.40049
340.0586  60.33900
339.9399  60.27846
339.8253  60.22372
339.7094  60.17443
339.5885  60.12749
339.4746  60.08046
339.3691  60.03337
339.2754  59.98762
339.1663  59.93553
339.0383  59.87143
338.8946  59.79593
338.7571  59.71643
338.6336  59.64027
338.5198  59.57105
338.4045  59.50662
338.2858  59.44454
338.1650  59.38305
338.0497  59.32322
337.9317  59.26330
337.8136  59.19897
337.6879  59.13095
337.5643  59.06496
337.4393  59.00135
337.3192  58.93867
337.2018  58.87012
337.0866  58.80182
336.9742  58.73338
336.8652  58.66989
336.7618  58.61137
336.6597  58.55786
336.5520  58.50753
336.4492  58.45016
336.3549  58.38795
336.2806  58.32018
336.2085  58.25485
336.1349  58.18794
336.0481  58.11903
335.9523  58.04743
335.8474  57.97789
335.7405  57.90932
335.6343  57.83910
335.5337  57.76541
335.4344  57.69344
335.3394  57.62735
335.2429  57.56596
335.1491  57.50446
335.0540  57.44061
334.9561  57.37666
334.8513  57.31148
334.7388  57.24691
334.6256  57.17916
334.5180  57.11398
334.4180  57.05059
334.3271  56.99204
334.2354  56.93911
334.1424  56.88687
334.0340  56.83454
333.9159  56.77753
333.7930  56.72082
333.6764  56.66747
333.5659  56.61482
333.4513  56.56131
333.3255  56.50198
333.1908  56.44561
333.0568  56.39726
332.9319  56.36125
332.8082  56.33255
332.6817  56.30809
332.5504  56.28434
332.4239  56.26449
332.3016  56.24153
332.1862  56.21540
332.0806  56.17412
331.9959  56.12270
331.9412  56.06467
331.9011  55.94992
331.8873  55.88774
331.8701  55.82232
331.8479  55.75364
331.8286  55.68288
331.8093  55.60764
331.7892  55.52990
331.7686  55.44921
331.7465  55.36839
331.7236  55.28660
331.7022  55.20624
331.6822  55.12849
331.6656  55.05423
331.6463  54.98019
331.6319  54.90482
331.6119  54.83295
331.5836  54.73640
331.5892  54.67029
331.5796  54.59594
331.5533  54.47317
331.5348  54.39114
331.5343  54.30489
331.5386  54.21930
331.5464  54.14009
331.5430  54.06644
331.5348  53.99800
331.5231  53.93232
331.5121  53.86940
331.5046  53.74284
331.5055  53.67842
331.5092  53.54758
331.5127  53.47952
331.5100  53.40885
331.5004  53.33262
331.4908  53.25418
331.4854  53.17393
331.4821  53.09563
331.4759  53.01635
331.4733  52.94027
331.4763  52.86664
331.4854  52.79668
>           North Atlantic Ocean: EURASIA PLATE, set 10 isochron: 20
356.4822  68.62894
356.3382  68.58365
356.1909  68.54308
355.9134  68.46117
>           North Atlantic Ocean: EURASIA PLATE, set 10 isochron: 20
356.3922  67.21481
356.3080  67.14168
356.2324  67.06621
356.1638  66.98807
356.0965  66.90917
356.0237  66.83526
355.9412  66.76632
355.8503  66.70020
355.7524  66.63333
355.6566  66.56460
355.5623  66.49403
355.4693  66.42104
355.3736  66.34782
355.2800  66.27467
355.1877  66.20329
355.1010  66.13368
355.0136  66.06501
354.9290  65.99558
354.8416  65.92512
354.7576  65.85590
354.6744  65.78933
354.5940  65.72517
354.5130  65.66206
>           North Atlantic Ocean: EURASIA PLATE, set 10 isochron: 20
356.6722  67.75537
356.4598  67.65292
>           North Atlantic Ocean: EURASIA PLATE, set 11 isochron: 20
358.3543  65.61524
358.2166  65.57602
358.0895  65.53352
357.9727  65.48750
357.8421  65.43998
357.6969  65.38973
357.5378  65.33498
357.3823  65.28217
357.2310  65.23133
357.0823  65.18740
356.9288  65.13869
356.7696  65.08901
356.6099  65.03307
356.4592  64.97904
356.3385  64.92937
356.1553  64.85652
355.9245  64.78551
355.7828  64.74530
355.6391  64.70473
355.4869  64.66382
355.3249  64.61623
355.1554  64.56616
354.9915  64.51391
354.8354  64.47299
354.6882  64.43714
354.5394  64.40813
354.3900  64.37491
354.2372  64.34283
354.0864  64.31102
353.9364  64.28221
353.7885  64.25579
353.6398  64.23022
353.4905  64.20519
>           South Atlantic Ocean: SOUTH AMERICA PLATE, set 01 isochron: 20
332.3733 -47.41678
332.4349 -47.58171
332.4706 -47.70724
332.4828 -47.79289
332.4884 -47.85921
332.5045 -47.92632
332.5206 -47.99428
332.5388 -48.06166
332.5563 -48.12895
332.5821 -48.19981
332.6136 -48.27563
332.6473 -48.35603
>           South Atlantic Ocean: SOUTH AMERICA PLATE, set 01 isochron: 20
336.3194 -48.83366
336.3158 -48.93701
336.3232 -49.03108
336.3388 -49.11171
336.3516 -49.18629
336.3622 -49.25896
336.3764 -49.34009
336.3962 -49.42647
336.4175 -49.51814
336.4360 -49.60338
336.4453 -49.68085
336.4525 -49.75191
336.4673 -49.82460
336.4954 -49.90121
>           South Atlantic Ocean: SOUTH AMERICA PLATE, set 02 isochron: 20
343.4329 -56.13994
343.3716 -56.20602
343.3143 -56.27319
343.2598 -56.34177
343.2059 -56.41222
>           South Atlantic Ocean: AFRICA PLATE, set 02 isochron: 20
356.4805 -44.20993
356.5029 -44.28555
356.5259 -44.35962
356.5504 -44.43410
356.5804 -44.51237
356.6133 -44.59900
356.6485 -44.69197
>           South Atlantic Ocean: AFRICA PLATE, set 02 isochron: 20
  4.5810 -48.37395
  4.6705 -48.44220
  4.7595 -48.50348
  4.8510 -48.55223
  4.9390 -48.59128
  5.0276 -48.62842
  5.1176 -48.67383
  5.2162 -48.72647
>           South Atlantic Ocean: AFRICA PLATE, set 02 isochron: 20
  7.7633 -50.41653
  7.8845 -50.46062
  7.9988 -50.50465
  8.1055 -50.55135
  8.2089 -50.60110
>           South Atlantic Ocean: AFRICA PLATE, set 02 isochron: 20
  9.0575 -50.54846
  9.1800 -50.59550
  9.2971 -50.64207
  9.4094 -50.68553
  9.5237 -50.72629
  9.6408 -50.76344
>           South Atlantic Ocean: ANTARCTICA PLATE, set 03 isochron: 20
352.1994 -59.59607
352.0885 -59.67459
351.9898 -59.74800
351.9034 -59.81596
351.8232 -59.88170
>           South Atlantic Ocean: ANTARCTICA PLATE, set 03 isochron: 20
330.6956 -64.17430
330.5527 -64.20399
330.4056 -64.23819
330.2515 -64.27356
330.0973 -64.30585
329.9429 -64.33234
>           Indian Ocean: AFRICA PLATE, set 03 isochron: 20
 22.7437 -49.91183
 22.8889 -49.93346
 23.0196 -49.95195
 23.1370 -49.96692
 23.2489 -49.98282
 23.3643 -50.00314
 23.4819 -50.02834
>           Indian Ocean: AFRICA PLATE, set 03 isochron: 20
 21.0619 -49.20683
 21.2237 -49.23232
 21.3635 -49.25871
 21.4811 -49.28610
>           Indian Ocean: AFRICA PLATE, set 03 isochron: 20
 57.8758 -28.33630
 58.1024 -28.34827
 58.3124 -28.35633
>           Indian Ocean: AFRICA PLATE, set 03 isochron: 20
 56.3003 -30.56855
 56.4610 -30.54636
 56.6314 -30.52763
 56.8115 -30.51230
>           Indian Ocean: AFRICA PLATE, set 03 isochron: 20
 53.1953 -32.39277
 53.3415 -32.39221
 53.4891 -32.38982
 53.6374 -32.38447
 53.7850 -32.38613
 53.9313 -32.38950
>           Indian Ocean: AFRICA PLATE, set 03 isochron: 20
 52.1103 -33.96951
 52.2592 -33.94586
 52.4094 -33.91627
>           Indian Ocean: AFRICA PLATE, set 03 isochron: 20
 48.8385 -34.61469
 49.0068 -34.58660
 49.1709 -34.56358
 49.3323 -34.55142
 49.4979 -34.54897
 49.6677 -34.55441
>           Indian Ocean: AFRICA PLATE, set 03 isochron: 20
 47.5872 -35.17972
 47.7638 -35.15121
 47.9425 -35.12701
>           Indian Ocean: AFRICA PLATE, set 03 isochron: 20
 45.8817 -36.01659
 46.0286 -36.01552
 46.1769 -36.02390
 46.3294 -36.04237
 46.4869 -36.06924
 46.6492 -36.09937
>           Indian Ocean: AFRICA PLATE, set 03 isochron: 20
 38.2272 -41.34348
 38.3873 -41.34244
 38.5488 -41.34286
 38.7137 -41.33751
 38.8820 -41.32208
>           Indian Ocean: AFRICA PLATE, set 07 isochron: 20
 58.1462 -22.34745
 58.2733 -22.45116
 58.4053 -22.54704
 58.5429 -22.63705
 58.6874 -22.72823
 58.8346 -22.82127
 58.9888 -22.91036
 59.1402 -22.99940
 59.2882 -23.09351
 59.4280 -23.19652
>           Indian Ocean: ANTARCTICA PLATE, set 04 isochron: 20
  3.2367 -57.14984
  3.3490 -57.20583
  3.4614 -57.25607
  3.5710 -57.30212
  3.6765 -57.35075
  3.7773 -57.40422
>           Indian Ocean: ANTARCTICA PLATE, set 04 isochron: 20
 11.8898 -55.23314
 12.0370 -55.31120
 12.1691 -55.38287
 12.2861 -55.44818
>           Indian Ocean: ANTARCTICA PLATE, set 04 isochron: 20
 13.1180 -56.01125
 13.2900 -56.07376
 13.4399 -56.12071
 13.5737 -56.15334
 13.6989 -56.18097
 13.8312 -56.21472
 13.9593 -56.25000
 14.0861 -56.28568
 14.2059 -56.31784
 14.3223 -56.35539
 14.4332 -56.39641
 14.5413 -56.44048
 14.6480 -56.47682
 14.7547 -56.50546
 14.8612 -56.52713
>           Indian Ocean: ANTARCTICA PLATE, set 04 isochron: 20
 18.9322 -56.51013
 19.0250 -56.55873
 19.1214 -56.60422
 19.2164 -56.65001
 19.3113 -56.68889
 19.4049 -56.72850
 19.5074 -56.76535
 19.6170 -56.80591
>           Indian Ocean: ANTARCTICA PLATE, set 04 isochron: 20
 21.8929 -56.12032
 22.1079 -56.17390
 22.2263 -56.20271
 22.3565 -56.22945
>           Indian Ocean: ANTARCTICA PLATE, set 04 isochron: 20
 60.3357 -33.65273
 60.4798 -33.65394
 60.6309 -33.65563
 60.7986 -33.65083
 60.9843 -33.63425
>           Indian Ocean: ANTARCTICA PLATE, set 04 isochron: 20
 59.0106 -34.46759
 59.1616 -34.46475
 59.3113 -34.45377
 59.4595 -34.43468
>           Indian Ocean: ANTARCTICA PLATE, set 04 isochron: 20
 56.5463 -37.27227
 56.7216 -37.28938
 56.8901 -37.30194
 57.0516 -37.30997
>           Indian Ocean: ANTARCTICA PLATE, set 04 isochron: 20
 54.4435 -38.50082
 54.6091 -38.49101
 54.7691 -38.48544
 54.9236 -38.48415
>           Indian Ocean: ANTARCTICA PLATE, set 04 isochron: 20
 51.8387 -40.44305
 52.0058 -40.45255
 52.1756 -40.46550
>           Indian Ocean: ANTARCTICA PLATE, set 04 isochron: 20
 50.2157 -41.51205
 50.3890 -41.51517
 50.5636 -41.50667
 50.7395 -41.48657
>           Indian Ocean: ANTARCTICA PLATE, set 05 isochron: 20
104.1164 -61.39714
104.3716 -61.38950
104.6239 -61.38527
104.8720 -61.38464
105.1177 -61.38997
105.3710 -61.39935
105.6402 -61.41119
105.9282 -61.42079
106.2198 -61.42369
106.5046 -61.42320
106.7729 -61.41968
107.0349 -61.41612
107.2915 -61.40891
107.5563 -61.40308
107.8251 -61.39958
108.1098 -61.39984
108.3926 -61.39906
108.6781 -61.39597
108.9483 -61.39345
109.2199 -61.39160
109.4880 -61.39409
109.7650 -61.39729
110.0434 -61.40282
110.3212 -61.40530
110.5899 -61.40775
110.8455 -61.41043
111.1003 -61.41550
111.3592 -61.42128
111.6274 -61.42342
111.8900 -61.42184
112.1535 -61.41499
112.4247 -61.40691
112.7062 -61.39751
112.9878 -61.38808
113.2562 -61.37686
113.5142 -61.36761
113.7709 -61.35709
114.0345 -61.34593
114.3080 -61.32883
114.5835 -61.31236
114.8589 -61.29720
115.1350 -61.28409
115.4147 -61.26897
115.6992 -61.25188
115.9823 -61.23541
116.2674 -61.22165
116.5531 -61.20987
116.8472 -61.19914
117.1434 -61.18777
117.4388 -61.17767
117.7195 -61.16948
117.9834 -61.16786
118.2313 -61.17122
118.4743 -61.17825
118.7201 -61.18398
118.9791 -61.18947
119.2476 -61.19731
119.5217 -61.20650
119.7861 -61.21695
120.0507 -61.22174
120.3189 -61.22125
120.5957 -61.21178
120.8413 -61.20032
121.0501 -61.18834
121.2251 -61.17526
121.4205 -61.15431
121.6438 -61.12480
121.8949 -61.09103
122.1555 -61.05894
122.4237 -61.03026
122.7029 -61.00461
122.9875 -60.98164
123.2728 -60.96101
123.5517 -60.94435
123.8216 -60.92932
124.0871 -60.92070
124.3490 -60.91643
124.6157 -60.91759
124.8804 -60.91771
125.1472 -60.91615
125.4071 -60.91389
125.6669 -60.91263
125.9232 -60.91440
126.1773 -60.91914
126.3996 -60.92368
126.5700 -60.92519
126.7204 -60.92221
126.8401 -60.92827
126.9780 -60.93037
127.1281 -60.93796
127.2902 -60.93890
127.3994 -60.94667
127.5846 -60.95996
127.8182 -60.97783
128.0742 -60.99469
128.3240 -61.00818
128.5696 -61.01929
128.8147 -61.02769
129.0660 -61.03584
129.3284 -61.04237
129.6025 -61.05031
129.8834 -61.06227
130.1593 -61.07954
130.4247 -61.10208
130.6777 -61.12459
130.9258 -61.14604
131.1707 -61.16312
131.4149 -61.17786
131.6571 -61.18886
131.9008 -61.19725
132.1467 -61.19962
132.3963 -61.19566
132.6447 -61.18465
132.8654 -61.17039
133.0606 -61.15335
133.2406 -61.13463
133.4561 -61.11145
133.7021 -61.08473
133.9655 -61.05495
134.2163 -61.02742
134.4351 -61.00404
134.6142 -60.98645
134.7441 -60.97331
134.9129 -60.95468
135.0516 -60.95142
135.2138 -60.92401
135.3624 -60.91135
135.4828 -60.88942
135.6149 -60.87193
135.7727 -60.85696
136.0882 -60.80621
136.3337 -60.77382
136.5997 -60.74516
136.8676 -60.72461
137.1299 -60.70879
137.3900 -60.69563
137.6452 -60.68517
137.8969 -60.67673
138.1499 -60.67169
138.4064 -60.66670
138.6704 -60.66344
138.9379 -60.66087
139.2067 -60.66069
139.4754 -60.66356
139.7434 -60.66846
140.0072 -60.67467
140.2634 -60.67943
140.5135 -60.68329
>           Indian Ocean: ANTARCTICA PLATE, set 05 isochron: 20
178.2904 -69.79680
178.6265 -69.68274
178.9590 -69.56773
179.2870 -69.44887
179.6020 -69.32616
179.9074 -69.19801
180.1962 -69.06854
180.4773 -68.93881
180.7615 -68.81218
181.0566 -68.68742
>           Indian Ocean: AUSTRALIA PLATE, set 02 isochron: 20
116.9730 -37.89520
117.1360 -37.88800
117.2960 -37.88838
117.4545 -37.89585
117.6131 -37.89949
117.7718 -37.89708
117.9271 -37.89355
118.0783 -37.88612
118.2383 -37.88431
118.4137 -37.87936
118.6146 -37.88013
118.8190 -37.88033
119.0184 -37.88868
119.1989 -37.90620
119.3710 -37.93024
119.5404 -37.94933
119.7149 -37.95697
119.8959 -37.95040
120.0810 -37.94330
120.2626 -37.93616
120.4525 -37.93133
120.6558 -37.92007
120.8730 -37.90119
121.0804 -37.88107
121.2685 -37.85802
121.4400 -37.83978
121.6114 -37.82158
121.8056 -37.80915
122.0247 -37.79967
122.2527 -37.79676
122.4563 -37.79687
122.6330 -37.79842
122.7917 -37.79491
122.9482 -37.79852
123.1039 -37.80873
123.2587 -37.83099
123.4129 -37.84722
123.5659 -37.85960
123.7232 -37.85939
123.8833 -37.85645
124.0518 -37.84647
124.2251 -37.83872
124.4117 -37.82561
124.6012 -37.80920
124.7858 -37.78886
124.9566 -37.77006
125.1238 -37.75343
125.2981 -37.73360
125.4764 -37.71542
125.6548 -37.69667
125.8247 -37.68388
125.9919 -37.67165
126.1589 -37.66602
126.3294 -37.66042
126.5082 -37.65655
126.6830 -37.64657
126.8591 -37.63770
127.0262 -37.62875
127.1981 -37.62535
127.3755 -37.62205
127.5633 -37.61937
127.7546 -37.61725
127.9346 -37.61996
128.1085 -37.62483
128.2802 -37.63412
128.4580 -37.64401
128.6350 -37.66432
128.8057 -37.68898
128.9741 -37.72626
129.1398 -37.76186
129.3075 -37.80077
129.4787 -37.83530
129.6582 -37.87373
129.8420 -37.90833
130.0162 -37.93402
130.1760 -37.94805
130.3283 -37.95438
130.4856 -37.95637
130.6506 -37.95074
130.8192 -37.93801
130.9864 -37.92361
131.1535 -37.91252
131.3170 -37.91289
131.4796 -37.92258
131.6393 -37.94159
131.8005 -37.95675
131.9604 -37.96753
132.1216 -37.98106
132.2833 -38.00552
132.4483 -38.03606
132.6156 -38.06004
132.7874 -38.06598
132.9615 -38.05661
133.1373 -38.03300
133.3102 -38.00716
133.4789 -37.98238
133.6407 -37.96190
133.7968 -37.94577
133.9530 -37.92689
134.1120 -37.91188
134.2751 -37.89471
134.4359 -37.88847
134.5938 -37.88880
134.7473 -37.90499
134.8994 -37.92931
>           Indian Ocean: AUSTRALIA PLATE, set 11 isochron: 20
 69.7996   5.54744
 69.9381   5.55444
 70.0712   5.55028
 70.2050   5.53016
 70.3417   5.50174
 70.4831   5.47611
 70.6170   5.45391
 70.7438   5.44208
 70.8672   5.43371
 70.9954   5.44132
 71.1291   5.44965
 71.2635   5.45521
 71.3966   5.44965
>           Indian Ocean: AUSTRALIA PLATE, set 13 isochron: 20
 78.4941 -14.38766
 78.6757 -14.38544
 78.8393 -14.39272
 78.9834 -14.40411
 79.1200 -14.41490
 79.2552 -14.41556
 79.3903 -14.41554
 79.5213 -14.41824
 79.6551 -14.42634
 79.7965 -14.43507
 79.9490 -14.44106
 80.1049 -14.44025
 80.2594 -14.43334
