>           Pacific Ocean: PACIFIC PLATE, set 06 isochron: 17
198.7222 -53.98633
198.8202 -53.92410
198.9244 -53.86469
199.0347 -53.80681
199.1443 -53.75172
199.2484 -53.69576
199.3435 -53.63884
199.4330 -53.57939
199.5184 -53.51613
199.6066 -53.45195
199.6975 -53.38394
199.7954 -53.31665
199.8981 -53.24760
200.0063 -53.18346
200.1208 -53.12424
200.2400 -53.07076
>           Pacific Ocean: PACIFIC PLATE, set 06 isochron: 17
223.6742 -50.64014
223.7555 -50.54469
>           Pacific Ocean: PACIFIC PLATE, set 06 isochron: 17
226.1430 -48.00642
226.2223 -47.90137
226.2876 -47.80556
226.3390 -47.72034
226.3834 -47.64108
226.4293 -47.56830
226.4758 -47.50060
226.5230 -47.43608
226.5682 -47.36865
226.6148 -47.29498
226.6648 -47.21840
226.7183 -47.14929
226.7682 -47.09435
226.8509 -47.00084
226.8884 -46.94044
226.9315 -46.86858
226.9830 -46.79520
227.0413 -46.72362
227.1031 -46.65482
227.1593 -46.58400
227.2142 -46.51164
227.2649 -46.43825
227.3177 -46.36620
227.3663 -46.29306
227.4121 -46.21893
>           Pacific Ocean: PACIFIC PLATE, set 11 isochron: 17
230.3138 -40.88644
230.4445 -41.17986
>           Pacific Ocean: PACIFIC PLATE, set 11 isochron: 17
209.6816  52.00561
209.6277  51.88940
>           Pacific Ocean: PACIFIC PLATE, set 11 isochron: 17
211.9600  51.14076
211.9602  51.01789
211.9432  50.89473
211.9346  50.83277
211.9267  50.76954
211.9198  50.70399
211.9102  50.63789
211.9028  50.57202
211.8955  50.50841
211.8941  50.44581
211.8908  50.38332
211.8891  50.31937
211.8765  50.19015
211.8678  50.12537
211.8587  50.05895
211.8468  49.99286
211.8351  49.92614
211.8247  49.85986
211.8172  49.79078
211.8125  49.72020
211.8067  49.64849
211.8027  49.57962
211.7950  49.51382
211.7836  49.38849
211.7800  49.32357
211.7765  49.25541
211.7739  49.18769
211.7702  49.12111
211.7652  49.05410
211.7583  48.98580
211.7519  48.91586
211.7455  48.84774
211.7379  48.78059
211.7303  48.71460
211.7206  48.64519
211.7125  48.57335
211.7032  48.49809
211.6980  48.42669
211.6933  48.35752
211.6886  48.29198
211.6815  48.22496
211.6758  48.15749
211.6719  48.08905
>           Pacific Ocean: PACIFIC PLATE, set 11 isochron: 17
214.3865  47.12373
214.3820  47.05206
214.3789  46.97794
214.3765  46.90134
214.3748  46.82799
214.3725  46.75596
214.3701  46.68478
214.3684  46.61208
214.3668  46.53880
214.3665  46.46542
214.3662  46.39289
214.3652  46.32269
214.3586  46.25386
214.3445  46.18056
214.3212  46.09992
214.2938  46.01339
214.2692  45.93158
214.2557  45.85447
214.2534  45.78113
214.2579  45.70624
214.2618  45.63318
214.2622  45.56349
214.2536  45.49316
214.2366  45.41692
214.2098  45.33125
214.1859  45.24251
214.1655  45.15757
214.1561  45.07792
214.1475  45.00063
214.1396  44.92320
214.1240  44.84867
214.1029  44.77551
214.0770  44.70280
>           Pacific Ocean: PACIFIC PLATE, set 11 isochron: 17
211.9209  43.27305
211.9373  43.19218
211.9510  43.11429
211.9604  43.04090
211.9678  42.96999
211.9752  42.89384
211.9847  42.81096
211.9969  42.72182
212.0084  42.63514
212.0165  42.55141
212.0183  42.46912
212.0166  42.38466
212.0142  42.29854
212.0147  42.21386
212.0144  42.13629
212.0128  42.06538
212.0070  41.99802
212.0006  41.92951
211.9941  41.85940
211.9911  41.79183
211.9951  41.72572
212.0060  41.65954
212.0238  41.59064
212.0389  41.52174
212.0456  41.45378
212.0342  41.38470
212.0111  41.31033
211.9817  41.23169
211.9558  41.15136
211.9327  41.07204
>           Pacific Ocean: PACIFIC PLATE, set 11 isochron: 17
228.6074  38.48747
228.6772  38.40376
228.7449  38.28867
228.7773  38.21135
228.8090  38.12566
228.8385  38.03663
228.8605  37.94805
228.8699  37.86375
228.8641  37.78328
228.8486  37.70605
>           Pacific Ocean: PACIFIC PLATE, set 11 isochron: 17??
226.8314   3.98518
226.8590   3.83585
226.8880   3.71369
226.9212   3.61455
226.9502   3.51331
226.9820   3.40579
227.0117   3.30103
227.0394   3.21093
227.0588   3.13339
227.0712   3.06425
227.0802   2.99860
>           Pacific Ocean: PACIFIC PLATE, set 11 isochron: 17??
224.7908  29.61929
224.7891  29.52080
224.7847  29.42895
224.7789  29.34678
224.7676  29.27063
224.7591  29.19931
224.7520  29.12118
224.7489  29.03506
224.7466  28.93667
224.7429  28.84184
224.7413  28.75308
224.7369  28.67403
224.7353  28.59859
224.7344  28.52617
224.7370  28.45492
224.7374  28.38177
224.7365  28.30489
224.7405  28.22427
224.7514  28.13863
224.7692  28.04487
224.7849  27.94551
224.8006  27.84792
224.8129  27.76323
224.8265  27.68465
224.8388  27.60848
224.8504  27.52484
224.8585  27.44237
224.8604  27.35923
224.8587  27.27602
224.8565  27.19150
224.8590  27.10318
224.8650  27.01043
224.8737  26.91076
224.8874  26.80972
224.9031  26.71862
224.9216  26.63617
224.9318  26.56303
224.9434  26.48985
224.9481  26.41851
224.9562  26.33959
224.9567  26.25563
224.9641  26.16343
224.9757  26.07556
224.9963  25.99076
225.0182  25.90714
225.0409  25.82094
225.0636  25.73153
225.0876  25.64457
225.1124  25.55820
225.1371  25.47427
225.1605  25.39157
>           Pacific Ocean: PACIFIC PLATE, set 11 isochron: 17??
227.3642  31.93364
227.3654  31.85888
227.3652  31.78528
227.3587  31.70985
227.3529  31.62542
227.3465  31.53495
227.3497  31.44322
227.3606  31.36211
227.3798  31.28991
227.4099  31.15665
227.4173  31.08666
227.4241  31.01604
227.4302  30.94657
>           Pacific Ocean: NAZCA PLATE, set 06 isochron: 17
286.6182 -32.91596
286.6714 -32.99561
286.7192 -33.07522
286.7649 -33.15240
286.8036 -33.22544
286.8472 -33.29549
286.8908 -33.36374
286.9407 -33.43078
286.9892 -33.49487
287.0349 -33.55655
287.0702 -33.61704
287.0979 -33.67751
>           Pacific Ocean: NAZCA PLATE, set 06 isochron: 17
279.0117 -25.58815
279.0387 -25.65867
279.0732 -25.72478
279.1134 -25.78960
279.1584 -25.85251
279.1999 -25.91726
279.2380 -25.98071
279.2740 -26.04163
279.3059 -26.10564
279.3370 -26.17335
279.3716 -26.24857
279.4145 -26.32999
279.4643 -26.41637
279.5141 -26.50332
279.5584 -26.58518
279.5972 -26.66450
279.6325 -26.74125
279.6699 -26.81674
279.7093 -26.88716
279.7522 -26.95445
279.7951 -27.02354
279.8360 -27.09818
279.8747 -27.17900
279.9121 -27.25851
279.9515 -27.33239
279.9910 -27.40002
280.0332 -27.46825
280.0754 -27.54320
280.1156 -27.62740
280.1516 -27.71774
>           Pacific Ocean: NAZCA PLATE, set 06 isochron: 17
279.6283 -15.18700
279.6684 -15.25108
279.7051 -15.31786
279.7411 -15.39069
279.7847 -15.47157
279.8318 -15.55647
279.8768 -15.63930
279.9170 -15.71874
279.9543 -15.79345
279.9896 -15.86743
280.0221 -15.93938
280.0526 -16.00996
280.0837 -16.07716
280.1204 -16.14502
280.1598 -16.21754
280.2041 -16.29675
280.2436 -16.37794
280.2782 -16.44233
280.3072 -16.51541
280.3072 -16.54288
>           Pacific Ocean: ANTARCTICA PLATE, set 01 isochron: 17
230.3597 -60.77911
230.4711 -60.70839
230.5753 -60.63651
230.6676 -60.56721
230.7585 -60.50055
230.8495 -60.43507
230.9453 -60.36464
231.0412 -60.28816
231.1370 -60.20775
231.2280 -60.12747
231.3126 -60.04980
231.3909 -59.97478
>           Pacific Ocean: ANTARCTICA PLATE, set 01 isochron: 17
237.1142 -60.83148
237.2151 -60.77722
237.3255 -60.72047
237.4484 -60.65990
237.5755 -60.59683
237.7073 -60.53571
237.8426 -60.47824
237.9828 -60.42616
238.1202 -60.37328
238.2479 -60.31961
238.3722 -60.26070
238.4993 -60.19960
238.6381 -60.13495
238.7755 -60.07364
238.9122 -60.01637
239.0475 -59.96249
239.1884 -59.90469
239.3342 -59.84084
239.4793 -59.77264
239.6251 -59.70328
239.7632 -59.63341
239.8936 -59.56477
240.0116 -59.49777
240.1338 -59.43210
240.2581 -59.36449
240.3935 -59.29605
240.5191 -59.22746
240.6412 -59.16051
240.7481 -59.09198
240.8432 -59.02292
240.9258 -58.95341
241.0050 -58.88771
241.0917 -58.82370
241.1862 -58.76065
241.2820 -58.69492
241.3771 -58.62872
241.4716 -58.56277
241.5674 -58.49817
241.6603 -58.43378
241.7497 -58.36929
>           Pacific Ocean: ANTARCTICA PLATE, set 01 isochron: 17
257.1492 -59.18620
257.1896 -59.12659
257.2313 -59.06583
257.2772 -59.00352
257.3189 -58.93933
257.3634 -58.87503
257.4051 -58.81131
257.4447 -58.74565
257.4843 -58.67770
257.5268 -58.60457
257.5859 -58.53529
257.6476 -58.47099
257.7157 -58.41530
257.8289 -58.29114
257.8804 -58.22014
257.9388 -58.15009
258.0034 -58.07991
258.0749 -58.00993
258.1423 -57.93874
258.2047 -57.86923
258.2575 -57.80145
258.3061 -57.73546
>           Pacific Ocean: ANTARCTICA PLATE, set 01 isochron: 17
261.7422 -53.69701
261.8243 -53.57521
261.8702 -53.50941
261.9196 -53.43898
261.9641 -53.36969
262.0148 -53.30362
262.0697 -53.24078
262.1315 -53.17870
262.1961 -53.11649
262.2545 -53.05295
262.3065 -52.98595
262.3517 -52.91632
262.4011 -52.84532
262.4497 -52.77548
262.4990 -52.70644
>           Pacific Ocean: ANTARCTICA PLATE, set 01 isochron: 17
266.6106 -50.01624
266.5724 -50.09526
266.5369 -50.16977
266.5042 -50.24149
266.4728 -50.31317
>           Pacific Ocean: ANTARCTICA PLATE, set 06 isochron: 17
282.6712 -63.45357
282.5472 -63.51712
282.4213 -63.58182
>           Pacific Ocean: ANTARCTICA PLATE, set 08 isochron: 17
278.3366 -57.03793
278.4467 -57.07092
278.5597 -57.10689
278.6747 -57.14471
278.7926 -57.18095
278.9077 -57.21457
279.0214 -57.24434
279.2461 -57.29185
279.3584 -57.31181
279.5852 -57.34647
279.7010 -57.36040
279.8168 -57.37508
279.9305 -57.39273
280.0435 -57.41301
280.1656 -57.43369
280.2987 -57.45807
280.4422 -57.48544
280.5801 -57.51651
280.7112 -57.54530
280.8333 -57.57074
280.9512 -57.59016
281.1794 -57.61598
281.4019 -57.63394
281.5143 -57.64702
281.6328 -57.66269
281.7556 -57.67876
281.8811 -57.69072
282.0032 -57.70190
282.1211 -57.71161
282.3472 -57.72954
282.5857 -57.74597
282.8237 -57.75493
>           Pacific Ocean: ANTARCTICA PLATE, set 08 isochron: 17
276.7854 -55.05487
276.8879 -55.09834
276.9828 -55.14848
277.0715 -55.20415
277.1595 -55.26332
277.2503 -55.31567
277.3376 -55.36360
277.4965 -55.44781
>           Pacific Ocean: ANTARCTICA PLATE, set 08 isochron: 17
273.3063 -52.37074
273.4074 -52.40819
273.5093 -52.44177
273.6133 -52.47238
273.7194 -52.50505
273.8178 -52.54234
273.9003 -52.58720
273.9676 -52.63794
>           Pacific Ocean: ANTARCTICA PLATE, set 08 isochron: 17
269.6488 -52.01576
269.7624 -52.05139
269.8733 -52.08824
269.9835 -52.12762
270.0958 -52.16995
270.2081 -52.21097
270.3170 -52.24683
270.4225 -52.27753
>           Pacific Ocean: PHILIPPINE PLATE, set 05 isochron: 17
130.6732  16.68803
130.7981  16.62147
130.9258  16.55286
131.0569  16.48421
131.1867  16.40284
131.3206  16.32411
131.4594  16.24271
131.6009  16.17799
131.7424  16.12534
131.8832  16.09210
132.0254  16.06689
132.1662  16.03230
132.3042  15.97890
132.4402  15.90803
>           Pacific Ocean: PHILIPPINE PLATE, set 05 isochron: 17
130.0501  15.67997
130.2111  15.61314
130.3658  15.54356
130.5170  15.47057
130.6662  15.38813
130.8154  15.30635
130.9555  15.22652
131.0887  15.15742
131.2143  15.08964
131.3378  15.02183
131.4599  14.95199
131.5841  14.88413
131.7132  14.81965
131.8457  14.75651
131.9796  14.69267
132.1128  14.62745
132.2481  14.55547
132.3861  14.48550
132.5270  14.41484
132.6678  14.35159
132.8052  14.28560
132.9398  14.22296
133.0736  14.16302
133.2096  14.10844
>           Indian Ocean: ANTARCTICA PLATE, set 05 isochron: 17
 65.0757 -35.81506
 65.2273 -35.95205
 65.3771 -36.07645
 65.5195 -36.19053
 65.6626 -36.29546
 65.8022 -36.40470
 65.9494 -36.51494
 66.0910 -36.63058
 66.2320 -36.74325
 66.3689 -36.85188
 66.5030 -36.95640
 66.6233 -37.06350
 66.7277 -37.17539
>           Indian Ocean: ANTARCTICA PLATE, set 05 isochron: 17
 65.4648 -38.40129
 65.6351 -38.51796
 65.7975 -38.63168
 65.9405 -38.74350
 66.0746 -38.85239
 66.2023 -38.97134
 66.3416 -39.09666
 66.4942 -39.22453
 66.6590 -39.34628
>           Indian Ocean: ANTARCTICA PLATE, set 05 isochron: 17
 66.6571 -39.55879
 66.9265 -39.77126
 67.1542 -39.94827
 67.3352 -40.08954
 67.4906 -40.21075
 67.6377 -40.33171
 67.7765 -40.45403
 67.9065 -40.57875
>           Indian Ocean: ANTARCTICA PLATE, set 05 isochron: 17
 67.4701 -41.29050
 67.6375 -41.42209
 67.7983 -41.54767
 67.9559 -41.65900
 68.1073 -41.75925
 68.2636 -41.84793
 68.4186 -41.93649
 68.5693 -42.03311
 68.7164 -42.13939
 68.8621 -42.25220
 68.9934 -42.35754
 69.0820 -42.44717
 69.1286 -42.52116
>           Indian Ocean: ANTARCTICA PLATE, set 05 isochron: 17
 68.9068 -44.23360
 69.0886 -44.36949
 69.2570 -44.49515
 69.4110 -44.61058
 69.5563 -44.72232
>           Indian Ocean: ANTARCTICA PLATE, set 05 isochron: 17
 80.7174 -50.97055
 80.8992 -51.07030
 81.0834 -51.17287
 81.2705 -51.27826
 81.4674 -51.37654
 81.6657 -51.47028
 81.8647 -51.55988
 82.0574 -51.65320
 82.2529 -51.74933
 82.4427 -51.85162
 82.6264 -51.95412
 82.7970 -52.05081
 82.9725 -52.13545
 83.1536 -52.21735
 83.3436 -52.30034
 83.5337 -52.38579
 83.7209 -52.47311
 83.9053 -52.56531
 84.0841 -52.66405
 84.2671 -52.76260
 84.4522 -52.85553
 84.6422 -52.94240
 84.8317 -53.02446
 85.0222 -53.10504
>           Indian Ocean: AUSTRALIA PLATE, set 02 isochron: 17
 90.6738 -31.85571
 90.8214 -31.97742
 90.9727 -32.08900
 91.1263 -32.18338
 91.2745 -32.26292
 91.4234 -32.33358
 91.5729 -32.41003
 91.7286 -32.49352
 91.8788 -32.58566
 92.0283 -32.67128
 92.1764 -32.75273
 92.3295 -32.82301
 92.4841 -32.88968
>           Indian Ocean: AUSTRALIA PLATE, set 02 isochron: 17
 93.8131 -33.37280
 93.9637 -33.46641
 94.1103 -33.56158
 94.2590 -33.65551
 94.4133 -33.74361
 94.5766 -33.83278
 94.7384 -33.92414
 94.8977 -34.01022
 95.0529 -34.08633
>           Indian Ocean: AUSTRALIA PLATE, set 02 isochron: 17
103.0254 -36.36637
103.1910 -36.41590
103.3490 -36.46471
103.4988 -36.51176
103.6444 -36.56044
103.7893 -36.60798
103.9363 -36.65773
104.0889 -36.70247
104.2505 -36.74557
104.4170 -36.78419
104.5833 -36.83332
104.7447 -36.89131
104.9101 -36.96704
105.0791 -37.04108
105.2522 -37.11672
105.4184 -37.17894
105.5812 -37.24554
105.7405 -37.31039
105.9006 -37.38008
