>           Pacific Ocean: PACIFIC PLATE, set 06 isochron: 23
213.6497 -49.55954
213.7137 -49.50529
213.7762 -49.45102
213.8372 -49.39668
>           Pacific Ocean: PACIFIC PLATE, set 11 isochron: 23
219.9498  -5.93908
219.9692  -6.00447
219.9899  -6.07264
220.0093  -6.14289
220.0224  -6.21452
220.0341  -6.28404
220.0507  -6.35287
220.0742  -6.42101
>           Pacific Ocean: PACIFIC PLATE, set 11 isochron: 23
205.4500  50.83709
205.4456  50.77393
205.4430  50.64815
205.4427  50.58569
205.4411  50.52386
205.4370  50.45998
205.4314  50.32795
205.4293  50.26031
205.4254  50.19022
205.4197  50.12094
205.4138  50.05308
205.4123  49.98868
205.4128  49.92501
205.4157  49.86102
205.4153  49.79683
205.4102  49.67301
205.4127  49.54816
205.4182  49.48380
205.4229  49.41851
205.4281  49.35257
205.4314  49.28503
205.4370  49.21561
205.4460  49.14600
205.4562  49.07770
205.4626  49.00956
205.4637  48.94041
>           Pacific Ocean: PACIFIC PLATE, set 11 isochron: 23
206.2654  48.41913
206.2928  48.35816
206.3491  48.23709
206.3795  48.17662
>           Pacific Ocean: PACIFIC PLATE, set 11 isochron: 23
206.9138  46.78600
206.9391  46.72386
206.9694  46.65824
207.0051  46.58844
207.0437  46.51753
207.0807  46.44804
207.1140  46.38206
207.1422  46.31814
207.1672  46.25552
>           Pacific Ocean: PACIFIC PLATE, set 11 isochron: 23
207.4709  45.99054
207.4774  45.92450
207.4879  45.79943
207.4909  45.67273
207.4931  45.60532
207.4959  45.53480
207.4995  45.46196
207.5021  45.38810
207.5061  45.31184
207.5100  45.23586
207.5154  45.16280
207.5201  45.09321
207.5266  45.02539
207.5324  44.95581
207.5404  44.88743
207.5503  44.81949
207.5651  44.75287
207.5834  44.68537
207.6038  44.61773
207.6223  44.54965
207.6375  44.48254
207.6481  44.41564
207.6578  44.34908
207.6664  44.28166
207.6780  44.21315
207.6887  44.14480
207.6986  44.07635
207.7027  44.00816
207.7027  43.93924
>           Pacific Ocean: PACIFIC PLATE, set 11 isochron: 23
206.9133  48.26867
206.9166  48.19425
206.9155  48.12271
206.9081  48.05442
206.8961  47.92055
206.8931  47.85368
206.8864  47.78845
206.8771  47.72514
206.8591  47.59504
206.8531  47.52709
206.8482  47.45977
206.8431  47.39327
206.8338  47.26416
206.8022  47.14323
>           Pacific Ocean: PACIFIC PLATE, set 11 isochron: 23
204.5823  43.01384
204.6039  42.94085
204.6269  42.86957
204.6517  42.80130
204.6799  42.73308
204.7078  42.66618
204.7358  42.59900
204.7609  42.53338
204.7868  42.46689
204.8105  42.39979
204.8345  42.33261
204.8575  42.26755
204.8813  42.20479
204.9058  42.14254
204.9297  42.07845
204.9537  42.01092
204.9757  41.94216
204.9973  41.87413
205.0415  41.74486
205.0685  41.67850
205.0985  41.60740
205.1265  41.53485
205.1528  41.46310
205.1799  41.39384
205.2111  41.32581
205.2449  41.25586
205.2793  41.18621
205.3136  41.11448
205.3461  41.04432
205.3766  40.97231
205.4030  40.90295
205.4256  40.83502
205.4564  40.72994
205.4874  40.66286
205.5358  40.58798
205.5600  40.52580
205.5997  40.44751
205.6344  40.38557
205.6606  40.31028
205.6956  40.23674
205.7383  40.17485
205.7745  40.10953
205.8063  40.03296
205.8546  39.91550
205.8767  39.85337
>           Pacific Ocean: PACIFIC PLATE, set 11 isochron: 23
220.7176  38.07648
220.7532  37.90020
220.7764  37.76019
220.7892  37.65861
220.8022  37.57788
220.8200  37.50091
220.8378  37.42611
220.8501  37.35286
220.8568  37.28291
220.8622  37.21231
220.8703  37.13553
220.8790  37.04696
220.8871  36.95327
220.8924  36.86507
220.8984  36.78965
220.9072  36.72140
220.9202  36.65420
220.9367  36.57964
220.9524  36.50277
220.9688  36.42414
220.9860  36.35105
221.0038  36.28070
221.0168  36.21201
221.0235  36.14153
221.0274  36.06876
221.0321  35.99479
221.0388  35.92244
221.0462  35.85059
221.0550  35.77922
221.0603  35.70327
221.0650  35.62612
221.0682  35.54946
221.0764  35.47556
221.0831  35.40273
221.0884  35.32813
221.0889  35.25117
221.0887  35.16844
221.0891  35.08047
221.0951  34.99301
221.1039  34.91172
221.1169  34.83839
221.1285  34.76669
221.1394  34.69608
221.1454  34.62543
221.1494  34.55817
221.1540  34.48969
221.1621  34.41998
221.1717  34.34390
221.1860  34.26137
221.2010  34.17009
221.2181  34.07642
221.2317  33.98843
221.2432  33.91083
221.2549  33.84064
221.2664  33.77274
221.2829  33.70187
221.3001  33.62744
221.3165  33.54770
221.3246  33.48305
221.3225  33.44814
>           Pacific Ocean: PACIFIC PLATE, set 11 isochron: 23?
218.2425   3.79275
218.2695   3.71805
218.2992   3.64124
218.3324   3.56026
218.3726   3.47157
218.4169   3.38216
218.4640   3.29553
218.5069   3.21729
218.5415   3.14115
218.5720   3.06360
218.5982   2.98326
218.6259   2.90360
218.6494   2.82816
218.6722   2.75548
>           Pacific Ocean: PACIFIC PLATE, set 11 isochron: 23??
217.0964 -28.58047
217.1205 -28.66317
217.1523 -28.74337
217.1924 -28.82170
217.2361 -28.89447
217.2762 -28.96413
217.3108 -29.03068
217.3405 -29.09840
217.3710 -29.16974
217.4014 -29.24285
217.4339 -29.31956
217.4650 -29.39501
217.4975 -29.47343
217.5286 -29.55058
217.5570 -29.62888
217.5819 -29.70532
>           Pacific Ocean: PACIFIC PLATE, set 11 isochron: 23??
218.8066 -33.75277
218.8557 -33.82583
218.9013 -33.89709
218.9436 -33.96657
218.9844 -34.03828
219.0245 -34.11340
219.0646 -34.19079
219.1048 -34.26636
219.1449 -34.33784
219.1788 -34.40522
219.2127 -34.46965
219.2439 -34.53177
219.2847 -34.59325
219.3200 -34.65640
219.3574 -34.72066
219.3864 -34.78715
219.4238 -34.85530
219.4625 -34.92626
219.5040 -34.99603
219.5414 -35.06345
>           Pacific Ocean: PACIFIC PLATE, set 11 isochron: 23??
223.9016 -41.94078
223.9486 -42.01225
223.9942 -42.08318
224.0379 -42.15349
224.0842 -42.22736
224.1299 -42.30370
224.1756 -42.38255
>           Pacific Ocean: PACIFIC PLATE, set 11 isochron: 23??
223.7599  22.59190
223.7820  22.50929
223.8027  22.43181
223.8192  22.35365
223.8337  22.27350
223.8440  22.18750
223.8613  22.10336
223.8785  22.01918
223.9034  21.93365
223.9193  21.84612
223.9427  21.74684
223.9627  21.64232
223.9903  21.53381
224.0097  21.44282
224.0269  21.36607
224.0456  21.29966
224.0684  21.22934
224.1002  21.14983
224.1299  21.05984
224.1548  20.96591
224.1658  20.87129
224.1684  20.78249
224.1697  20.68578
224.1752  20.58836
224.1758  20.48237
224.1715  20.38877
224.1610  20.30168
224.1554  20.22892
224.1512  20.16009
224.1427  20.03150
224.1399  19.96388
224.1412  19.89162
224.1390  19.81671
224.1389  19.74111
224.1430  19.66282
224.1505  19.57791
224.1629  19.49230
224.1802  19.41193
224.1968  19.34138
224.2112  19.27608
224.2222  19.14808
224.2304  19.08337
224.2477  19.01665
224.2636  18.94462
224.2809  18.86792
224.2919  18.78789
224.3008  18.70583
224.3104  18.61976
224.3277  18.53232
224.3519  18.44946
224.3733  18.37386
224.3975  18.30022
224.4175  18.22190
224.4444  18.13755
224.4651  18.05252
224.4852  17.96878
>           Pacific Ocean: PACIFIC PLATE, set 11 isochron: 23??
214.6059  30.38246
214.6131  30.24484
214.6198  30.13255
214.6258  30.04612
214.6311  29.97290
214.6393  29.89780
214.6481  29.81902
214.6603  29.73409
214.6691  29.64790
214.6772  29.56284
214.6839  29.47769
214.6983  29.39004
214.7161  29.30295
214.7360  29.21757
214.7517  29.13031
214.7716  29.03012
214.7942  28.92557
214.8182  28.82335
214.8374  28.73331
214.8559  28.64869
214.8758  28.56463
214.8943  28.47926
214.9086  28.39320
214.9188  28.31017
214.9311  28.22954
214.9462  28.14945
214.9626  28.06313
214.9783  27.96933
214.9898  27.87237
215.0034  27.77966
215.0206  27.69366
215.0453  27.60882
215.0645  27.52455
215.0802  27.43709
215.0876  27.35457
215.1006  27.27444
215.1129  27.20112
215.1273  27.13022
215.1361  27.06302
215.1471  26.99515
215.1608  26.92224
215.1862  26.84366
215.2152  26.75877
215.2462  26.67445
215.2668  26.59135
215.2846  26.51381
215.3039  26.43934
215.3252  26.36355
215.3395  26.28649
215.3504  26.20623
215.3620  26.12529
215.3812  26.03485
215.3948  25.93744
215.4091  25.83870
215.4158  25.74996
215.4261  25.66998
215.4335  25.59499
215.4458  25.52309
215.4567  25.45303
215.4704  25.38040
215.4910  25.30267
215.5221  25.22045
215.5579  25.14070
215.5917  25.05963
215.6221  24.97471
215.6509  24.87830
215.6805  24.77550
215.7135  24.67068
215.7521  24.57023
215.7956  24.47291
>           Pacific Ocean: PACIFIC PLATE, set 12 isochron: 23-1
174.7405  49.25071
174.8384  49.29448
174.9375  49.33900
175.0392  49.38716
175.1402  49.43597
175.2397  49.48528
175.3355  49.53167
175.4287  49.57663
175.5229  49.62154
175.6222  49.66863
175.7274  49.71888
175.8339  49.77124
175.9363  49.82239
176.0349  49.87176
176.1328  49.92052
176.2305  49.96955
176.3282  50.01822
176.4226  50.06374
176.5158  50.10719
176.6075  50.14981
176.7006  50.19508
176.7946  50.24191
176.8885  50.28938
176.9805  50.33442
177.0711  50.37782
177.1611  50.42051
177.2512  50.46306
177.3425  50.50714
177.4365  50.55209
177.5336  50.59855
>           Pacific Ocean: PACIFIC PLATE, set 12 isochron: 23-2
174.5683  49.03915
174.6591  49.07707
174.7514  49.11726
174.8461  49.15812
174.9416  49.19790
175.0368  49.23512
175.1305  49.27185
175.2224  49.30841
175.3138  49.34552
175.4050  49.38344
175.4963  49.42312
175.5866  49.46393
175.6761  49.50435
175.7654  49.54292
175.8555  49.57973
175.9469  49.61745
176.0387  49.65775
176.1302  49.70087
176.2208  49.74453
176.3124  49.78917
176.4052  49.83434
176.4991  49.88062
176.5927  49.92582
176.6869  49.97099
176.7822  50.01454
176.8779  50.05704
176.9731  50.09846
177.0684  50.14153
177.1640  50.18616
177.2601  50.23144
177.3546  50.27586
177.4476  50.32023
177.5383  50.36388
177.6282  50.40637
177.7176  50.44645
177.8073  50.48503
>           Pacific Ocean: NAZCA PLATE, set 06 isochron: 23
288.0924 -20.81511
288.1311 -20.89478
288.1726 -20.97441
288.2155 -21.04946
288.2640 -21.12577
288.3139 -21.20465
288.3665 -21.29064
288.4198 -21.37529
288.4717 -21.45274
288.5237 -21.52299
288.5728 -21.58673
288.6220 -21.64783
>           Pacific Ocean: ANTARCTICA PLATE, set 01 isochron: 23
228.7790 -65.56181
228.8853 -65.49962
>           Pacific Ocean: ANTARCTICA PLATE, set 01 isochron: 23??
241.6884 -61.94917
241.8004 -61.88336
241.9102 -61.81908
242.0164 -61.75597
242.1219 -61.69473
242.2261 -61.63103
242.3344 -61.56920
242.4406 -61.50493
242.5482 -61.44417
242.6523 -61.37862
242.7551 -61.31192
242.8599 -61.24443
242.9599 -61.18117
243.0640 -61.12282
243.1633 -61.06468
243.2729 -61.00780
243.3777 -60.94911
243.4860 -60.89098
243.5874 -60.82867
243.6944 -60.76353
243.8020 -60.69418
243.9124 -60.62157
244.0256 -60.54678
244.1353 -60.47217
244.2456 -60.40392
244.3511 -60.33688
244.4650 -60.27040
244.5838 -60.19861
244.7052 -60.12665
244.8253 -60.05383
244.9385 -59.98294
245.0453 -59.91399
245.1418 -59.84769
245.2383 -59.78090
245.3369 -59.71576
245.4292 -59.65540
245.5394 -59.58438
245.6554 -59.52626
245.7435 -59.46658
245.8220 -59.41638
245.8435 -59.40083
>           Pacific Ocean: ANTARCTICA PLATE, set 06 isochron: 23
274.3270 -68.10939
274.4705 -68.04736
274.6234 -67.98312
274.7838 -67.91609
274.9322 -67.85042
275.0605 -67.78586
275.1716 -67.72218
275.2939 -67.65811
275.4356 -67.59360
275.5911 -67.53047
275.7389 -67.46718
275.8686 -67.40451
275.9873 -67.34143
276.1015 -67.27873
>           Pacific Ocean: ANTARCTICA PLATE, set 06 isochron: 23
278.7215 -64.80090
278.7954 -64.73535
278.8823 -64.66789
278.9802 -64.59673
279.0778 -64.52243
>           Pacific Ocean: ANTARCTICA PLATE, set 08 isochron: 23??
266.2504 -53.78221
266.3606 -53.80411
266.4708 -53.82758
266.5811 -53.85263
>           Pacific Ocean: ANTARCTICA PLATE, set 09 isochron: 23
277.9980 -59.42796
277.9445 -59.50069
277.8972 -59.57332
277.8610 -59.64511
277.8311 -59.71710
277.8039 -59.78685
277.7684 -59.85577
277.7260 -59.92346
277.6759 -59.99310
277.6279 -60.06227
277.5834 -60.12923
277.5417 -60.19188
277.4965 -60.25441
277.4485 -60.31920
277.3978 -60.38733
277.3546 -60.45428
277.3170 -60.51700
277.2655 -60.63458
277.2397 -60.69933
277.2090 -60.76981
>           Pacific Ocean: AUSTRALIA PLATE, set 10 isochron: 23
166.7536 -16.69667
166.6872 -16.81499
166.6207 -16.93326
166.5542 -17.05150
>           Pacific Ocean: AUSTRALIA PLATE, set 10 isochron: 23?
166.0734 -16.82420
165.9904 -16.93848
165.8990 -17.05272
165.7991 -17.16692
>  North Atlantic Ocean: NAM PLATE, set 03 or NAM PLATE, set 07 isochron: 23
314.1169  56.48252
314.2322  56.48885
314.3448  56.49665
314.5692  56.51258
314.6859  56.51268
314.8034  56.50158
314.9973  56.43532
315.1154  56.31320
315.1558  56.24582
315.1884  56.17830
315.2134  56.10987
315.2315  56.03897
315.2482  55.97029
315.2628  55.90424
315.2746  55.84042
315.2809  55.77531
315.2823  55.70967
315.2837  55.64394
315.2871  55.57853
315.2906  55.51136
315.2927  55.44215
315.2906  55.37239
315.2886  55.30371
315.2858  55.23730
315.2900  55.17155
315.2998  55.10574
315.3109  55.03819
315.3151  54.96651
315.3088  54.89149
315.2990  54.81391
315.2914  54.73984
315.2866  54.67491
315.2790  54.59577
315.2832  54.52777
315.2867  54.45883
315.2707  54.40480
315.2707  54.33241
315.2721  54.25623
315.2860  54.19214
315.3034  54.11282
315.3159  54.01978
315.3201  53.95080
315.3327  53.87886
315.3536  53.81009
315.4119  53.67843
315.4474  53.61430
315.4821  53.54841
315.5182  53.47832
>           North Atlantic Ocean: NORTH AMERICA PLATE, set 07 isochron: 23
306.4721  57.36356
306.5704  57.30602
306.6734  57.25407
306.7805  57.20545
306.8939  57.15981
307.0080  57.10839
307.1242  57.05694
307.2376  57.00349
307.3537  56.95609
307.4720  56.91012
307.5916  56.86983
307.7105  56.82872
307.8281  56.78986
307.9435  56.74982
308.0548  56.71315
308.1625  56.67797
>           North Atlantic Ocean: NORTH AMERICA PLATE, set 07 isochron: 23??
309.4135  56.75480
309.5483  56.75230
309.6811  56.74937
309.8139  56.74526
309.9418  56.74192
310.0684  56.73589
310.1908  56.72564
310.3104  56.70429
310.4286  56.67566
310.5448  56.64354
310.6637  56.61410
310.7785  56.58191
310.8898  56.54353
310.9962  56.49550
311.1076  56.44549
311.2272  56.39352
311.3553  56.34378
311.4867  56.29321
311.6174  56.24722
311.7412  56.20621
311.8587  56.17174
311.9700  56.14386
312.0812  56.11985
312.1952  56.10128
312.3155  56.08504
312.4420  56.07349
312.5727  56.06737
312.7033  56.06747
312.8311  56.07769
312.9527  56.09412
313.0715  56.11951
313.1883  56.14991
313.3058  56.18571
>  North Atlantic Ocean: NAM PLATE, set 08 or NAM PLATE, set 06 isochron: 23
319.9673  60.05583
319.8685  59.98566
319.7748  59.91750
319.6846  59.85094
319.5930  59.78531
319.4992  59.71953
319.3993  59.65079
319.2986  59.57980
319.1924  59.50620
319.0876  59.43599
318.9814  59.36954
318.8800  59.30827
318.7863  59.25048
318.7045  59.19080
318.6218  59.12886
318.5309  59.06182
318.4281  58.99282
318.3233  58.92042
318.2226  58.84606
318.1248  58.77122
318.0318  58.69329
317.9367  58.61447
317.8500  58.53585
317.7682  58.46402
317.6988  58.39751
317.6308  58.33451
317.5740  58.27842
317.5192  58.23031
317.3760  58.14785
317.2746  58.10247
317.1642  58.05629
317.0524  58.02262
316.9350  57.99705
316.8127  57.98143
316.6870  57.97061
316.5619  57.96421
316.4361  57.95747
316.3102  57.94737
316.1830  57.93837
316.0552  57.93014
315.9245  57.92113
315.7827  57.90138
315.6299  57.87187
>           North Atlantic Ocean: NORTH AMERICA PLATE, set 08 isochron: 23??
309.2045  58.13956
309.3242  58.10248
309.4412  58.06237
309.5552  58.02038
309.6678  57.97718
>           North Atlantic Ocean: NORTH AMERICA PLATE, set 08 isochron: 23??
310.8247  58.16072
310.9485  58.15388
311.0723  58.14073
311.1961  58.11763
311.3214  58.08601
311.4452  58.04588
311.5676  58.00090
311.6915  57.95254
311.8174  57.90487
311.9412  57.85599
312.0602  57.80705
312.1749  57.75394
312.2926  57.69929
312.4101  57.64379
312.5284  57.59158
312.6445  57.54379
312.7621  57.49857
312.8803  57.45779
312.9999  57.42223
313.1194  57.39829
313.2383  57.38298
313.4731  57.37603
313.5906  57.38438
313.7136  57.39765
313.8546  57.41848
314.0158  57.44004
314.1867  57.46907
314.3410  57.49989
314.4619  57.53590
314.5543  57.56740
314.7108  57.61985
>           North Atlantic Ocean: EURASIA PLATE, set 07 isochron: 23
  1.2573  67.98242
  1.4084  68.02614
  1.5611  68.07283
  1.7180  68.12206
  1.8777  68.17249
  2.0438  68.22022
  2.2147  68.26476
  2.3946  68.30588
  2.5759  68.34717
  2.7579  68.38759
  2.9309  68.42820
  3.1026  68.46185
  3.2694  68.49007
  3.4369  68.51264
  3.7683  68.55540
  4.1007  68.58895
  4.4350  68.60771
  4.6108  68.61696
  4.7963  68.63231
  4.9887  68.65018
  5.1819  68.67183
  5.3660  68.69318
  5.5391  68.71555
  5.7065  68.73839
  5.8753  68.76299
  6.0470  68.78907
  6.2185  68.81911
  6.3894  68.85292
  6.5575  68.88741
  6.7277  68.92188
  6.8944  68.95427
  7.0473  68.98809
  7.2490  69.03558
  7.4228  69.07179
  7.6061  69.11913
  7.7470  69.16560
  7.9089  69.20754
  8.0832  69.25607
  8.2298  69.29733
  8.3631  69.33800
  8.6679  69.39276
  9.0141  69.43488
  9.3671  69.46122
  9.5478  69.47476
  9.7313  69.48709
 10.1045  69.50681
 10.4728  69.52699
 10.6611  69.54098
 10.8376  69.55783
 11.1330  69.58933
 11.4567  69.62306
 11.6422  69.64208
 11.8306  69.66422
 12.0132  69.68607
 12.1953  69.71179
 12.3759  69.73796
 12.5587  69.76773
 12.7413  69.79840
 12.9234  69.82999
 13.1054  69.86009
 13.2896  69.89087
 13.4760  69.92248
>  North Atlantic Ocean: EUR PLATE, set 09 or EUR PLATE, set 12 isochron: 23??
340.3139  59.02436
340.1559  58.96034
340.0136  58.90155
339.8900  58.84699
339.7684  58.79418
339.6385  58.73986
339.4982  58.68506
339.3572  58.62905
339.2260  58.56859
339.1016  58.50586
338.9934  58.44413
338.8928  58.38852
338.8018  58.33612
338.7025  58.28439
338.5962  58.23111
338.4816  58.17440
338.3621  58.11724
338.2406  58.05815
338.1177  58.00303
337.9982  57.94818
337.8815  57.89473
337.7690  57.83601
337.6600  57.77829
337.5573  57.72128
337.4573  57.67088
337.3622  57.61738
337.2566  57.56198
337.1441  57.50125
337.0204  57.44000
336.9017  57.37902
336.7885  57.31643
336.6795  57.25374
336.5663  57.18909
336.4406  57.12619
336.3009  57.06091
336.1564  56.99318
336.0155  56.92382
335.8877  56.85587
335.7656  56.79203
335.6461  56.73151
335.5253  56.67396
335.4044  56.61708
335.2850  56.55358
335.1655  56.49073
335.0503  56.42860
334.9406  56.37872
334.8337  56.32916
334.7240  56.28378
334.6066  56.23603
334.4871  56.19443
334.3662  56.15628
334.2502  56.12390
334.1349  56.08879
334.0313  56.04542
333.9425  55.98994
333.8849  55.92579
333.8476  55.85688
333.8262  55.78436
333.7950  55.70773
333.7617  55.62859
333.7230  55.55129
333.6953  55.47859
333.6684  55.41009
333.6462  55.34347
333.6185  55.27831
333.5908  55.21305
333.5583  55.14728
333.5278  55.07701
333.4959  55.00460
333.4669  54.93007
333.4364  54.85861
333.4074  54.78825
333.3783  54.71814
333.3520  54.64832
333.3299  54.58084
333.3113  54.51767
333.2968  54.45606
333.2851  54.39229
333.2769  54.32314
333.2693  54.25021
333.2618  54.17879
333.2528  54.11258
333.2336  53.98554
333.2220  53.91528
333.2082  53.83501
333.1923  53.74549
333.1786  53.64922
333.1697  53.55647
333.1699  53.47226
333.1742  53.39742
333.1785  53.32454
333.1807  53.24942
333.1836  53.17126
333.1886  53.09253
333.1943  53.01495
333.1979  52.94058
333.1994  52.87112
333.1995  52.80582
>           North Atlantic Ocean: EURASIA PLATE, set 10 isochron: 23
354.2370  68.37488
354.1877  68.30867
354.1371  68.24076
354.0886  68.17242
354.0415  68.10077
354.0000  68.02859
353.9578  67.95494
353.9114  67.88526
353.8643  67.81852
353.8194  67.75446
353.7855  67.69022
353.7544  67.62582
353.7296  67.56101
353.7026  67.49464
353.6771  67.42812
353.6473  67.36222
353.6204  67.29854
353.5928  67.23305
353.5666  67.16443
353.5362  67.09263
353.5051  67.02252
353.4719  66.95385
353.4380  66.88495
353.4012  66.81313
353.3639  66.74084
353.3245  66.66974
353.2845  66.60043
>           North Atlantic Ocean: EURASIA PLATE, set 11 isochron: 23
359.8261  64.91798
359.6828  64.86674
359.5349  64.81747
359.3750  64.76900
359.2061  64.71864
359.0353  64.66756
358.8784  64.61579
358.7333  64.56332
358.5965  64.51018
358.4597  64.45845
358.3228  64.40993
358.1853  64.36345
358.0436  64.32080
357.8957  64.27930
357.7358  64.23376
357.5655  64.17875
357.3883  64.11446
357.2176  64.05281
357.0545  64.00022
356.9031  63.95730
356.7572  63.91737
356.6183  63.87770
356.4817  63.83887
>           North Atlantic Ocean: EURASIA PLATE, set 12 isochron: 23
344.6014  61.04585
344.5019  60.97172
344.3915  60.90357
344.2798  60.84446
344.1701  60.79439
344.0645  60.74528
343.9429  60.69268
343.8088  60.63519
343.6665  60.57587
343.5289  60.51676
343.3956  60.45999
343.2686  60.40518
343.1415  60.35407
343.0109  60.30360
342.8727  60.25510
342.7330  60.20547
342.5983  60.15644
342.4700  60.10699
>           Indian Ocean: AFRICA PLATE, set 07 isochron: 23
 56.0023 -22.78616
 56.1404 -22.87858
 56.2724 -22.97157
 56.3982 -23.06645
 56.5275 -23.15807
 56.6601 -23.24450
 56.7949 -23.31805
 56.9276 -23.38130
>           Indian Ocean: AFRICA PLATE, set 07 isochron: 23
 56.1018 -24.38802
 56.3717 -24.56870
 56.5934 -24.72013
 56.7659 -24.83370
 56.9104 -24.93659
 57.0500 -25.02996
 57.1869 -25.12518
 57.3217 -25.21212
 57.4593 -25.30403
 57.5955 -25.40027
 57.7317 -25.50082
 57.8652 -25.60066
>           Indian Ocean: AFRICA PLATE, set 07 isochron: 23
 58.5078 -25.64284
 58.6488 -25.77201
 58.7969 -25.89915
 58.9498 -26.01614
 59.1020 -26.11737
 59.2479 -26.20853
 59.3898 -26.29771
>           Indian Ocean: AFRICA PLATE, set 08 isochron: 23
 55.1725   4.05171
 55.3375   4.01644
 55.4985   3.97348
 55.6566   3.92424
 55.8037   3.87285
 55.9425   3.83601
 56.0714   3.81233
>           Indian Ocean: ANTARCTICA PLATE, set 10 isochron: 23
 58.8802 -36.11246
 59.0264 -36.16035
 59.1782 -36.21266
 59.3376 -36.27449
 59.5060 -36.33798
 59.6716 -36.40308
 59.8323 -36.46696
 59.9869 -36.53078
 60.1393 -36.59287
 60.2912 -36.64656
 60.4472 -36.70132
 60.6128 -36.75777
 60.7869 -36.82021
>           Indian Ocean: ANTARCTICA PLATE, set 10 isochron: 23
 59.8203 -38.36293
 60.0084 -38.44229
 60.1968 -38.51224
 60.3839 -38.57281
 60.5702 -38.63715
 60.7530 -38.71117
 60.9309 -38.78941
 61.1012 -38.86594
 61.2661 -38.93262
 61.4283 -38.99706
 61.5899 -39.05867
>           Indian Ocean: ANTARCTICA PLATE, set 10 isochron: 23
 61.4116 -39.49376
 61.5982 -39.58202
 61.7739 -39.66573
 61.9367 -39.73859
 62.0911 -39.81293
 62.2422 -39.87918
 62.3925 -39.94751
 62.5429 -40.00513
 62.6975 -40.06007
 62.8569 -40.11443
 63.0239 -40.17143
 63.1944 -40.22839
 63.3672 -40.27937
>           Indian Ocean: ANTARCTICA PLATE, set 10 isochron: 23
 62.4382 -41.72935
 62.6089 -41.80580
 62.7903 -41.87752
 62.9794 -41.94086
 63.1734 -41.99948
 63.3626 -42.05545
 63.5504 -42.11191
 63.7327 -42.16467
 63.9129 -42.21684
 64.0930 -42.27362
 64.2758 -42.33807
 64.4559 -42.40549
 64.6307 -42.47118
>           Indian Ocean: AUSTRALIA PLATE, set 11 isochron: 23
 62.8721  12.20718
 63.0094  12.18884
 63.1411  12.16431
 63.2674  12.13225
 63.3901  12.09334
>           Indian Ocean: AUSTRALIA PLATE, set 12 isochron: 23
 74.6618 -13.61617
 74.8130 -13.63373
 74.9572 -13.64857
 75.1000 -13.66273
 75.2462 -13.67689
 75.3995 -13.69303
 75.5485 -13.71325
 75.6865 -13.72945
 75.8141 -13.74843
 75.9382 -13.76066
 76.0637 -13.78236
 76.1954 -13.80334
 76.3314 -13.83513
 76.4714 -13.86147
 76.6088 -13.89527
 76.7468 -13.92365
 76.8897 -13.95945
 77.0395 -13.99380
>           Indian Ocean: AUSTRALIA PLATE, set 13 isochron: 23
 79.0978 -10.43460
 79.2218 -10.43946
 79.3487 -10.45800
 79.4805 -10.48679
 79.6144 -10.51968
 79.7482 -10.53886
 79.8820 -10.55531
 80.0179 -10.56967
 80.1621 -10.60181
 80.3092 -10.64010
 80.4576 -10.67974
 80.5956 -10.70641
 80.7274 -10.72696
 80.8543 -10.74889
 80.9826 -10.77628
>           Indian Ocean: AUSTRALIA PLATE, set 13 isochron: 23
 81.4812 -17.74040
 81.6240 -17.76363
 81.7668 -17.78548
 81.9097 -17.80798
 82.0539 -17.82848
 82.1974 -17.85428
 82.3396 -17.88008
 82.4797 -17.90850
>           Indian Ocean: AUSTRALIA PLATE, set 13 isochron: 23
 83.4310 -18.82009
 83.6577 -18.85534
 83.8477 -18.88140
 84.0044 -18.89378
 84.1465 -18.89637
 84.2934 -18.90421
 84.4418 -18.92521
 84.5916 -18.95670
>           Indian Ocean: AUSTRALIA PLATE, set 13 isochron: 23
 92.2505  -0.96334
 92.4556  -0.97063
 92.6310  -0.97878
 92.7807  -0.99262
 92.9249  -1.00162
 93.0774  -1.00779
 93.2298  -1.00350
 93.3719  -0.99648
 93.5042  -0.98811
>           Indian Ocean: AUSTRALIA PLATE, set 13 isochron: 23
 93.7413   0.82619
 93.8674   0.82896
 93.9928   0.82613
 94.1197   0.81495
 94.2500   0.79472
 94.3831   0.77730
 94.5183   0.76617
 94.6611   0.75577
 94.8129   0.74471
 94.9744   0.74138
 95.1372   0.75757
 95.3007   0.79049
>           Indian Ocean: AUSTRALIA PLATE, set 14 isochron: 23
 94.2516  -6.13569
 94.5039  -6.13998
 94.7256  -6.13464
 94.9050  -6.11983
 95.0637  -6.11207
 95.2286  -6.11121
 95.4116  -6.11715
>           Indian Ocean: AUSTRALIA PLATE, set 14 isochron: 23
 95.5919  -4.11680
 95.8241  -4.13160
 96.0251  -4.13958
 96.1963  -4.13658
 96.3459  -4.13371
 96.4935  -4.13084
 96.6356  -4.13984
 96.7749  -4.14536
 96.9066  -4.14606
 97.0327  -4.13426
