>           Pacific Ocean: PACIFIC PLATE, set 06 isochron: 22
195.8003 -52.92072
195.9109 -52.84763
196.0199 -52.77783
196.1274 -52.71254
196.2336 -52.65903
196.3397 -52.61005
196.4348 -52.56609
196.5180 -52.51910
196.6714 -52.42885
196.7610 -52.38004
196.8567 -52.32689
196.9476 -52.26602
197.0427 -52.20509
197.1448 -52.14110
197.2530 -52.07655
197.3564 -52.00935
197.4508 -51.94463
197.5367 -51.88153
>           Pacific Ocean: PACIFIC PLATE, set 06 isochron: 22
213.4869 -50.06921
213.5910 -50.03084
213.6930 -49.99284
>           Pacific Ocean: PACIFIC PLATE, set 06 isochron: 22
220.8040 -49.41780
220.9477 -49.25853
>           Pacific Ocean: PACIFIC PLATE, set 11 isochron: 22
217.9695 -29.22990
218.0387 -29.34557
218.0747 -29.41064
218.1107 -29.48176
218.1369 -29.55406
218.1715 -29.62569
218.2088 -29.69727
218.2525 -29.77061
218.2940 -29.84331
218.3335 -29.91352
218.3680 -29.98188
218.3992 -30.04897
>           Pacific Ocean: PACIFIC PLATE, set 11 isochron: 22
219.2252 -33.45504
219.2805 -33.56320
219.3268 -33.64692
219.3960 -33.75549
219.4652 -33.87548
219.5061 -33.94669
219.5469 -34.02479
219.5829 -34.10167
219.6140 -34.17329
219.6437 -34.24136
219.6762 -34.30997
219.7122 -34.38313
219.7475 -34.45449
219.7876 -34.52695
219.8333 -34.59592
219.8873 -34.66139
219.9379 -34.72163
219.9898 -34.77383
220.0417 -34.82826
220.1006 -34.88152
220.1588 -34.94390
220.2121 -35.00735
220.2593 -35.07422
>           Pacific Ocean: PACIFIC PLATE, set 11 isochron: 22
220.5925  -6.18381
220.6229  -6.31938
220.6402  -6.39515
220.6519  -6.47161
220.6497  -6.54942
220.6496  -6.62305
220.6530  -6.69391
220.6696  -6.76130
220.6890  -6.82867
220.7118  -6.89604
220.7326  -6.96339
220.7540  -7.03213
220.7720  -7.10363
220.7878  -7.17928
220.8009  -7.25630
220.8147  -7.33401
220.8278  -7.41447
220.8437  -7.49699
220.8630  -7.58367
220.8893  -7.66894
220.9190  -7.75767
220.9516  -7.84569
220.9855  -7.93439
221.0208  -8.01960
221.0540  -8.10480
221.0796  -8.18858
221.0989  -8.26820
221.1169  -8.34087
221.1404  -8.41354
221.1652  -8.49033
221.1908  -8.57609
221.2150  -8.66186
221.2420  -8.74621
221.2669  -8.82156
221.2890  -8.89207
>           Pacific Ocean: PACIFIC PLATE, set 11 isochron: 22
206.1795  50.63903
206.1628  50.57037
206.1440  50.50153
206.1250  50.43447
206.1084  50.36833
206.0824  50.23866
206.0489  50.11253
206.0075  49.99002
205.9913  49.92925
205.9702  49.80605
205.9446  49.67654
205.9355  49.60847
205.9269  49.53994
205.9195  49.47340
205.9079  49.40945
205.8904  49.28537
205.8792  49.16085
205.8725  49.09692
205.8657  49.03220
205.8581  48.96601
205.8395  48.83678
205.8194  48.71289
205.8139  48.65125
>           Pacific Ocean: PACIFIC PLATE, set 11 isochron: 22
207.6230  48.20488
207.6239  48.13757
207.6255  48.07178
207.6266  48.00666
207.6263  47.94326
207.6247  47.81788
207.6210  47.68446
207.6191  47.61150
207.6169  47.53936
207.6117  47.46790
207.6019  47.39932
207.5909  47.33161
207.5769  47.20444
207.5750  47.14395
>           Pacific Ocean: PACIFIC PLATE, set 11 isochron: 22
207.4676  46.89495
207.5118  46.82890
207.5546  46.76299
207.5933  46.69671
207.6286  46.62878
207.6606  46.56213
207.6950  46.49773
207.7344  46.43518
207.7790  46.37268
>           Pacific Ocean: PACIFIC PLATE, set 11 isochron: 22
208.1785  46.20470
208.1828  46.08537
208.1810  45.95848
208.1811  45.83072
208.1791  45.69935
208.1783  45.63298
208.1787  45.56799
208.1767  45.50262
208.1751  45.43697
208.1717  45.37146
208.1719  45.30600
208.1738  45.23871
208.1745  45.16875
208.1720  45.09858
208.1634  45.02975
208.1581  44.96288
208.1509  44.89672
208.1476  44.83192
208.1400  44.76751
208.1340  44.70279
208.1270  44.63785
208.1218  44.57262
208.1166  44.50767
208.1120  44.44206
208.1054  44.37683
208.1002  44.31090
208.0952  44.24336
208.0936  44.17395
208.0904  44.10409
208.0885  44.03627
208.0873  43.97065
208.0889  43.90666
>           Pacific Ocean: PACIFIC PLATE, set 11 isochron: 22
205.3385  43.19261
205.3596  43.12223
205.3814  43.05390
205.4020  42.98788
205.4212  42.92301
205.4526  42.79755
205.4666  42.73532
205.4803  42.67228
205.4953  42.60775
205.5103  42.54333
205.5256  42.47908
205.5398  42.41578
>           Pacific Ocean: PACIFIC PLATE, set 11 isochron: 22
205.7853  43.28294
205.7904  43.21340
205.7943  43.14518
205.7909  43.01386
205.7874  42.94872
205.7873  42.88327
205.7893  42.75814
205.7896  42.63594
205.7993  42.50859
205.8058  42.44371
>           Pacific Ocean: PACIFIC PLATE, set 11 isochron: 22
205.6600  42.29562
205.6889  42.22500
205.7168  42.15416
205.7425  42.08211
205.7664  42.01200
205.7895  41.94364
205.8128  41.87877
205.8358  41.81365
205.8575  41.74786
205.8777  41.68065
205.8983  41.61397
205.9204  41.54701
205.9442  41.47972
205.9676  41.41116
205.9885  41.34097
206.0081  41.27013
206.0254  41.20108
206.0425  41.13603
206.0600  41.07188
206.0783  41.00705
206.0975  40.94070
206.1145  40.87679
206.1535  40.75553
206.2026  40.63261
206.2246  40.56789
206.2431  40.50172
206.2610  40.43413
>           Pacific Ocean: PACIFIC PLATE, set 11 isochron: 22
205.8669  55.78597
205.8311  55.71385
205.7884  55.64362
205.7415  55.57523
205.6877  55.50593
205.6367  55.43414
205.5905  55.35943
205.5506  55.28580
205.5149  55.21481
205.4736  55.14645
205.4268  55.07919
205.3813  55.00898
205.3358  54.93509
205.3028  54.85624
205.2657  54.77563
205.2403  54.69686
205.2031  54.61877
205.1694  54.54254
205.1261  54.46413
205.0945  54.38842
205.0678  54.31379
205.0508  54.24226
205.0324  54.17182
205.0154  54.10168
204.9977  54.02854
204.9799  53.94912
204.9545  53.86547
204.9243  53.78208
204.8892  53.70348
204.8576  53.62717
204.8260  53.55321
204.7979  53.47995
204.7705  53.41030
204.7452  53.33761
204.7185  53.26022
204.6903  53.17517
204.6600  53.09291
204.6306  53.01554
204.6025  52.94515
204.5779  52.87459
204.5560  52.80056
204.5376  52.72219
204.5220  52.64285
204.5085  52.56511
>           Pacific Ocean: PACIFIC PLATE, set 11 isochron: 22??
224.0459 -41.43971
224.0936 -41.51334
224.1371 -41.58949
224.1842 -41.66505
224.2236 -41.73689
224.2707 -41.80138
224.3087 -41.86215
224.3517 -41.92183
224.3876 -41.98456
224.4305 -42.05188
224.4755 -42.12173
224.5219 -42.19200
224.5634 -42.25859
224.6002 -42.32257
>           Pacific Ocean: PACIFIC PLATE, set 11 isochron: 22??
225.0271  22.75304
225.0409  22.65893
225.0484  22.56799
225.0525  22.47961
225.0544  22.39761
225.0599  22.32204
225.0626  22.25481
225.0660  22.19079
225.0667  22.12545
225.0659  22.05814
225.0610  21.99015
225.0560  21.91822
225.0566  21.84174
225.0656  21.75156
225.0773  21.66002
225.0924  21.56715
225.1055  21.48657
225.1213  21.41048
225.1310  21.33826
225.1385  21.26536
225.1412  21.18981
225.1432  21.10772
225.1424  21.02101
225.1347  20.93295
225.1235  20.85269
225.1089  20.77763
225.0977  20.70511
225.0851  20.62472
225.0760  20.52332
225.0710  20.40746
225.0744  20.28036
225.0819  20.16631
225.0915  20.05740
225.0997  19.96287
225.1100  19.87025
225.1203  19.78413
225.1348  19.69469
225.1492  19.60651
225.1644  19.51960
225.1810  19.43922
225.2003  19.36143
225.2231  19.27834
225.2404  19.19124
225.2541  19.10146
225.2686  19.02154
225.2879  18.94950
225.3114  18.88074
225.3329  18.80730
225.3578  18.72723
225.3840  18.64513
225.4110  18.56432
225.4352  18.48014
225.4559  18.39527
225.4780  18.30573
225.5001  18.22143
225.5256  18.13776
225.5526  18.05739
>           Pacific Ocean: PACIFIC PLATE, set 11 isochron: 22??
221.8431  36.37941
221.8450  36.31302
221.8469  36.24378
221.8508  36.16602
221.8610  36.08083
221.8795  35.98877
221.9021  35.89886
221.9227  35.81565
221.9391  35.73861
221.9534  35.66602
221.9671  35.59336
221.9814  35.51607
221.9986  35.43130
222.0191  35.33905
222.0417  35.24498
222.0636  35.14910
222.0842  35.05367
222.1006  34.96215
222.1121  34.87624
222.1202  34.79082
222.1276  34.70186
222.1377  34.60938
222.1528  34.51966
222.1740  34.43155
222.2009  34.33870
222.2290  34.24116
222.2565  34.14061
222.2805  34.05038
222.3004  33.96702
222.3175  33.89050
222.3340  33.80984
222.3531  33.72738
222.3737  33.64368
222.3943  33.56048
222.4107  33.47777
222.4223  33.40081
222.4339  33.31453
222.4462  33.24794
222.4696  33.18071
222.4711  33.21578
>           Pacific Ocean: PACIFIC PLATE, set 11 isochron: 22??
215.7010  31.13227
215.6873  30.97297
215.6814  30.84893
215.6826  30.76137
215.6852  30.69350
215.6884  30.62559
215.6959  30.55582
215.7048  30.48539
215.7143  30.41250
215.7196  30.33291
215.7256  30.24118
215.7357  30.13971
215.7500  30.03633
215.7664  29.93766
215.7745  29.84803
215.7791  29.76557
215.7803  29.69035
215.7863  29.61869
215.7952  29.54393
215.8046  29.45937
215.8155  29.36195
215.8270  29.26141
215.8407  29.16504
215.8501  29.07285
215.8575  28.97874
215.8677  28.87597
215.8854  28.77128
215.9060  28.66954
215.9244  28.57691
215.9367  28.48726
215.9475  28.39754
215.9542  28.30651
215.9630  28.21972
215.9683  28.13656
215.9778  28.04776
215.9859  27.95024
216.0009  27.84027
216.0158  27.73330
216.0371  27.62931
216.0556  27.53576
216.0762  27.44088
216.0898  27.34656
216.0999  27.25339
216.1087  27.16449
216.1210  27.07864
216.1416  26.99022
216.1615  26.90360
216.1876  26.81628
216.2123  26.73075
216.2420  26.64520
216.2660  26.55954
216.2894  26.46943
216.3134  26.37238
216.3367  26.27149
216.3594  26.17491
216.3786  26.08265
216.4033  25.98839
216.4336  25.88023
216.4673  25.75873
216.4975  25.63336
216.5159  25.51861
216.5281  25.42081
216.5425  25.33869
216.5659  25.26348
216.5907  25.18881
216.6134  25.11032
216.6382  25.03179
216.6616  24.95510
216.6836  24.89042
216.7006  24.78700
216.7225  24.67078
216.7646  24.56142
216.7949  24.44880
>           Pacific Ocean: PACIFIC PLATE, set 12 isochron: 22
174.1754  49.52349
174.3018  49.58479
174.4171  49.64213
174.5202  49.69434
174.6210  49.74533
174.7249  49.79675
174.8337  49.85244
174.9387  49.90840
175.0405  49.96497
175.1390  50.01939
175.2385  50.07333
175.3381  50.12484
175.4370  50.17368
175.5372  50.22100
175.6368  50.27053
175.7342  50.31989
175.8262  50.36871
175.9156  50.41254
176.0053  50.45644
176.0967  50.50108
176.1894  50.54815
176.2806  50.59463
176.3703  50.64003
176.4586  50.68481
176.5465  50.72911
176.6343  50.77126
176.7220  50.81146
>           Pacific Ocean: PACIFIC PLATE, set 12 isochron: 22?
169.2361  52.74367
169.3314  52.79784
>           Pacific Ocean: NAZCA PLATE, set 06 isochron: 22
287.3732 -22.14241
287.4237 -22.20519
287.4715 -22.26797
287.5116 -22.33649
287.5483 -22.41210
287.5877 -22.49994
287.6375 -22.59611
287.6929 -22.69673
287.7469 -22.79341
287.7954 -22.88038
287.8431 -22.95634
287.8902 -23.02584
287.9380 -23.09208
287.9837 -23.15830
>           Pacific Ocean: NAZCA PLATE, set 06 isochron: 22
286.4843 -18.65926
286.5064 -18.72677
286.5348 -18.79098
286.5645 -18.85119
286.6345 -18.95702
286.6739 -19.01521
286.7141 -19.08262
286.7528 -19.15395
286.7874 -19.22920
286.8151 -19.30376
286.8435 -19.37565
286.8705 -19.44424
>           Pacific Ocean: ANTARCTICA PLATE, set 01 isochron: 22??
241.1831 -61.71242
241.3021 -61.65308
241.4215 -61.59396
241.5381 -61.53467
241.6520 -61.46898
241.7575 -61.40349
241.8637 -61.33989
241.9706 -61.28183
242.0844 -61.22769
242.1941 -61.17511
242.3003 -61.12041
242.4052 -61.06125
242.5205 -60.99524
242.6490 -60.92165
242.7865 -60.84215
242.9260 -60.76347
243.0627 -60.69075
243.1959 -60.62260
243.3292 -60.55571
243.4548 -60.48898
243.5755 -60.42213
243.6804 -60.35408
243.7845 -60.28485
243.8914 -60.21623
244.0164 -60.15024
244.1498 -60.08478
244.2788 -60.02055
244.3954 -59.95900
244.5029 -59.89943
244.6126 -59.84184
244.7265 -59.78067
244.8466 -59.71761
244.9681 -59.64809
245.0903 -59.57599
245.1978 -59.51010
245.3197 -59.43488
245.4301 -59.38818
245.4190 -59.39421
>           Pacific Ocean: ANTARCTICA PLATE, set 06 isochron: 22
275.0447 -68.23070
275.1860 -68.17674
275.3264 -68.12012
275.4700 -68.06154
275.6123 -68.00203
275.7567 -67.94206
275.8955 -67.88066
276.0267 -67.81831
276.1579 -67.75766
276.2961 -67.69762
276.4489 -67.63904
276.6086 -67.57898
276.7750 -67.52037
276.9439 -67.46210
>           Pacific Ocean: ANTARCTICA PLATE, set 06 isochron: 22
280.5440 -64.99825
280.6628 -64.92943
>           Pacific Ocean: ANTARCTICA PLATE, set 08 isochron: 22
269.8629 -54.96928
269.9667 -55.01724
270.0706 -55.06711
270.1759 -55.11974
270.2813 -55.17186
270.3901 -55.22670
270.4982 -55.27792
270.6092 -55.32393
270.7187 -55.36118
270.8303 -55.39680
270.9413 -55.42805
271.0495 -55.45256
271.2693 -55.47755
271.3893 -55.48708
271.5107 -55.49815
271.7339 -55.52068
271.8408 -55.53407
>           Pacific Ocean: ANTARCTICA PLATE, set 08 isochron: 22??
266.6128 -53.52252
266.7236 -53.55779
266.8332 -53.58800
266.9414 -53.61530
267.0496 -53.64172
>           Pacific Ocean: ANTARCTICA PLATE, set 09 isochron: 22
279.5012 -59.98796
279.3924 -60.04666
279.2903 -60.10664
279.2083 -60.16826
279.1402 -60.23148
279.0818 -60.29530
279.0131 -60.36107
278.9395 -60.42805
278.8651 -60.49559
278.7991 -60.56094
278.7434 -60.62448
278.6927 -60.68718
278.6468 -60.74945
278.5967 -60.81192
278.5446 -60.87462
278.4882 -60.93826
>           Pacific Ocean: AUSTRALIA PLATE, set 10 isochron: 22?
166.1300 -17.25624
166.0109 -17.33308
165.8917 -17.41584
165.7732 -17.51121
165.6561 -17.61649
>  North Atlantic Ocean: NAM PLATE, set 03 or NAM PLATE, set 07 isochron: 22
314.3232  56.62809
314.5504  56.63369
314.6616  56.63607
314.7721  56.63464
314.8819  56.63203
314.9937  56.62634
315.2189  56.59536
315.3260  56.56236
315.4240  56.51739
315.5122  56.46308
315.5900  56.40252
315.6588  56.33801
315.7102  56.27337
315.7491  56.20822
315.7748  56.14296
315.7984  56.07644
315.8172  56.00742
315.8339  55.93672
315.8464  55.86236
315.8561  55.78511
315.8617  55.70298
315.8617  55.62030
315.8561  55.53743
315.8457  55.45517
315.8326  55.37235
315.8173  55.29294
315.8034  55.22095
315.7895  55.15399
315.7784  55.08810
315.7680  55.01810
315.7611  54.94478
315.7542  54.86650
315.7465  54.78766
315.7361  54.70992
315.7243  54.63604
315.7104  54.56160
315.6966  54.48622
315.6869  54.40788
315.6862  54.33058
315.6939  54.25442
315.7050  54.18299
315.7168  54.11475
315.7307  54.05005
315.7509  53.98607
315.7767  53.92116
315.8059  53.85411
315.8351  53.78448
315.8684  53.71391
315.9025  53.64237
315.9365  53.57281
315.9629  53.50562
316.0179  53.37798
316.0498  53.31387
>           North Atlantic Ocean: NORTH AMERICA PLATE, set 06 isochron: 22
331.1285  67.94205
331.0296  67.87824
330.9156  67.81115
330.7837  67.73885
330.6497  67.66472
330.5221  67.59251
330.3993  67.52569
330.2722  67.46240
330.1516  67.40028
330.0415  67.33776
>           North Atlantic Ocean: NORTH AMERICA PLATE, set 06 isochron: 22
326.9667  66.12191
326.9055  66.06106
326.8430  65.99983
326.7856  65.93793
326.6914  65.81395
326.6456  65.74870
326.5894  65.67668
326.5242  65.59927
326.4500  65.51936
326.3779  65.44294
326.3010  65.36980
326.2296  65.30024
326.1602  65.23106
326.0979  65.16200
326.0355  65.08598
325.9724  65.00533
325.9072  64.92035
325.8400  64.84103
325.7742  64.76533
325.7111  64.69356
325.6571  64.62370
325.6100  64.55638
325.5719  64.49219
325.5373  64.42785
325.5034  64.36122
325.4667  64.29022
325.4322  64.21629
325.3976  64.13946
325.3588  64.06175
325.3082  63.98235
325.2542  63.90391
325.2002  63.82433
325.1483  63.74484
325.0900  63.66640
325.0271  63.59024
>           North Atlantic Ocean: NORTH AMERICA PLATE, set 07 isochron: 22??
306.8286  57.42136
306.9421  57.38013
307.0590  57.33508
307.1793  57.28922
307.2983  57.24215
307.4144  57.19806
307.5264  57.14896
307.6357  57.10133
307.7421  57.05214
307.8506  57.00665
307.9619  56.96229
308.0739  56.91785
308.1810  56.87486
308.2825  56.82993
308.3812  56.78493
>           North Atlantic Ocean: NORTH AMERICA PLATE, set 07 isochron: 22??
309.5759  56.92664
309.8074  56.89948
309.9340  56.88817
310.0647  56.87608
310.1919  56.85902
310.3115  56.84078
310.4256  56.82026
310.6508  56.78033
310.7663  56.75403
310.8860  56.71892
311.0091  56.67880
311.1253  56.63632
311.2310  56.59262
311.3312  56.54543
311.4439  56.49628
311.5691  56.45210
311.6970  56.41516
311.8187  56.38553
311.9362  56.35820
312.0544  56.33936
312.1711  56.32590
312.2851  56.32018
312.5069  56.30374
312.6216  56.29688
312.7404  56.29775
312.8641  56.30405
312.9857  56.31768
313.1045  56.33675
313.2192  56.35346
313.3318  56.37093
313.4431  56.38796
>  North Atlantic Ocean: NAM PLATE, set 08 or NAM PLATE, set 06 isochron: 22
320.6117  60.05631
320.5352  59.99245
320.4483  59.92778
320.3511  59.86230
320.2491  59.79597
320.1436  59.72741
320.0422  59.65691
319.9486  59.58559
319.8702  59.51482
319.7967  59.44429
319.7245  59.37502
319.6530  59.30489
319.5830  59.22996
319.5087  59.14916
319.4254  59.06530
319.3324  58.98375
319.2374  58.90598
319.1374  58.83234
319.0403  58.76327
318.9417  58.69913
318.8459  58.63593
318.7438  58.57116
318.6389  58.50081
318.5306  58.42959
318.4293  58.35968
318.3357  58.29332
318.2468  58.22939
318.1468  58.16722
318.0302  58.10786
317.9017  58.05283
317.7718  58.00175
317.6440  57.95877
317.5141  57.92239
317.3786  57.89672
317.2362  57.87883
317.0945  57.87020
316.9610  57.86449
316.8394  57.85957
316.6087  57.84417
316.4899  57.83924
316.3654  57.83655
316.2368  57.83014
316.1068  57.81777
315.9817  57.80316
315.8622  57.79228
315.7462  57.78402
315.5113  57.75473
>           North Atlantic Ocean: NORTH AMERICA PLATE, set 08 isochron: 22??
308.9606  58.06308
309.0915  58.01669
309.2167  57.97466
309.3370  57.93700
309.4552  57.90036
>           North Atlantic Ocean: NORTH AMERICA PLATE, set 08 isochron: 22??
310.6686  57.99792
310.7848  57.97403
310.9023  57.95157
311.0213  57.92500
311.1430  57.89841
311.2689  57.86960
311.3954  57.84446
311.5172  57.81334
311.6327  57.77437
311.7496  57.72943
311.8706  57.68107
311.9965  57.63453
312.1175  57.58529
312.2344  57.53972
312.3477  57.49412
312.4674  57.45183
312.5933  57.40914
312.7213  57.36977
312.8471  57.33788
312.9680  57.31350
313.2037  57.28920
313.4351  57.29051
313.5518  57.29889
313.6714  57.30691
313.7930  57.31681
313.9139  57.32783
314.0328  57.34146
314.2656  57.37587
314.3796  57.39698
>           North Atlantic Ocean: EURASIA PLATE, set 07 isochron: 22
  3.5510  68.78988
  3.7349  68.81478
  3.9204  68.84132
  4.1024  68.87031
  4.2789  68.90052
  4.4484  68.93244
  4.6180  68.96408
  4.7896  68.99367
  4.9681  69.02373
  5.1528  69.05673
  5.3459  69.09566
  5.5383  69.13600
  5.7259  69.17750
  5.9038  69.21693
  6.0782  69.25557
  6.2505  69.29289
  6.4277  69.32748
  6.6117  69.36348
  6.8061  69.39989
  7.0006  69.44063
  7.1896  69.48106
  7.3724  69.51949
  7.5559  69.55540
  7.7435  69.58762
  7.9317  69.62049
  8.1199  69.65451
  8.3027  69.68922
  8.4834  69.72243
  8.6585  69.75005
  8.8337  69.77544
  9.1735  69.81557
  9.5056  69.84769
  9.8053  69.87251
  9.9840  69.88215
 10.1619  69.89230
 10.3829  69.90417
 10.6012  69.91096
 10.7971  69.92518
 10.9729  69.94271
 11.1863  69.95262
 11.3837  69.96658
 11.5950  69.98029
 11.8082  69.99857
 12.1284  70.03378
 12.3091  70.05528
 12.4889  70.07817
 12.6723  70.10437
 12.8578  70.13526
 13.0398  70.16705
 13.2205  70.19785
 13.3984  70.22555
 13.5804  70.25367
 13.7687  70.28413
 13.9659  70.31805
 14.1680  70.35706
 14.3659  70.39949
 14.5570  70.44463
 14.7398  70.48804
 14.9194  70.52994
>  North Atlantic Ocean: EUR PLATE, set 09 or EUR PLATE, set 12 isochron: 22??
339.7571  59.02070
339.6368  58.97430
339.5208  58.92493
339.4089  58.87260
339.2915  58.81765
339.1721  58.76262
339.0491  58.70423
338.9311  58.64430
338.8138  58.58318
338.6992  58.52412
338.5776  58.46720
338.4547  58.40940
338.3283  58.35114
338.2074  58.28728
338.0775  58.22039
337.9421  58.14859
337.8004  58.07772
337.6685  58.00597
337.5387  57.93631
337.4102  57.86764
337.2797  57.80591
337.1561  57.74892
337.0352  57.69703
336.9137  57.64246
336.7894  57.59156
336.6735  57.54246
336.5658  57.49665
336.4658  57.44478
336.3574  57.38496
336.2400  57.31938
336.1122  57.25066
335.9845  57.18407
335.8679  57.11924
335.7589  57.05357
335.6470  56.98436
335.5219  56.91008
335.3935  56.84174
335.2693  56.77824
335.1449  56.72460
335.0151  56.67320
334.8803  56.62477
334.7498  56.57779
334.6234  56.52922
334.5060  56.48369
334.3935  56.43385
334.2844  56.38436
334.1712  56.33091
334.0545  56.27974
333.9350  56.23277
333.8184  56.18570
333.7044  56.13701
333.6003  56.07816
333.5017  56.01453
333.4198  55.94574
333.3484  55.87879
333.2957  55.81019
333.2451  55.74028
333.2000  55.66672
333.1508  55.59382
333.1058  55.52117
333.0600  55.44835
333.0191  55.37426
332.9762  55.29921
332.9339  55.22362
332.8910  55.14629
332.8578  55.06842
332.8329  54.99402
332.8184  54.92190
332.8081  54.84801
332.8041  54.76916
332.7959  54.68613
332.7870  54.61269
332.7691  54.51077
332.7505  54.42356
332.7520  54.35448
332.7327  54.28489
332.7356  54.20862
332.7260  54.12567
332.7254  54.05406
332.6901  53.98964
332.6714  53.91406
332.6743  53.83383
332.6627  53.76043
332.6489  53.68403
332.6080  53.59543
332.5887  53.49793
332.5833  53.43310
332.5806  53.36361
332.5849  53.29607
332.5885  53.22844
332.5928  53.16031
332.5957  53.09371
332.6021  53.02577
332.6092  52.95686
332.6149  52.88576
332.6191  52.81495
332.6241  52.74450
>           North Atlantic Ocean: EURASIA PLATE, set 10 isochron: 22
354.4209  67.42892
354.2980  67.30756
354.2412  67.24453
354.1899  67.18130
354.1153  67.04978
354.0904  66.98064
354.0621  66.91240
354.0324  66.84700
353.9943  66.78165
353.9556  66.71532
353.9112  66.64629
353.8683  66.57822
353.8219  66.51134
353.7762  66.44763
353.7292  66.38550
>           North Atlantic Ocean: EURASIA PLATE, set 10 isochron: 22??
354.8004  68.23143
354.7323  68.16428
354.6671  68.09777
354.6026  68.03214
354.5403  67.96893
354.4786  67.90713
354.4198  67.84653
>           North Atlantic Ocean: EURASIA PLATE, set 11 isochron: 22
359.3812  65.21918
359.2344  65.15327
359.0920  65.09072
358.9518  65.03156
358.8128  64.97343
358.6705  64.91668
358.5254  64.86455
358.3754  64.81586
358.2372  64.77301
358.1171  64.72887
357.8976  64.63245
357.7594  64.58248
357.6045  64.53719
357.4461  64.49088
357.2877  64.44268
357.1244  64.38719
356.9549  64.33189
356.7840  64.27828
356.6090  64.23125
356.4368  64.19021
356.2638  64.14876
356.1026  64.10697
355.9485  64.06696
355.8013  64.03301
355.6533  64.00206
355.5053  63.97076
355.3559  63.94158
355.2053  63.91539
>           North Atlantic Ocean: EURASIA PLATE, set 12 isochron: 22
348.6576  62.89709
348.5241  62.87894
348.3900  62.85980
348.2544  62.83329
348.1168  62.80164
347.9751  62.76552
347.8320  62.73129
347.6888  62.69857
347.5457  62.66134
347.3984  62.61959
347.2448  62.57294
347.0864  62.52462
346.9238  62.47558
346.7599  62.42484
346.6023  62.37627
346.4537  62.32956
346.3161  62.28408
346.1793  62.23431
346.0438  62.17535
345.9000  62.11302
345.7570  62.05124
345.6112  61.99685
345.4723  61.94235
345.3368  61.88377
345.2070  61.81688
345.0743  61.74757
344.9431  61.67875
344.8070  61.61275
344.6778  61.54425
344.5438  61.47732
344.4203  61.40891
344.2995  61.34400
344.1863  61.27494
344.0669  61.20607
343.9419  61.13537
343.8141  61.06821
343.6906  61.00229
343.5684  60.93585
343.4469  60.86828
343.3219  60.80157
343.1970  60.74091
343.0713  60.68761
342.9421  60.63764
342.8059  60.58620
342.6614  60.52781
342.5176  60.46622
342.3809  60.40245
342.2531  60.34063
342.1260  60.27975
341.9955  60.22467
341.8684  60.17256
341.7497  60.12595
341.6400  60.07927
341.5318  60.03427
>           South Atlantic Ocean: SOUTH AMERICA PLATE, set 01 isochron: 22
334.5166 -49.00987
334.5724 -49.09155
334.6288 -49.16588
334.6880 -49.23238
334.7533 -49.29057
334.8316 -49.38713
334.8334 -49.47491
334.8398 -49.59454
334.8330 -49.65862
334.8151 -49.71996
334.7707 -49.83534
>           South Atlantic Ocean: SOUTH AMERICA PLATE, set 02 isochron: 22
342.9059 -55.98206
342.8098 -56.08469
342.7209 -56.16853
342.6314 -56.22787
342.5355 -56.27014
>           South Atlantic Ocean: AFRICA PLATE, set 02 isochron: 22
357.6228  -3.78748
357.6355  -3.90232
357.6516  -4.00388
357.6738  -4.09143
357.7029  -4.17403
357.7348  -4.25240
357.7645  -4.32801
357.7845  -4.39883
357.7969  -4.46905
>           South Atlantic Ocean: AFRICA PLATE, set 02 isochron: 22
  5.8485 -47.84280
  5.9347 -47.91830
  6.0174 -47.99049
  6.0974 -48.05795
  6.1767 -48.12164
>           Indian Ocean: AFRICA PLATE, set 03 isochron: 22
 46.1786 -35.42585
 46.3477 -35.43431
 46.5127 -35.43931
 46.6797 -35.43690
 46.8571 -35.43274
 47.0456 -35.42725
>           Indian Ocean: AFRICA PLATE, set 07 isochron: 22
 56.7229 -22.00032
 56.8292 -22.10116
 56.9459 -22.19542
 57.0731 -22.29021
 57.2030 -22.38425
 57.3289 -22.48470
 57.4471 -22.57932
 57.5611 -22.66875
>           Indian Ocean: AFRICA PLATE, set 07 isochron: 22
 56.8160 -23.56577
 57.0055 -23.70142
 57.1702 -23.82552
 57.3134 -23.93498
 57.4490 -24.03867
 57.5886 -24.14478
 57.7346 -24.25523
 57.8854 -24.36684
 58.0438 -24.47007
 58.2044 -24.56618
>           Indian Ocean: AFRICA PLATE, set 08 isochron: 22
 55.5687   4.92314
 55.7221   4.85729
 55.8658   4.78301
 55.9963   4.70451
 56.1185   4.62872
 56.2373   4.56403
>           Indian Ocean: AUSTRALIA PLATE, set 11 isochron: 22
 62.6774  10.80489
 62.7924  10.81988
 62.8963  10.82110
 62.9879  10.80172
 63.0898  10.77829
 63.2015  10.75214
>           Indian Ocean: AUSTRALIA PLATE, set 13 isochron: 22
 78.8421 -12.24387
 79.0051 -12.28121
 79.1549 -12.31108
 79.2929 -12.33351
 79.4281 -12.35393
 79.5647 -12.37637
 79.7075 -12.39063
 79.8538 -12.40893
 80.0077 -12.41698
 80.1595 -12.43323
 80.3161 -12.43787
 80.4714 -12.44795
 80.6246 -12.45464
 80.7702 -12.46678
>           Indian Ocean: AUSTRALIA PLATE, set 13 isochron: 22
 81.3100 -18.69411
 81.5242 -18.73869
 81.7128 -18.77532
 81.8744 -18.79824
 82.0228 -18.82321
 82.1684 -18.85017
 82.3134 -18.89491
 82.4585 -18.94949
>           Indian Ocean: AUSTRALIA PLATE, set 13 isochron: 22
 83.6585 -19.62404
 83.8520 -19.67631
 84.0233 -19.71349
 84.1745 -19.73634
 84.3214 -19.75922
 84.4747 -19.78728
 84.6322 -19.81986
>           Indian Ocean: AUSTRALIA PLATE, set 13 isochron: 22
 92.1493  -2.38112
 92.3931  -2.35199
 92.6072  -2.32440
 92.7866  -2.30325
 92.9529  -2.28218
 93.1080  -2.26605
 93.2570  -2.25132
 93.3962  -2.24292
>           Indian Ocean: AUSTRALIA PLATE, set 14 isochron: 22
 91.9234  -7.45595
 92.1652  -7.40153
 92.3646  -7.35277
 92.5210  -7.31045
 92.6519  -7.27451
 92.7786  -7.24481
 92.9019  -7.22065
>           Indian Ocean: AUSTRALIA PLATE, set 14 isochron: 22
 93.9429  -5.25089
 94.2332  -5.22582
 94.4625  -5.20377
 94.6295  -5.18344
 94.7659  -5.16676
 94.8989  -5.15288
 95.0361  -5.13620
 95.1823  -5.11321
 95.3394  -5.08113
>           Indian Ocean: AUSTRALIA PLATE, set 14 isochron: 22
 95.6128  -2.95828
 95.8513  -2.97724
 96.0461  -2.98804
 96.2013  -2.99209
 96.3441  -2.99482
 96.5001  -3.00237
 96.6616  -3.01334
 96.8189  -3.02644
 96.9721  -3.03816
 97.1267  -3.05337
 97.2841  -3.06785
 97.4331  -3.07403
 97.5717  -3.06702
