>           Pacific Ocean: PACIFIC PLATE, set 06 isochron: 28
188.8377 -53.59860
188.8975 -53.51004
188.9552 -53.42839
189.0044 -53.35408
189.0502 -53.28212
189.0891 -53.21255
189.1328 -53.14581
189.1773 -53.08315
189.2314 -53.02121
189.2884 -52.95921
189.3522 -52.89584
189.4147 -52.83238
189.4792 -52.76758
189.5466 -52.70099
189.6181 -52.63089
189.6847 -52.55942
189.7430 -52.48869
189.7944 -52.41655
189.8541 -52.34731
189.9235 -52.27965
190.0054 -52.22258
190.0977 -52.16460
190.2046 -52.10953
190.3198 -52.05139
190.4267 -51.99828
190.5238 -51.94341
190.6189 -51.88763
190.7279 -51.82748
190.8431 -51.76550
190.9569 -51.70085
191.0637 -51.63873
191.1692 -51.57866
191.2775 -51.52330
191.3906 -51.46873
191.4967 -51.41669
191.5952 -51.36371
191.6799 -51.31416
191.7659 -51.26585
191.8527 -51.21924
191.9395 -51.16515
192.0234 -51.10486
192.1025 -51.03793
192.1858 -50.96872
192.2670 -50.89853
192.3503 -50.83087
192.4231 -50.76662
192.4960 -50.70494
192.5605 -50.64227
192.6320 -50.58000
192.6966 -50.51541
192.7667 -50.45384
192.8347 -50.39264
192.9173 -50.33134
193.0006 -50.26018
193.0881 -50.18309
193.1623 -50.10593
193.2345 -50.03667
193.3025 -49.97133
193.3809 -49.90950
193.4712 -49.85167
193.5732 -49.79828
193.6849 -49.74707
193.7918 -49.69263
193.8951 -49.63857
193.9902 -49.58537
194.0888 -49.53481
194.1866 -49.48648
194.2830 -49.43716
194.3823 -49.39011
194.4843 -49.34526
194.5897 -49.30400
194.6952 -49.26682
194.8007 -49.22548
194.9055 -49.18459
195.0047 -49.13861
195.0991 -49.09308
195.1796 -49.04152
195.2413 -48.98624
195.3058 -48.86447
195.3274 -48.79565
195.3552 -48.71939
195.3844 -48.64120
195.4191 -48.56522
195.4573 -48.49557
195.5024 -48.42906
195.5496 -48.36571
195.5926 -48.30365
195.6481 -48.18489
195.6647 -48.12637
>           Pacific Ocean: PACIFIC PLATE, set 06 isochron: 28
199.9035 -49.46053
199.9821 -49.39577
200.0668 -49.33321
200.1571 -49.27103
200.2501 -49.21013
200.3389 -49.15327
200.4271 -49.10089
200.5201 -49.05168
200.6200 -48.99829
200.7262 -48.93613
200.8325 -48.86473
200.9380 -48.78497
201.0365 -48.71384
201.1274 -48.65227
201.2023 -48.60164
201.3204 -48.49609
201.3877 -48.44394
201.4662 -48.39082
201.5550 -48.33624
201.6474 -48.27792
201.7369 -48.21999
201.8201 -48.16847
201.8958 -48.11832
201.9770 -48.06996
202.0673 -48.01505
202.1554 -47.96146
202.2415 -47.91203
202.3178 -47.86537
202.3983 -47.81818
202.4803 -47.76064
202.5733 -47.69742
202.6739 -47.63086
202.7725 -47.56889
202.8669 -47.50827
202.9627 -47.44191
203.0669 -47.36697
203.1738 -47.28627
203.2709 -47.20923
203.3618 -47.13634
203.4500 -47.06761
203.5437 -47.00310
203.6311 -46.94514
203.7123 -46.89569
203.7803 -46.84570
203.8490 -46.79327
203.9185 -46.73796
203.9962 -46.68929
204.0766 -46.64726
>           Pacific Ocean: PACIFIC PLATE, set 06 isochron: 28
208.7444 -48.24951
208.8223 -48.19151
208.8952 -48.13298
208.9709 -48.07533
209.0437 -48.01671
209.1222 -47.95610
209.2000 -47.89406
209.2722 -47.83192
209.3457 -47.77863
209.4102 -47.72902
209.4824 -47.68591
209.5567 -47.63670
209.6449 -47.58179
209.7400 -47.51457
209.8407 -47.44022
209.9440 -47.36154
>           Pacific Ocean: PACIFIC PLATE, set 06 isochron: 28
214.0687 -48.93350
214.1424 -48.88042
214.2139 -48.83003
214.2895 -48.78835
214.3631 -48.74429
214.4429 -48.70067
214.5241 -48.64503
214.6109 -48.58798
214.7018 -48.52718
214.7977 -48.46768
214.8963 -48.40208
214.9997 -48.32993
215.1024 -48.25629
215.2072 -48.18486
215.3078 -48.12126
215.4078 -48.05989
215.5091 -48.00357
215.6125 -47.94627
215.7166 -47.88843
215.8152 -47.82863
215.9082 -47.77066
215.9998 -47.71965
216.0948 -47.66859
216.1948 -47.62030
216.2954 -47.57057
216.3981 -47.52408
216.5009 -47.47188
216.6015 -47.41254
216.6903 -47.35030
216.7715 -47.29414
216.8513 -47.24835
216.9359 -47.20912
>           Pacific Ocean: PACIFIC PLATE, set 09 isochron: 28
166.4633 -59.62373
166.7193 -59.60919
166.8524 -59.60786
166.9862 -59.61006
167.1257 -59.61157
167.2700 -59.60674
167.4171 -59.59627
167.5572 -59.58540
167.6931 -59.57843
167.8277 -59.57254
167.9671 -59.56734
168.1100 -59.55898
168.2501 -59.55270
168.3854 -59.54538
168.5123 -59.54262
168.7565 -59.53677
168.8827 -59.53085
169.0159 -59.52567
169.1588 -59.52081
169.3017 -59.51666
169.4446 -59.50969
169.5833 -59.50589
169.7220 -59.50456
169.8600 -59.51030
169.9966 -59.51674
170.1263 -59.52104
170.2449 -59.52003
170.4690 -59.50359
170.7111 -59.48288
170.9490 -59.46396
171.1787 -59.43683
171.2952 -59.41779
171.4145 -59.39980
171.5373 -59.38289
171.6615 -59.36667
171.7864 -59.34828
171.9105 -59.32990
172.1504 -59.29303
>           Pacific Ocean: PACIFIC PLATE, set 09 isochron: 28
173.0440 -58.14555
173.1655 -58.12035
173.2904 -58.09470
173.4174 -58.06863
173.5415 -58.04477
173.6636 -58.02386
173.7906 -58.00368
173.9280 -57.98126
174.0778 -57.95923
174.2283 -57.94382
174.3725 -57.93503
174.5029 -57.92770
174.6257 -57.91521
174.7437 -57.89827
174.8595 -57.87947
174.9781 -57.86252
175.1030 -57.84521
175.2362 -57.82715
175.3680 -57.80682
175.4928 -57.78723
175.6094 -57.76872
175.7224 -57.75168
>           Pacific Ocean: PACIFIC PLATE, set 09 isochron: 28
176.4782 -57.13521
176.5907 -57.10284
176.7030 -57.07494
176.8161 -57.05078
176.9320 -57.02739
177.0513 -57.00246
177.1734 -56.97675
177.2961 -56.95172
>           Pacific Ocean: PACIFIC PLATE, set 09 isochron: 28
178.7198 -56.37419
178.8385 -56.33922
178.9579 -56.30959
179.0786 -56.28264
179.2014 -56.26068
179.3227 -56.24066
179.4414 -56.22217
179.5538 -56.19937
179.6634 -56.16882
179.7730 -56.13788
179.8875 -56.10460
180.0075 -56.07478
180.1296 -56.04456
180.2502 -56.01817
180.3730 -55.99414
180.4993 -55.97047
180.6304 -55.94797
180.7545 -55.92502
180.8725 -55.90442
180.9862 -55.88576
181.1083 -55.86710
181.2395 -55.84610
181.3762 -55.81961
181.5149 -55.78877
181.6537 -55.75638
181.7924 -55.72629
181.9214 -55.70203
182.0414 -55.68250
182.1572 -55.66373
182.2772 -55.64497
182.3993 -55.62660
182.5200 -55.60898
182.6387 -55.58585
182.7539 -55.55756
182.8495 -55.52925
182.9605 -55.49933
183.0729 -55.47298
183.1714 -55.45569
183.2699 -55.42020
183.3864 -55.39220
183.5356 -55.35437
183.7368 -55.32205
183.9401 -55.29008
184.0525 -55.26321
184.1711 -55.23074
184.2946 -55.19746
184.4174 -55.16536
184.5395 -55.13399
184.6539 -55.10541
184.7663 -55.07637
184.8787 -55.04697
184.9939 -55.01671
185.0986 -54.98720
185.2505 -54.91490
>           Pacific Ocean: PACIFIC PLATE, set 11 isochron: 28
216.6068  -8.77774
216.6262  -8.85232
216.6517  -8.93243
216.6808  -9.02287
216.7105  -9.10297
216.7375  -9.17476
216.7935  -9.27827
216.8164  -9.34312
216.8185  -9.36794
>           Pacific Ocean: PACIFIC PLATE, set 11 isochron: 28
202.0211  45.23147
202.0428  45.16404
202.0686  45.09285
202.0983  45.01906
202.1299  44.94477
202.1595  44.87477
202.1850  44.80801
202.2066  44.74392
202.2281  44.67841
202.2531  44.61180
202.2802  44.54451
202.3062  44.47831
202.3330  44.41086
202.3597  44.33988
202.3873  44.26515
202.4114  44.19061
202.4361  44.11691
202.4612  44.04524
202.4872  43.97326
202.5130  43.90449
202.5388  43.83794
202.5944  43.70977
202.6218  43.64414
202.6468  43.57576
202.6720  43.50731
202.6971  43.43626
202.7240  43.36430
202.7523  43.29064
202.7805  43.21870
202.8073  43.14882
202.8338  43.08104
202.8610  43.01435
>           Pacific Ocean: PACIFIC PLATE, set 11 isochron: 28
199.5617  42.18243
199.6108  42.11932
199.6598  42.05360
199.7095  41.98157
199.7551  41.90634
199.8007  41.82792
199.8441  41.75305
199.8889  41.68071
199.9289  41.60826
199.9668  41.53207
200.0075  41.45113
200.0585  41.36691
200.1117  41.28101
200.1606  41.19920
200.1978  41.12625
200.2392  41.05792
200.2827  40.98846
200.3324  40.91153
200.3745  40.83295
200.4221  40.74793
200.4731  40.66016
200.5353  40.56379
200.5918  40.47257
200.6470  40.38340
200.7015  40.29567
200.7630  40.19715
200.8320  40.09478
200.8976  39.99440
200.9555  39.90029
200.9982  39.80603
201.0332  39.71166
201.0642  39.62363
201.0944  39.54139
201.1233  39.46606
201.1542  39.39011
201.1900  39.31675
201.2314  39.24281
>           Pacific Ocean: PACIFIC PLATE, set 11 isochron: 28
201.9975  45.28945
201.9673  45.36293
201.9343  45.43438
201.9089  45.50476
201.8925  45.57603
201.8824  45.65108
201.8605  45.72703
201.8241  45.80579
201.7792  45.88300
201.7296  45.96202
201.6827  46.03759
201.6365  46.11108
201.5972  46.18013
201.5614  46.25150
201.5311  46.32468
201.5071  46.40070
201.4893  46.47464
201.4744  46.54944
201.4539  46.62415
201.4229  46.69688
201.3851  46.76616
201.3485  46.83484
201.3148  46.90771
201.2791  46.98715
201.2378  47.06981
201.1930  47.15281
201.1524  47.22860
201.1165  47.29860
201.0828  47.36754
201.0443  47.44064
201.0016  47.52116
200.9609  47.60064
200.9238  47.67812
200.8879  47.74565
200.8542  47.80469
200.8127  47.87160
200.7679  47.92767
200.7313  47.99020
200.6823  48.05591
200.6271  48.12666
200.5892  48.19312
200.5673  48.25718
200.5168  48.31886
200.4507  48.44097
200.4088  48.52684
200.3640  48.61261
200.3207  48.69776
200.2731  48.77362
200.2366  48.84520
200.1987  48.91345
200.1677  48.98119
200.1340  49.04928
200.1038  49.12044
200.0680  49.19651
200.0343  49.25978
199.9908  49.33208
199.9530  49.41645
>           Pacific Ocean: PACIFIC PLATE, set 11 isochron: 28??
213.5642 -27.86951
213.5870 -27.93367
213.6119 -27.99656
213.6409 -28.05880
213.6706 -28.12285
213.6976 -28.19055
213.7218 -28.26067
213.7418 -28.32952
213.7667 -28.39770
213.7923 -28.46829
213.8241 -28.54559
213.8566 -28.62776
>           Pacific Ocean: PACIFIC PLATE, set 11 isochron: 28??
216.1838 -34.55097
216.2322 -34.63078
216.2786 -34.70251
216.3194 -34.76617
216.3631 -34.82805
216.4032 -34.89045
216.4406 -34.95338
216.4704 -35.01514
>           Pacific Ocean: PACIFIC PLATE, set 11 isochron: 28??
221.6350 -42.41806
221.6626 -42.48540
221.7000 -42.54860
221.7526 -42.60663
221.8045 -42.66867
221.8530 -42.73474
221.8855 -42.80536
221.9090 -42.87489
>           Pacific Ocean: PACIFIC PLATE, set 11 isochron: 28??
212.0505   3.63558
212.0809   3.55878
212.1100   3.48616
212.1391   3.41213
212.1688   3.33110
212.2041   3.23960
212.2422   3.14461
212.2837   3.04750
212.3245   2.95037
>  Pacific Ocean: PAC PLATE, set 11 or PAC PLATE, set 12 isochron: 28??
196.0358  50.29899
196.2219  50.27342
196.3145  50.26103
196.4072  50.25145
196.5952  50.23982
196.6928  50.23130
196.7938  50.22105
196.9954  50.20535
197.1946  50.20005
197.3913  50.20095
197.4895  50.20365
197.6917  50.21067
197.7929  50.21249
197.8942  50.21431
197.9945  50.21363
198.0979  50.21122
198.3056  50.19629
198.4076  50.18969
198.5078  50.18507
198.6062  50.17904
198.8018  50.16479
198.9020  50.16187
199.0041  50.15889
199.1978  50.13958
199.2897  50.11449
199.3804  50.07393
199.4630  50.02523
199.5348  49.96840
199.5909  49.90857
199.6411  49.84362
199.6865  49.77610
199.7379  49.70303
199.7875  49.62787
199.8413  49.54859
199.8957  49.47060
199.9548  49.39277
>           Pacific Ocean: PACIFIC PLATE, set 11 isochron: 28??
215.9316  37.50056
215.9668  37.40791
215.9998  37.32076
216.0294  37.24242
216.0514  37.16955
216.0685  37.10163
216.0801  37.03478
216.0945  36.96394
216.1082  36.88857
216.1246  36.80642
216.1333  36.72588
216.1414  36.64637
216.1446  36.56791
216.1569  36.48709
216.1705  36.40508
216.1891  36.32861
216.2041  36.25487
216.2213  36.18275
216.2391  36.10773
216.2562  36.03207
216.2657  35.95354
216.2738  35.87550
216.2756  35.79738
216.2796  35.72201
216.2752  35.64489
216.2694  35.56658
>           Pacific Ocean: PACIFIC PLATE, set 11 isochron: 28??
215.9877  35.35702
216.0118  35.27491
216.0386  35.19102
216.0710  35.10591
216.1041  35.01899
216.1337  34.93887
216.1550  34.86382
216.1742  34.78812
216.1920  34.70488
216.2125  34.61755
216.2380  34.52898
216.2711  34.44202
216.3062  34.35383
216.3337  34.27189
216.3522  34.19393
216.3708  34.11819
216.3886  34.03719
216.4084  33.95493
216.4207  33.87437
216.4378  33.79720
216.4536  33.71762
216.4776  33.63390
216.4968  33.54720
216.5208  33.46331
216.5380  33.38575
216.5579  33.31281
216.5716  33.24155
216.5915  33.16789
216.6093  33.09358
216.6334  33.01629
216.6533  32.93892
216.6718  32.86032
216.6799  32.78283
216.6846  32.70527
216.6920  32.62234
216.7140  32.53224
216.7442  32.43676
216.7773  32.34413
216.7965  32.27388
216.8046  32.21066
216.7971  32.23314
>           Pacific Ocean: PACIFIC PLATE, set 12 isochron: 28
176.1063  47.38548
176.2066  47.38631
176.3050  47.38697
176.4960  47.38882
176.5896  47.39064
176.6825  47.39352
176.7735  47.39830
176.8621  47.40557
177.0403  47.42456
177.2213  47.43804
177.3961  47.44864
177.5723  47.46205
>           Pacific Ocean: PACIFIC PLATE, set 12 isochron: 28
179.4384  48.32516
179.5359  48.32221
179.6356  48.32146
179.7349  48.32198
179.9281  48.32288
180.0218  48.32313
180.2081  48.32329
180.3067  48.32230
180.4106  48.32168
180.5141  48.32175
180.6143  48.32333
180.7103  48.32536
180.9027  48.32473
181.0948  48.32011
181.2788  48.32261
181.3725  48.32615
181.4682  48.32900
181.5654  48.33151
181.7552  48.33872
181.9359  48.34782
>           Pacific Ocean: PACIFIC PLATE, set 12 isochron: 28
182.8608  48.48690
182.9520  48.47003
183.0434  48.45894
183.1348  48.45685
183.2295  48.45766
183.3281  48.45958
183.4311  48.45854
183.5350  48.46273
183.6358  48.46898
183.8351  48.48298
183.9364  48.48632
184.1280  48.49224
184.3056  48.49947
184.4878  48.49793
184.6732  48.49897
184.8579  48.51397
185.0435  48.52663
185.1357  48.53152
185.2277  48.53437
185.3206  48.53547
185.5020  48.53161
185.6917  48.53234
185.7912  48.53540
185.8885  48.53877
186.0658  48.55034
186.1663  48.55801
186.2699  48.56655
186.3715  48.56698
186.4709  48.56047
186.5792  48.56606
186.6205  48.57203
>           Pacific Ocean: PACIFIC PLATE, set 12 isochron: 28
178.6264  48.12276
178.8000  48.13054
178.9847  48.13770
179.0831  48.13930
>           Pacific Ocean: PACIFIC PLATE, set 12 isochron: 28??
182.8126  48.35802
182.6503  48.35132
182.4796  48.34921
182.3002  48.35201
182.1164  48.35042
181.9226  48.34256
>           Pacific Ocean: PACIFIC PLATE, set 12 isochron: 28??
177.7270  48.10673
177.8256  48.11289
177.9219  48.11570
178.0159  48.11589
178.2005  48.12021
178.2907  48.12548
>           Pacific Ocean: ANTARCTICA PLATE, set 01 isochron: 28
237.0326 -65.08717
237.1496 -65.01912
237.2733 -64.95271
237.4059 -64.88763
237.5461 -64.82625
237.6821 -64.76439
237.8063 -64.70474
237.9180 -64.64589
238.0207 -64.59045
238.1228 -64.53494
238.2228 -64.47540
238.3298 -64.41119
238.4423 -64.34267
238.5631 -64.27458
238.6916 -64.20572
238.8215 -64.13666
238.9506 -64.06500
239.0623 -63.99252
239.1684 -63.92603
239.2635 -63.86700
239.3620 -63.81525
239.4570 -63.76430
>           Pacific Ocean: ANTARCTICA PLATE, set 01 isochron: 28
249.0903 -63.15334
249.1954 -63.08603
249.2871 -63.01796
249.3614 -62.94971
249.4113 -62.88258
249.4496 -62.81688
249.4781 -62.75198
249.5080 -62.68661
249.5435 -62.62175
249.5922 -62.55742
249.6520 -62.49455
249.7180 -62.43153
249.7875 -62.36838
249.8604 -62.30284
249.9355 -62.23553
250.0084 -62.16644
250.0799 -62.09525
250.1564 -62.02028
250.2440 -61.93858
250.3517 -61.85608
250.4697 -61.77666
250.5918 -61.70622
250.6938 -61.64055
250.7847 -61.57573
250.8660 -61.50780
250.9557 -61.43506
251.0466 -61.36014
251.1397 -61.28439
251.2279 -61.21149
251.3202 -61.14008
251.4119 -61.06917
251.5126 -61.00015
251.6021 -60.93367
251.6944 -60.87146
251.7736 -60.80708
251.8632 -60.74120
251.9465 -60.67247
252.0382 -60.60425
252.1333 -60.53561
252.2423 -60.46748
252.3594 -60.39993
>           Pacific Ocean: ANTARCTICA PLATE, set 01 isochron: 28
260.5043 -61.57935
260.6667 -61.53766
>           Pacific Ocean: ANTARCTICA PLATE, set 01 isochron: 28
266.7902 -61.91154
266.9151 -61.84665
>           Pacific Ocean: ANTARCTICA PLATE, set 01 isochron: 28?
229.1239 -68.16620
229.2089 -68.10089
229.3013 -68.03914
229.4160 -67.97957
229.5417 -67.91853
229.6743 -67.85445
229.7988 -67.78865
>           Pacific Ocean: ANTARCTICA PLATE, set 06 isochron: 28
265.0313 -64.83472
265.1253 -64.77254
265.2324 -64.71115
265.3434 -64.64902
265.4552 -64.59004
265.5663 -64.53246
265.6912 -64.47833
265.8273 -64.41959
265.9606 -64.35767
266.0918 -64.29231
266.2202 -64.22804
266.3583 -64.16362
266.4996 -64.09872
>           Pacific Ocean: ANTARCTICA PLATE, set 06 isochron: 28
266.8811 -63.66899
266.9882 -63.61436
267.0931 -63.55743
267.1903 -63.49667
267.2805 -63.43080
267.3583 -63.36324
267.4319 -63.29581
267.5111 -63.23108
267.5998 -63.16782
>           Pacific Ocean: ANTARCTICA PLATE, set 06 isochron: 28?
268.9501 -61.92442
269.1750 -61.83302
>           Indian Ocean: AFRICA PLATE, set 03 isochron: 28
 47.5298 -33.36946
 47.7307 -33.32341
 47.9224 -33.28655
 48.1094 -33.26305
 48.2958 -33.25119
 48.4815 -33.24687
 48.6609 -33.24025
 48.8383 -33.23074
 49.0254 -33.21307
 49.2228 -33.19943
 49.4196 -33.18806
 49.6046 -33.18665
 49.7778 -33.18528
 49.9497 -33.18570
 50.1181 -33.17854
 50.2865 -33.16788
 50.4493 -33.15145
 50.6169 -33.13674
 50.7825 -33.12321
 50.9529 -33.10612
 51.1199 -33.07858
 51.2860 -33.03877
 51.4425 -32.99957
 51.5913 -32.96388
 51.7332 -32.93699
 51.8745 -32.91009
 52.0206 -32.88842
 52.1772 -32.86787
 52.3427 -32.85007
>           Indian Ocean: AFRICA PLATE, set 03 isochron: 28??
 39.1346 -37.81114
 39.3003 -37.84956
 39.4599 -37.88788
 39.6139 -37.93001
 39.7653 -37.97643
>           Indian Ocean: AFRICA PLATE, set 03 isochron: 28??
 38.2932 -37.95293
 38.4465 -37.99788
 38.6074 -38.03725
 38.7781 -38.06938
 38.9550 -38.09805
>           Indian Ocean: AFRICA PLATE, set 07 isochron: 28
 53.3900 -21.38760
 53.5123 -21.51470
 53.6340 -21.62811
 53.7578 -21.72331
 53.8877 -21.81259
 54.0231 -21.89983
 54.1565 -21.99413
 54.2823 -22.10000
 54.4013 -22.21680
 54.5216 -22.34316
 54.6496 -22.45975
 54.7844 -22.57426
 54.9248 -22.67964
 55.0659 -22.78430
 55.2097 -22.88117
 55.3528 -22.96708
 55.4910 -23.04332
 55.6230 -23.11119
>           Indian Ocean: AFRICA PLATE, set 07 isochron: 28
 51.6737 -27.71806
 51.8847 -27.87108
 52.0640 -28.00122
 52.2011 -28.11540
 52.3172 -28.22223
 52.4258 -28.33390
 52.5372 -28.44363
>           Indian Ocean: AFRICA PLATE, set 07 isochron: 28
 51.6744 -29.49430
 51.8485 -29.59466
 52.0166 -29.68948
 52.1763 -29.77939
 52.3257 -29.86804
 52.4688 -29.95966
 52.6023 -30.05787
 52.7412 -30.15239
 52.8864 -30.24499
 53.0469 -30.32361
 53.2059 -30.39973
 53.3586 -30.47461
 53.5024 -30.55967
 53.6436 -30.65063
>           Indian Ocean: AFRICA PLATE, set 09 isochron: 28
 54.8346 -17.27604
 55.1978 -17.65361
 55.4624 -17.92231
 55.6295 -18.07389
 55.7484 -18.16135
>           Indian Ocean: AFRICA PLATE, set 10 isochron: 28
 53.7537 -18.49268
 53.9338 -18.72082
 54.0911 -18.90536
 54.2227 -19.04768
 54.3423 -19.16818
 54.4543 -19.28471
 54.5616 -19.39593
>           Indian Ocean: ANTARCTICA PLATE, set 04 isochron: 28
 45.2626 -44.01018
 45.4483 -43.96114
 45.6359 -43.92195
 45.8242 -43.89372
 46.0098 -43.87598
 46.1913 -43.85925
 46.3777 -43.84204
 46.5744 -43.82178
 46.7780 -43.79744
 46.9782 -43.77408
 47.1742 -43.75328
 47.3716 -43.74049
 47.5670 -43.72969
 47.7575 -43.71741
 47.9453 -43.70465
 48.1358 -43.69188
 48.3270 -43.68411
 48.5085 -43.67284
 48.6873 -43.66161
 48.8750 -43.64687
 49.0794 -43.63205
 49.2942 -43.61714
 49.4999 -43.60225
 49.6953 -43.59544
 49.8747 -43.59021
 50.0542 -43.58600
 50.2323 -43.57227
 50.4173 -43.55040
 50.5987 -43.52199
 50.7801 -43.49559
 50.9567 -43.47325
 51.1368 -43.45744
 51.3204 -43.43855
 51.5094 -43.41699
>           Indian Ocean: ANTARCTICA PLATE, set 10 isochron: 28
 54.3786 -42.12541
 54.6768 -42.23808
 54.9294 -42.33463
 55.1316 -42.41080
 55.3027 -42.47914
 55.4732 -42.53925
 55.6499 -42.59628
 55.8382 -42.65735
 56.0272 -42.72548
 56.2120 -42.80472
 56.3871 -42.88182
 56.5555 -42.95320
 56.7192 -43.01424
>           Indian Ocean: ANTARCTICA PLATE, set 10 isochron: 28
 56.5388 -46.22096
 56.7266 -46.30675
 56.9181 -46.39473
 57.1124 -46.48447
 57.3061 -46.57071
 57.4971 -46.65349
 57.6839 -46.73607
 57.8658 -46.81616
 58.0422 -46.89943
 58.2152 -46.98631
 58.3869 -47.08154
>           Indian Ocean: ANTARCTICA PLATE, set 10 isochron: 28
 57.4458 -48.33554
 57.7036 -48.45372
 57.9360 -48.55025
 58.1438 -48.62218
 58.3417 -48.68938
 58.5369 -48.75783
 58.7272 -48.83122
 58.9134 -48.90176
 59.1058 -48.97133
 59.3045 -49.04082
 59.5039 -49.10519
 59.6971 -49.16582
 59.8891 -49.21909
 60.0840 -49.27084
>           Indian Ocean: AUSTRALIA PLATE, set 12 isochron: 28
 72.0969  -5.98332
 72.2265  -6.00137
 72.3562  -6.01456
 72.4837  -6.03053
 72.6071  -6.05345
 72.7286  -6.09163
 72.8500  -6.13051
 72.9728  -6.16451
 73.0941  -6.19437
 73.2141  -6.22699
>           Indian Ocean: AUSTRALIA PLATE, set 12 isochron: 28
 73.2865  -7.31054
 73.4196  -7.34859
 73.5612  -7.38863
 73.7200  -7.42513
 73.8878  -7.45813
 74.0577  -7.48143
 74.2109  -7.50481
 74.3524  -7.52549
 74.4876  -7.55312
 74.6270  -7.58003
 74.7685  -7.60831
 74.9106  -7.63037
 75.0562  -7.65379
 75.2060  -7.67374
 75.3523  -7.69093
 75.4882  -7.70955
 75.6144  -7.73721
 75.7393  -7.78076
 75.8683  -7.82291
 76.0063  -7.85258
 76.1526  -7.86770
 76.3065  -7.88001
 76.4632  -7.89712
>           Indian Ocean: AUSTRALIA PLATE, set 13 isochron: 28
 76.7309  -7.75900
 76.8744  -7.78658
 77.0118  -7.81902
 77.1435  -7.84734
 77.2697  -7.86187
 77.3972  -7.86535
 77.5241  -7.87298
 77.6634  -7.89020
 77.8125  -7.91291
 77.9734  -7.93002
 78.1238  -7.93337
 78.2624  -7.92712
 78.3926  -7.92160
 78.5264  -7.93265
 78.6644  -7.96162
 78.8025  -8.00298
>           Indian Ocean: AUSTRALIA PLATE, set 13 isochron: 28
 82.2933 -11.03436
 82.4693 -11.04169
 82.6260 -11.04635
 82.7646 -11.05247
 82.8983 -11.05657
 83.0405 -11.07021
 83.1902 -11.08176
 83.3378 -11.08372
 83.4778 -11.07137
 83.6094 -11.05905
 83.7417 -11.05359
 83.8789 -11.05357
 84.0224 -11.05215
 84.1658 -11.05277
 84.3058 -11.05888
 84.4251 -11.06920
 84.5110 -11.07968
 84.5574 -11.05344
>           Indian Ocean: AUSTRALIA PLATE, set 13 isochron: 28
 91.2096   0.65606
 91.4245   0.63976
 91.6061   0.62677
 91.7558   0.61850
 91.8938   0.60598
 92.0428   0.59561
 92.2015   0.58598
>           Indian Ocean: AUSTRALIA PLATE, set 14 isochron: 28
 93.1787 -13.30800
 93.4351 -13.28984
 93.6388 -13.27656
 93.7919 -13.26082
 93.9228 -13.25201
 94.0572 -13.23844
 94.1930 -13.23164
 94.3260 -13.22078
 94.4604 -13.20788
 94.5983 -13.19158
 94.7452 -13.17794
 94.8941 -13.16768
 95.0382 -13.15539
 95.1740 -13.13905
>           Indian Ocean: AUSTRALIA PLATE, set 16 isochron: 28
152.4254 -34.21239
152.4740 -34.33349
152.5322 -34.46147
152.6001 -34.59633
>           Indian Ocean: AUSTRALIA PLATE, set 16 isochron: 28??
152.1871 -35.07038
152.2997 -35.29009
152.4006 -35.48106
152.4895 -35.64042
152.5704 -35.78183
152.6486 -35.91674
152.7268 -36.04919
152.8099 -36.18031
152.8971 -36.31239
152.9863 -36.44649
153.0741 -36.58313
153.1640 -36.72291
153.2554 -36.86366
>           Indian Ocean: AUSTRALIA PLATE, set 16 isochron: 28??
155.3379 -43.03874
155.4327 -43.22292
155.5212 -43.38759
155.6033 -43.53271
>           Indian Ocean: AUSTRALIA PLATE, set 16 isochron: 28??
153.6230 -44.75061
153.7984 -45.00520
153.9382 -45.21390
154.0416 -45.37680
>           Indian Ocean: AUSTRALIA PLATE, set 16 isochron: 28??
154.5006 -46.49368
154.6417 -46.72729
154.7640 -46.92889
154.8649 -47.09322
154.9586 -47.23192
155.0537 -47.36131
155.1503 -47.48799
155.2511 -47.61581
155.3524 -47.74893
155.4599 -47.88455
155.5639 -48.02074
155.6660 -48.14822
155.7594 -48.26794
155.8481 -48.38141
>           Indian Ocean: AUSTRALIA PLATE, set 17 isochron: 28
155.5224 -32.75365
155.6124 -32.88136
155.6999 -33.00657
155.7847 -33.12933
>           Indian Ocean: AUSTRALIA PLATE, set 17 isochron: 28??
155.5715 -33.59798
155.7394 -33.74261
155.8924 -33.87760
156.0318 -34.00416
156.1607 -34.13274
156.2861 -34.26167
156.4040 -34.38862
156.5150 -34.51129
156.6212 -34.63087
156.7255 -34.74861
>           Indian Ocean: AUSTRALIA PLATE, set 17 isochron: 28??
157.2118 -37.43374
157.3877 -37.62276
157.5367 -37.78754
157.6564 -37.92700
157.7589 -38.05344
157.8573 -38.17635
157.9537 -38.29631
158.0515 -38.41551
158.1555 -38.53622
158.2719 -38.65956
158.3989 -38.78392
>           Indian Ocean: AUSTRALIA PLATE, set 17 isochron: 28??
159.5411 -39.81583
159.7392 -40.02539
159.9109 -40.20241
160.0557 -40.34697
>           Indian Ocean: AUSTRALIA PLATE, set 17 isochron: 28??
158.1158 -42.86523
158.1988 -42.98036
158.2805 -43.09683
158.3676 -43.21873
158.4567 -43.34593
158.5451 -43.47742
158.6301 -43.60811
158.7225 -43.74107
158.8370 -43.87794
158.9722 -44.02068
159.1137 -44.16309
159.2422 -44.29909
159.3467 -44.42464
159.4381 -44.54486
159.5280 -44.66434
159.6248 -44.78510
159.7237 -44.90660
159.8240 -45.03131
159.9257 -45.16026
>           Indian Ocean: AUSTRALIA PLATE, set 17 isochron: 28??
160.2085 -46.03757
160.3337 -46.17715
160.4468 -46.30971
160.5526 -46.43471
160.6576 -46.55511
160.7676 -46.67480
160.8721 -46.79276
160.9713 -46.90909
