>           Pacific Ocean: PACIFIC PLATE, set 06 isochron: 25
194.0835 -52.21465
194.1738 -52.15877
194.2640 -52.10493
194.3542 -52.05363
194.4403 -51.99493
194.5250 -51.93233
194.6055 -51.86662
194.6804 -51.80382
194.7512 -51.74223
194.8289 -51.68402
194.9122 -51.62617
195.0010 -51.56911
195.0829 -51.50458
195.1698 -51.43608
195.2530 -51.36267
195.3328 -51.28871
195.4014 -51.21336
>           Pacific Ocean: PACIFIC PLATE, set 06 isochron: 25
195.8011 -51.08385
195.8817 -51.02170
195.9629 -50.96475
196.0385 -50.90993
196.1107 -50.85767
196.1758 -50.80360
>           Pacific Ocean: PACIFIC PLATE, set 06 isochron: 25
202.4995 -50.34669
202.5746 -50.28447
202.6558 -50.22395
202.7461 -50.16559
202.8370 -50.10805
202.9314 -50.04684
203.0258 -49.98648
203.1153 -49.92421
203.1965 -49.86906
203.2708 -49.81206
203.3514 -49.75227
203.4368 -49.68521
203.5229 -49.61488
203.6027 -49.54762
203.6791 -49.48302
203.7610 -49.41693
203.8471 -49.34576
203.9395 -49.27042
204.0297 -49.20317
204.1157 -49.14357
204.1893 -49.09068
204.2525 -49.03273
204.3163 -48.97519
204.3885 -48.91899
204.4691 -48.86682
204.5516 -48.81641
204.6294 -48.76552
204.7050 -48.71362
204.7745 -48.65248
204.8488 -48.58574
204.9245 -48.51755
205.0078 -48.45433
205.0918 -48.39336
205.1792 -48.32906
205.2577 -48.26558
205.3264 -48.21040
205.3978 -48.16077
205.4735 -48.10081
205.5450 -48.04312
205.6359 -47.98071
205.7137 -47.93317
205.7733 -47.87856
205.8330 -47.82622
205.8990 -47.77666
205.9233 -47.73965
>           Pacific Ocean: PACIFIC PLATE, set 06 isochron: 25
211.9082 -49.44429
211.9687 -49.38857
212.0368 -49.32916
212.1138 -49.26332
212.1992 -49.19560
212.2867 -49.13051
212.3693 -49.07173
212.4470 -49.02065
212.5171 -48.96994
212.5858 -48.91826
212.6517 -48.86241
>           Pacific Ocean: PACIFIC PLATE, set 06 isochron: 25
217.2634 -50.37265
217.3190 -50.30818
217.3760 -50.23920
217.4357 -50.16519
217.4941 -50.09244
217.5461 -50.02315
217.5954 -49.95599
217.6517 -49.88651
217.7198 -49.81424
217.7899 -49.74319
217.8552 -49.67566
217.9198 -49.60893
217.9830 -49.54076
218.0378 -49.46973
218.0864 -49.40044
218.1414 -49.33061
218.2115 -49.26160
218.2872 -49.18884
218.3587 -49.11644
218.4274 -49.04253
218.4997 -48.96948
218.5747 -48.89581
218.6504 -48.82114
218.7184 -48.74681
218.7844 -48.67191
218.8413 -48.59825
218.8976 -48.52544
218.9504 -48.45436
219.0045 -48.38597
219.0572 -48.31937
>           Pacific Ocean: PACIFIC PLATE, set 09 isochron: 25
170.0516 -60.90558
170.1857 -60.87219
170.3189 -60.84077
170.4493 -60.81541
170.5741 -60.79616
170.8266 -60.75961
170.9661 -60.73625
171.1118 -60.71423
171.2581 -60.69968
171.3954 -60.68782
171.6465 -60.66650
171.9032 -60.65166
172.0406 -60.63571
172.1836 -60.60677
172.3237 -60.56581
172.4597 -60.52002
172.5901 -60.47485
172.7176 -60.43167
>           Pacific Ocean: PACIFIC PLATE, set 09 isochron: 25
173.0055 -59.54530
173.1222 -59.51260
173.2387 -59.48300
173.3559 -59.45764
173.5966 -59.42029
173.8359 -59.38252
173.9539 -59.35741
174.0837 -59.32628
174.2246 -59.29086
174.3750 -59.26144
174.5164 -59.24553
174.6489 -59.24168
174.7758 -59.24176
174.9035 -59.23936
175.0339 -59.23482
175.2974 -59.22572
175.4340 -59.22368
175.5713 -59.22733
175.7079 -59.23665
175.8418 -59.24814
175.9729 -59.25674
176.1019 -59.26039
176.2302 -59.26331
176.3593 -59.26552
176.4931 -59.26633
176.6305 -59.26180
176.7762 -59.25191
176.9260 -59.23839
>           Pacific Ocean: PACIFIC PLATE, set 09 isochron: 25
177.0325 -58.66666
177.2637 -58.61578
177.3837 -58.58612
177.5030 -58.55388
177.6252 -58.51579
177.7487 -58.47588
177.8763 -58.43810
178.0033 -58.40649
178.1282 -58.37335
178.2495 -58.33615
178.3687 -58.29414
>           Pacific Ocean: PACIFIC PLATE, set 09 isochron: 25
180.3806 -57.31468
180.5331 -57.32689
180.6789 -57.33113
180.8191 -57.32407
180.9517 -57.30873
181.0849 -57.28737
181.2168 -57.26413
181.3493 -57.24088
181.4755 -57.21910
181.5963 -57.19766
181.7135 -57.17436
181.8322 -57.15292
181.9494 -57.13297
182.1743 -57.09531
182.2853 -57.07155
182.3998 -57.04399
182.5199 -57.01909
182.6427 -56.99719
182.7668 -56.98096
182.8980 -56.96246
183.0396 -56.94321
183.1880 -56.92242
183.3323 -56.90312
183.4704 -56.88342
183.6086 -56.85918
183.7488 -56.83070
183.8854 -56.80107
184.0152 -56.77521
184.1380 -56.75430
184.2593 -56.73914
184.3794 -56.72507
184.5008 -56.71370
184.6264 -56.69887
184.7555 -56.68176
184.8894 -56.66005
185.0226 -56.63754
185.1537 -56.61696
185.2779 -56.59749
185.4015 -56.57687
185.5264 -56.55087
185.6569 -56.52101
185.7825 -56.49306
185.9094 -56.46892
186.0371 -56.44862
186.1717 -56.42717
186.3056 -56.40685
186.4368 -56.38574
186.5700 -56.36346
186.7011 -56.34155
186.8336 -56.32158
186.9641 -56.30507
187.1001 -56.28700
187.2410 -56.26353
187.3819 -56.23460
187.5206 -56.20059
187.6558 -56.16499
>           Pacific Ocean: PACIFIC PLATE, set 11 isochron: 25
215.1120 -28.05929
215.1451 -28.16945
215.1769 -28.26541
215.2122 -28.34472
215.2489 -28.41534
215.2932 -28.48534
215.3375 -28.55956
215.3811 -28.63801
215.4198 -28.71458
215.4537 -28.78802
215.4876 -28.86446
215.5180 -28.95061
215.5484 -29.04889
215.5850 -29.14954
215.6279 -29.25069
215.6763 -29.34203
215.7144 -29.42657
215.7441 -29.50315
215.7656 -29.57848
>           Pacific Ocean: PACIFIC PLATE, set 11 isochron: 25
217.5266 -34.01248
217.5590 -34.09048
217.5977 -34.16267
217.6434 -34.22905
217.6884 -34.29536
217.7279 -34.35704
217.7902 -34.46469
217.8650 -34.58309
217.8995 -34.65599
217.9403 -34.73228
217.9791 -34.80336
218.0206 -34.87037
218.0497 -34.93502
218.0684 -35.00078
>           Pacific Ocean: PACIFIC PLATE, set 11 isochron: 25
222.6346 -41.86531
222.6919 -41.93791
222.7459 -42.01099
222.7978 -42.08449
222.8497 -42.15587
222.9065 -42.22870
222.9605 -42.30348
223.0207 -42.37820
223.0741 -42.44617
223.1315 -42.50789
223.1835 -42.57004
223.2389 -42.63625
>           Pacific Ocean: PACIFIC PLATE, set 11 isochron: 25
218.0014  -6.43485
218.0268  -6.61746
218.0419  -6.76048
218.0453  -6.86319
218.0500  -6.94923
218.0576  -7.03248
218.0762  -7.11086
218.0865  -7.17953
218.0997  -7.24471
218.1100  -7.31129
218.1273  -7.38477
218.1487  -7.45894
218.1646  -7.53517
218.1860  -7.60792
218.2025  -7.68759
218.2232  -7.77141
218.2384  -7.86350
218.2522  -7.95351
218.2639  -8.03865
218.2756  -8.11685
218.2894  -8.19365
218.3066  -8.26905
218.3280  -8.34859
218.3543  -8.43158
218.3819  -8.51939
218.4068  -8.60165
218.4248  -8.67767
218.4386  -8.74746
218.4517  -8.82067
218.4703  -8.89940
218.4952  -8.98503
218.5263  -9.07616
218.5588  -9.16726
218.5872  -9.25903
218.6072  -9.35007
218.6210  -9.45074
218.6361  -9.56171
218.6568  -9.67817
218.6837  -9.78977
218.7113  -9.89172
218.7383  -9.98810
218.7611 -10.08033
218.7832 -10.17185
218.8039 -10.26058
218.8267 -10.34724
218.8495 -10.43317
218.8723 -10.51702
218.8930 -10.60291
218.9144 -10.68671
218.9337 -10.77666
218.9517 -10.86727
218.9626 -10.95922
218.9764 -11.04430
218.9888 -11.12798
219.0047 -11.21300
219.0191 -11.30964
219.0371 -11.41241
219.0605 -11.51789
219.0806 -11.61170
219.0992 -11.70000
219.1116 -11.78895
219.1253 -11.88542
>           Pacific Ocean: PACIFIC PLATE, set 11 isochron: 25
221.6054  21.62138
221.6261  21.49464
221.6426  21.38152
>           Pacific Ocean: PACIFIC PLATE, set 11 isochron: 25
202.1819  51.99495
202.1969  51.92986
202.2165  51.86582
202.2420  51.80323
202.2737  51.74092
202.3054  51.67737
202.3351  51.61226
202.3615  51.54613
202.3867  51.48110
202.4130  51.41677
202.4406  51.35369
202.4702  51.29045
202.4982  51.22802
202.5269  51.16531
202.5570  51.10181
202.5908  51.03648
202.6224  50.97109
202.6508  50.90585
202.6730  50.84062
202.6969  50.77462
202.7213  50.70848
202.7496  50.64167
202.7774  50.57359
202.8056  50.50473
202.8355  50.43608
202.8689  50.36674
202.9061  50.29467
202.9427  50.22163
202.9751  50.14960
203.0024  50.08153
203.0265  50.01477
203.0520  49.94926
203.0799  49.88295
203.1259  49.77010
203.1439  49.71032
203.1888  49.64159
203.2164  49.57903
203.2430  49.50754
203.2758  49.44815
203.3034  49.38758
203.3369  49.30865
203.3596  49.24903
203.3853  49.18111
203.4122  49.11584
203.4683  48.99290
203.4954  48.93019
203.5225  48.86441
203.5512  48.79516
203.5812  48.72811
203.6119  48.66202
203.6423  48.59601
203.6718  48.52759
203.6989  48.46059
203.7237  48.39550
203.7504  48.33099
203.7798  48.26525
203.8113  48.19941
203.8401  48.13370
203.8684  48.06704
203.8986  47.99630
203.9303  47.92365
203.9615  47.85649
204.0038  47.77662
204.0259  47.70839
204.0493  47.65260
204.0851  47.58099
204.1366  47.46301
204.1693  47.38779
204.2037  47.31422
204.2359  47.24497
204.2670  47.17491
204.2983  47.10419
204.3307  47.03266
204.3635  46.96449
204.3919  46.89996
204.4188  46.83666
204.4466  46.77126
204.4787  46.70385
204.5134  46.63540
204.5478  46.56650
204.5794  46.49643
204.6087  46.42690
204.6386  46.35930
204.6684  46.29493
204.6988  46.23252
204.7277  46.17230
204.7577  46.11161
204.7860  46.05015
204.8100  45.98758
204.8316  45.92555
204.8821  45.80039
204.9116  45.73482
204.9402  45.66656
204.9657  45.59623
204.9951  45.51954
205.0285  45.43872
205.0653  45.35659
205.0979  45.28215
205.1274  45.21579
205.1550  45.15503
205.1813  45.09520
205.2244  44.97421
205.2438  44.91375
205.2938  44.78955
205.3264  44.72520
205.3600  44.66093
205.3902  44.59649
205.4173  44.53089
205.4399  44.46416
205.4629  44.39582
205.4862  44.32682
205.5166  44.25625
205.5500  44.18648
205.5838  44.11990
205.6103  44.05610
205.6564  43.92722
205.6836  43.86126
205.7119  43.79636
205.7416  43.73292
>           Pacific Ocean: PACIFIC PLATE, set 11 isochron: 25
202.2794  42.39863
202.3167  42.33608
202.3553  42.27383
202.3924  42.21256
202.4265  42.15130
202.4566  42.08926
202.4874  42.02480
202.5211  41.96019
202.5591  41.89320
202.5994  41.82570
202.6380  41.75618
202.6730  41.68987
202.7054  41.62532
202.7386  41.56112
202.7758  41.49414
202.8145  41.42547
202.8545  41.35829
202.8914  41.29292
202.9276  41.22750
202.9606  41.15907
202.9931  41.08834
203.0237  41.01717
203.0559  40.94854
203.0902  40.88160
203.1266  40.81578
203.1650  40.74759
203.2042  40.67730
203.2433  40.60509
203.2787  40.53472
203.3125  40.46412
203.3477  40.39279
203.3851  40.31890
203.4223  40.24697
203.4552  40.17813
203.4860  40.11172
203.5186  40.04295
203.5564  39.97276
203.5961  39.90123
203.6330  39.83338
203.6644  39.76743
203.6945  39.70539
203.7271  39.64219
203.7633  39.57822
203.7998  39.51192
203.8344  39.44664
203.8668  39.38115
203.8982  39.31561
>           Pacific Ocean: PACIFIC PLATE, set 11 isochron: 25
218.5306  37.76651
218.5567  37.66703
218.5863  37.57409
218.6173  37.49049
218.6525  37.41176
218.6828  37.34073
218.7097  37.27294
218.7303  37.20680
218.7530  37.13499
218.7791  37.05922
218.8080  36.98171
218.8349  36.90243
218.8603  36.82309
218.8858  36.74087
218.9084  36.65799
218.9282  36.57111
218.9481  36.48186
218.9756  36.39479
219.0045  36.31211
219.0321  36.23381
219.0568  36.15829
219.0774  36.08325
219.0980  36.01606
219.1075  35.95221
219.1252  35.83059
219.1930  35.75748
>           Pacific Ocean: PACIFIC PLATE, set 11 isochron: 25
218.8529  34.77264
218.8568  34.68477
218.8684  34.60030
218.8848  34.52208
218.8998  34.44666
218.9107  34.37462
218.9251  34.30252
218.9367  34.22746
218.9489  34.14946
218.9564  34.07025
218.9659  33.99152
218.9733  33.91447
218.9828  33.83617
218.9985  33.76188
219.0226  33.68808
219.0453  33.61829
219.0631  33.54613
219.0712  33.47157
219.0870  33.39051
219.1020  33.30648
219.1303  33.22178
219.1501  33.13932
219.1763  33.06031
219.1906  32.98711
219.2022  32.92146
219.2035  32.86106
>           Pacific Ocean: PACIFIC PLATE, set 11 isochron: 25
212.2004  30.07009
212.2300  29.98111
212.2617  29.89569
212.2934  29.81568
212.3286  29.73436
212.3602  29.64996
212.3891  29.55269
212.4110  29.44683
212.4246  29.34028
212.4348  29.24829
212.4478  29.17205
212.4733  29.10001
212.5043  29.02545
212.5325  28.94473
212.5580  28.86641
212.5869  28.78617
212.6207  28.70465
212.6482  28.61631
212.6716  28.53036
212.6915  28.44928
212.7135  28.38043
212.7265  28.31708
212.7595  28.20748
212.7995  28.09034
212.8139  28.02247
212.8310  27.95705
212.8793  27.85263
212.9005  27.71593
212.9100  27.62681
212.9327  27.53944
212.9526  27.46257
212.9746  27.38811
212.9834  27.31361
212.9985  27.23844
213.0218  27.15078
213.0607  27.14886
>           Pacific Ocean: PACIFIC PLATE, set 11 isochron: 25?
215.5774   3.92727
215.6134   3.83513
215.6473   3.74229
215.6805   3.64734
215.7102   3.54191
215.7427   3.43578
215.7773   3.33312
215.8146   3.24580
215.8478   3.16477
215.8755   3.08793
215.9011   3.01177
215.9295   2.93703
215.9599   2.86295
215.9897   2.78748
216.0173   2.71340
216.0436   2.64072
216.0699   2.56874
216.0927   2.49676
216.1114   2.42336
216.1252   2.34927
>           Pacific Ocean: PACIFIC PLATE, set 11 isochron: 25??
212.6468  26.53197
212.6814  26.46373
212.7249  26.38668
212.7705  26.29390
212.8083  26.19103
212.8386  26.09188
212.8640  26.00771
212.8958  25.93920
212.9255  25.87566
212.9579  25.80641
212.9834  25.72012
213.0088  25.61990
213.0370  25.51711
213.0686  25.42052
213.0996  25.33334
213.1279  25.25179
213.1540  25.17522
213.1802  25.09926
213.2064  25.02258
213.2326  24.94210
213.2587  24.85709
213.2821  24.76441
213.3061  24.67041
213.3308  24.57253
213.3583  24.47134
213.3872  24.36374
213.4168  24.25987
213.4457  24.16739
213.4739  24.08506
213.5014  24.00587
213.5262  23.92471
213.5427  23.84158
213.5515  23.75780
>           Pacific Ocean: PACIFIC PLATE, set 12 isochron: 25
175.4047  48.31233
175.5873  48.31134
175.6824  48.31079
175.7760  48.31034
175.9621  48.31016
176.0579  48.30844
176.1555  48.30661
176.2547  48.30702
176.3538  48.30894
176.4529  48.31153
>           Pacific Ocean: PACIFIC PLATE, set 12 isochron: 25
177.9517  49.20829
178.0523  49.20862
178.2442  49.21711
178.4436  49.22678
178.5469  49.23135
178.6464  49.23600
178.8427  49.24472
178.9458  49.24860
179.0513  49.25353
179.1560  49.26051
179.2584  49.26850
179.4535  49.28630
179.6465  49.30121
179.7436  49.30574
179.8420  49.30969
179.9408  49.31284
180.1351  49.32293
180.3204  49.33854
>           Pacific Ocean: PACIFIC PLATE, set 12 isochron: 25
176.9337  48.51414
177.1262  48.52408
177.3054  48.52501
177.4835  48.51929
177.6680  48.51618
177.7616  48.51535
>           Pacific Ocean: PACIFIC PLATE, set 12 isochron: 25
180.0410  49.54133
180.1362  49.54231
180.2323  49.54248
180.3298  49.54093
180.4274  49.53879
180.6185  49.53589
180.8060  49.53787
180.9920  49.53998
181.1828  49.54187
181.3775  49.54677
181.5627  49.55309
181.7438  49.55539
181.9256  49.55746
182.0160  49.56075
>           Pacific Ocean: PACIFIC PLATE, set 12 isochron: 25?
193.8558  52.23677
193.9690  52.24061
194.0828  52.24272
194.1967  52.24266
194.3126  52.24177
194.4278  52.24172
194.5410  52.24338
194.6535  52.24589
194.7645  52.24586
194.8797  52.24197
194.9935  52.23766
195.1108  52.23634
195.2246  52.24013
195.3412  52.24732
195.4551  52.25154
195.5780  52.25023
195.7064  52.23911
195.8396  52.22966
195.9673  52.22235
196.0950  52.22145
196.2262  52.21843
196.3580  52.21324
196.4801  52.20506
196.5939  52.19604
196.8195  52.18742
196.9347  52.19123
197.0493  52.19588
197.1604  52.19967
197.2714  52.19749
197.3832  52.19446
197.5941  52.18880
197.7850  52.17975
197.8786  52.16985
>           Pacific Ocean: PACIFIC PLATE, set 12 isochron: 25??
182.8316  49.57978
182.6468  49.58337
182.4538  49.58830
182.2832  49.58138
182.1415  49.57349
182.0596  49.57558
>           Pacific Ocean: ANTARCTICA PLATE, set 01 isochron: 25
231.6197 -65.39418
231.7322 -65.32899
>           Pacific Ocean: ANTARCTICA PLATE, set 01 isochron: 25
244.6156 -62.35428
244.7346 -62.27931
244.8408 -62.20840
244.9346 -62.14056
245.0235 -62.07158
245.1068 -61.99852
245.1818 -61.92332
245.2491 -61.84959
245.3179 -61.78096
245.3895 -61.71645
245.4652 -61.65379
245.5423 -61.58734
245.6222 -61.51707
245.7035 -61.44170
245.7792 -61.36714
245.8555 -61.29308
245.9327 -61.22252
246.0146 -61.15283
246.0951 -61.08295
246.1743 -61.01122
246.2528 -60.93867
246.3257 -60.86731
246.3910 -60.79543
246.4563 -60.72205
246.5224 -60.64815
246.5981 -60.57718
246.6779 -60.50879
246.7668 -60.44058
246.8558 -60.37085
246.9384 -60.30029
247.0183 -60.22714
247.0940 -60.15140
247.1690 -60.07060
247.2433 -59.99036
247.3142 -59.91376
247.3773 -59.84537
247.4286 -59.78210
>           Pacific Ocean: ANTARCTICA PLATE, set 01 isochron: 25
263.1648 -60.82655
263.1913 -60.75450
263.2331 -60.68509
263.2922 -60.62068
263.3554 -60.55920
263.4249 -60.49794
263.4978 -60.43454
263.5791 -60.36823
263.6534 -60.30038
263.7242 -60.23036
263.7867 -60.15948
263.8486 -60.08705
263.9063 -60.01239
263.9660 -59.93405
264.0279 -59.85379
264.0939 -59.77052
264.1675 -59.69200
264.2453 -59.61754
264.3258 -59.55278
264.3974 -59.48820
264.4703 -59.42209
264.5468 -59.35266
264.6322 -59.28310
264.7162 -59.21590
264.7918 -59.14854
264.8590 -59.08112
>           Pacific Ocean: ANTARCTICA PLATE, set 06 isochron: 25
271.6198 -66.97766
271.7424 -66.91612
271.8779 -66.85394
272.0272 -66.79164
272.1833 -66.72830
272.3353 -66.66313
272.4820 -66.59564
>           Pacific Ocean: ANTARCTICA PLATE, set 06 isochron: 25
273.1754 -66.35860
273.2617 -66.30049
273.3590 -66.24149
273.4765 -66.18010
273.6153 -66.11548
273.7690 -66.04817
>           Pacific Ocean: ANTARCTICA PLATE, set 06 isochron: 25
273.7168 -63.66383
273.8032 -63.60141
273.9081 -63.54111
274.0247 -63.48347
274.1419 -63.42944
274.2479 -63.37653
>           Pacific Ocean: ANTARCTICA PLATE, set 09 isochron: 25
273.0460 -57.27290
272.9670 -57.32625
272.8913 -57.37952
272.7663 -57.49742
272.7127 -57.56352
272.6606 -57.63098
272.6202 -57.69762
272.5903 -57.76299
272.5526 -57.88826
272.5468 -58.01309
272.5577 -58.07652
>           Pacific Ocean: AUSTRALIA PLATE, set 15 isochron: 25
154.8262 -12.69545
154.9495 -12.77376
155.0750 -12.85001
155.2018 -12.92691
155.3320 -13.01264
155.4623 -13.09563
155.5968 -13.17048
155.7361 -13.24125
155.8782 -13.31879
156.0161 -13.40442
156.1477 -13.49200
>           Pacific Ocean: AUSTRALIA PLATE, set 15 isochron: 25
154.0867 -13.83965
154.1974 -13.93240
154.3124 -14.01160
154.4332 -14.07457
154.5602 -14.13079
154.6921 -14.18365
154.8288 -14.24125
154.9668 -14.30019
155.1028 -14.36316
155.2339 -14.42608
155.3636 -14.49033
155.4961 -14.55795
155.6328 -14.62756
>           Pacific Ocean: AUSTRALIA PLATE, set 15 isochron: 25
156.7966 -14.17847
156.9158 -14.25154
157.0378 -14.32796
157.1633 -14.40708
157.2923 -14.47404
157.4242 -14.52345
157.5584 -14.55192
157.6928 -14.56351
157.8251 -14.56564
157.9554 -14.55763
158.0844 -14.54485
>           Pacific Ocean: AUSTRALIA PLATE, set 15 isochron: 25
156.0884 -15.30331
156.2488 -15.34735
156.3994 -15.39397
156.5383 -15.43982
156.6709 -15.49033
156.8022 -15.53680
156.9375 -15.59200
157.0770 -15.65389
>           North Atlantic Ocean: NORTH AMERICA PLATE, set 02 isochron: 25
317.9557  37.96273
317.8466  37.87047
317.7903  37.81574
317.7236  37.75431
317.6563  37.68676
317.5813  37.62301
317.5055  37.56143
317.4284  37.49810
317.3541  37.43473
317.2812  37.36799
317.2040  37.30006
317.1241  37.22760
317.0464  37.15174
316.9742  37.07304
>           North Atlantic Ocean: NORTH AMERICA PLATE, set 02 isochron: 25
315.8925  36.35523
315.8474  36.29150
315.7994  36.22772
315.7460  36.16502
315.6883  36.09716
315.6202  36.02697
315.5459  35.95162
315.4667  35.88185
315.3896  35.81374
315.3104  35.75066
315.2354  35.68753
315.1625  35.62663
315.0930  35.56398
315.0222  35.49957
314.9500  35.43056
314.8791  35.36090
314.8076  35.28834
314.7381  35.21457
314.6672  35.13786
314.5936  35.06224
314.5200  34.98941
314.4561  34.92742
314.4041  34.87574
314.2923  34.79693
>           North Atlantic Ocean: NORTH AMERICA PLATE, set 02 isochron: 25
309.1026  31.02232
309.0609  30.95086
309.0151  30.87997
308.9623  30.81021
308.9068  30.73738
308.8519  30.66149
308.7971  30.58614
308.7485  30.51920
308.6992  30.45944
308.6547  30.39844
308.6082  30.33134
308.5659  30.26121
308.5298  30.19283
308.4979  30.12259
308.4632  30.04866
308.4187  29.96982
308.3694  29.89518
308.3188  29.82350
308.2653  29.75540
308.2076  29.68238
308.1444  29.60688
308.0847  29.52950
308.0292  29.45632
307.9813  29.38189
307.9334  29.30188
307.8792  29.21511
307.8188  29.13010
307.7605  29.05175
307.7092  28.97333
307.6627  28.88934
307.6127  28.80099
307.5606  28.71871
307.5092  28.64434
307.4585  28.57052
307.4064  28.49235
307.3530  28.40983
307.3030  28.32969
307.2586  28.25260
307.2149  28.17606
307.1711  28.10193
307.1281  28.02530
307.0900  27.95045
307.0525  27.87060
307.0122  27.79442
306.9671  27.71878
306.9199  27.64869
306.8692  27.57853
306.8157  27.50896
>           North Atlantic Ocean: NORTH AMERICA PLATE, set 02 isochron: 25
304.5403  17.67081
304.5028  17.58128
304.4673  17.49773
304.4354  17.41749
304.4070  17.33923
304.3841  17.25759
304.3661  17.17927
304.3468  17.10093
304.3218  17.02521
304.2912  16.94744
304.2593  16.86965
>           North Atlantic Ocean: NORTH AMERICA PLATE, set 03 isochron: 25
311.7686  55.20051
311.8265  55.13594
311.8857  55.07213
311.9463  55.00981
312.0061  54.94901
312.0660  54.88766
312.1302  54.82467
312.2033  54.75713
312.2876  54.68385
312.3746  54.60273
312.4623  54.51986
312.5438  54.43764
312.6217  54.36052
312.6927  54.28487
312.7610  54.21400
312.8264  54.14585
312.8870  54.08085
312.9434  54.01535
312.9978  53.94972
313.0549  53.87948
313.1155  53.80377
313.1782  53.72253
313.2374  53.64490
313.2924  53.57249
313.3460  53.50159
313.4074  53.42727
313.4749  53.35075
313.5425  53.27744
313.6003  53.20773
313.6532  53.13959
313.7124  53.07135
313.7821  53.00386
313.8600  52.93962
313.9310  52.87824
314.0027  52.82353
314.0708  52.77591
314.1438  52.73540
>           North Atlantic Ocean: NORTH AMERICA PLATE, set 03 isochron: 25
319.6194  51.80242
319.6759  51.73027
319.7337  51.65676
319.7916  51.58532
319.8570  51.51548
319.9267  51.44860
319.9977  51.37987
320.0582  51.31232
320.1118  51.24337
320.1781  51.17085
320.2617  51.09209
320.3528  51.01008
320.4287  50.93234
320.4983  50.85975
320.5728  50.78752
320.6585  50.71116
320.7406  50.63203
320.8102  50.55762
320.8679  50.48934
320.9258  50.42539
320.9870  50.36093
321.0504  50.29278
321.1110  50.22187
321.1702  50.14679
321.2342  50.07255
321.2983  49.99723
321.3596  49.92635
321.4083  49.85712
321.4480  49.78913
321.4850  49.71925
321.5240  49.64744
321.5700  49.57873
321.6139  49.51127
321.6578  49.44418
321.6961  49.37744
321.7546  49.27468
321.7986  49.19172
321.8327  49.12738
321.8683  49.07072
321.9059  49.01262
321.9435  48.93933
321.9930  48.85766
322.0230  48.79747
322.0599  48.73444
322.0934  48.65242
322.1366  48.58229
322.1867  48.51809
322.2174  48.44174
322.2697  48.35741
322.3297  48.24222
322.3653  48.16963
322.4023  48.09229
322.4385  48.01203
322.4762  47.93445
322.5075  47.85862
322.5326  47.78503
322.5501  47.71132
322.5683  47.64083
322.5837  47.57351
322.5977  47.50845
322.6124  47.44237
322.6299  47.37431
322.6530  47.30333
322.6725  47.22844
322.6963  47.14826
322.7144  47.06270
322.7319  46.97702
322.7411  46.89167
322.7482  46.81239
322.7587  46.73635
322.7686  46.66595
322.7805  46.59737
322.7875  46.52917
322.7953  46.45944
322.8009  46.38771
322.7982  46.31249
322.7914  46.23523
322.7776  46.15593
322.7729  46.08282
322.7618  46.01398
322.7494  45.94941
322.7272  45.88376
322.7141  45.81660
322.7080  45.74545
322.7081  45.66688
322.7006  45.58137
322.6895  45.49331
322.6716  45.40556
322.6516  45.31966
322.6259  45.23407
322.5969  45.15333
322.5734  45.07985
322.5519  45.01222
322.5360  44.94399
322.5132  44.86875
322.4897  44.78496
322.4634  44.69710
322.4420  44.61161
322.4171  44.53296
322.3907  44.45769
322.3596  44.38380
322.3284  44.30782
322.2937  44.23223
322.2577  44.15302
322.2252  44.07322
322.1968  43.98930
322.1698  43.90525
322.1414  43.82009
322.1151  43.73734
322.0916  43.65697
322.0688  43.57753
322.0424  43.49850
322.0141  43.41782
321.9836  43.33857
321.9531  43.26173
321.9226  43.18890
321.8907  43.11595
321.8623  43.03474
321.8354  42.94216
321.8160  42.84077
321.7988  42.74438
321.7871  42.65862
321.7740  42.58405
321.7609  42.51352
321.7464  42.44132
321.7375  42.36597
321.7299  42.28484
321.7224  42.20101
321.7121  42.11293
321.6976  42.02420
321.6852  41.93692
321.6707  41.85263
321.6625  41.77241
321.6515  41.69258
321.6356  41.61528
321.6162  41.53842
321.5920  41.46249
321.5685  41.38383
321.5394  41.30038
321.5082  41.21469
321.4763  41.13365
321.4403  41.05882
321.4008  40.98389
321.3543  40.90200
321.3148  40.81469
321.2802  40.73901
321.2303  40.62925
321.2047  40.56657
321.1700  40.48787
321.1437  40.40381
321.1181  40.32549
321.0959  40.25297
321.0710  40.17818
321.0447  40.09693
321.0219  40.00859
321.0032  39.91588
320.9881  39.82306
320.9757  39.73278
320.9661  39.64724
320.9599  39.56753
320.9530  39.49312
320.9441  39.41646
320.9345  39.33484
320.9269  39.24554
320.9257  39.15507
320.9251  39.06501
320.9225  38.98140
320.9142  38.90258
>           North Atlantic Ocean: NORTH AMERICA PLATE, set 07 isochron: 25
307.0998  56.22947
307.1632  56.16623
307.2267  56.10131
307.2893  56.03478
307.3520  55.96772
307.4181  55.90291
307.4884  55.84036
>           North Atlantic Ocean: NORTH AMERICA PLATE, set 07 isochron: 25
310.2338  56.37489
310.2869  56.29210
310.3496  56.21386
310.4241  56.14055
310.5077  56.07020
310.5947  56.00049
310.6880  55.93106
310.7827  55.86151
310.8808  55.79025
310.9762  55.71848
311.0687  55.64775
311.1529  55.57963
311.2239  55.51296
311.2901  55.44738
311.3513  55.38369
311.4126  55.32185
311.4682  55.26113
>           North Atlantic Ocean: NORTH AMERICA PLATE, set 07 isochron: 25??
304.1865  58.48849
304.2925  58.43092
304.4032  58.36702
304.5188  58.29530
304.6371  58.21685
304.7484  58.13969
304.8507  58.06606
304.9453  57.99560
305.0386  57.92722
305.1326  57.85869
305.2294  57.78892
305.3261  57.71941
305.4187  57.65236
305.5077  57.58930
305.5899  57.52498
305.6727  57.45717
305.7633  57.38401
305.8600  57.30767
305.9512  57.23116
306.0283  57.15604
>           North Atlantic Ocean: NORTH AMERICA PLATE, set 07 isochron: 25??
306.3977  56.99939
306.4835  56.93019
306.5712  56.86091
306.6575  56.79226
306.7422  56.72506
>           North Atlantic Ocean: NORTH AMERICA PLATE, set 08 isochron: 25
302.5020  62.32271
302.5844  62.25495
302.6673  62.18872
302.7571  62.12267
302.8533  62.05647
302.9584  61.98883
303.0655  61.92205
303.1685  61.85476
303.2716  61.78764
303.3739  61.71974
303.4839  61.65469
303.5938  61.59015
303.7017  61.52509
303.8026  61.46127
303.9028  61.40533
304.0056  61.35835
>           North Atlantic Ocean: NORTH AMERICA PLATE, set 08 isochron: 25
304.9251  61.38304
304.9893  61.32153
305.1237  61.20834
305.2038  61.15428
305.2825  61.09538
305.3745  61.03368
305.4650  60.96887
305.5666  60.90422
305.6585  60.83877
305.7426  60.77488
305.8108  60.71222
305.8713  60.65084
>           North Atlantic Ocean: NORTH AMERICA PLATE, set 08 isochron: 25
306.8790  60.43861
306.9286  60.37350
306.9829  60.30865
307.0457  60.24267
307.1147  60.17303
307.1899  60.09945
307.2651  60.02155
307.3417  59.94169
307.4198  59.85991
307.5020  59.78251
307.5813  59.71162
307.6502  59.64618
307.7080  59.58129
307.7596  59.51488
307.8126  59.44690
307.8662  59.37737
307.9164  59.30698
307.9631  59.23897
308.0076  59.17372
>           North Atlantic Ocean: EURASIA PLATE, set 09 isochron: 25
341.3881  49.23090
341.4265  49.15973
341.4684  49.08662
341.5081  49.01481
341.5450  48.94566
341.5792  48.87916
341.6154  48.81163
341.6516  48.74402
341.6816  48.67585
341.7061  48.60757
341.7277  48.53875
341.7487  48.47028
341.7689  48.40081
341.7892  48.32937
341.8095  48.25739
341.8305  48.18390
341.8514  48.10839
341.8738  48.02955
341.8982  47.95247
341.9205  47.87901
341.9422  47.80920
341.9590  47.73786
341.9744  47.66409
341.9828  47.58737
341.9892  47.51337
341.9928  47.44114
341.9977  47.36739
341.9992  47.28880
342.0001  47.20727
341.9988  47.13130
341.9989  47.06045
341.9941  46.99237
341.9872  46.92275
341.9783  46.85210
341.9722  46.78376
341.9667  46.71338
341.9578  46.64053
341.9433  46.56323
341.9212  46.48680
341.8969  46.41268
341.8720  46.34135
341.8492  46.27037
341.8236  46.19545
341.7931  46.11264
341.7578  46.02491
341.7175  45.93896
341.6780  45.85772
341.6337  45.77686
341.5886  45.68854
341.5352  45.59521
341.4867  45.50270
341.4361  45.41446
341.3861  45.32950
341.3279  45.24492
341.2724  45.16513
341.2231  45.09015
341.1830  45.01953
341.1448  44.95081
341.1060  44.88150
341.0630  44.81112
341.0172  44.73766
340.9708  44.66263
340.9271  44.58501
340.8855  44.50829
340.8411  44.42746
340.7911  44.34301
340.7384  44.25195
340.6885  44.16275
340.6414  44.07644
340.5956  43.99199
340.5506  43.90894
340.5118  43.82932
340.4736  43.75614
340.4369  43.68490
340.3932  43.61306
340.3523  43.53911
340.3107  43.46660
340.2684  43.40060
340.2226  43.34164
340.1691  43.28565
340.1184  43.22453
340.0643  43.15311
340.0164  43.07296
339.9637  42.98555
339.9117  42.89853
339.8555  42.81242
339.8021  42.72824
339.7487  42.64290
339.6981  42.55797
339.6468  42.47705
339.5976  42.40172
339.5476  42.32988
339.5011  42.25953
339.4581  42.18753
339.4221  42.11496
339.3895  42.04127
339.3611  41.96802
339.3314  41.89518
339.3058  41.82384
339.2794  41.75190
339.2580  41.67937
339.2303  41.60465
339.2040  41.53348
339.1728  41.46229
339.1479  41.39150
339.1159  41.31593
339.0847  41.24024
339.0515  41.16394
339.0294  41.08916
339.0087  41.01482
338.9879  40.94250
338.9595  40.87116
338.9373  40.79921
338.9124  40.72187
338.8909  40.63914
338.8556  40.55207
338.8195  40.46754
338.7794  40.38770
338.7482  40.31414
338.7198  40.24159
338.6983  40.16681
338.6734  40.08283
338.6471  39.98914
338.6104  39.88186
338.5758  39.77177
338.5412  39.66205
338.5093  39.56563
338.4733  39.47285
338.4373  39.38531
338.4061  39.29499
338.3806  39.21106
338.3535  39.12975
338.3188  39.04777
338.2765  38.95751
338.2343  38.86444
338.1990  38.77619
338.1699  38.69817
338.1422  38.62717
338.1124  38.55940
>           North Atlantic Ocean: AFRICA PLATE, set 01 isochron: 25
328.3290  31.71078
328.2699  31.64103
328.2095  31.56824
328.1442  31.49360
328.0719  31.41652
327.9948  31.33874
327.9170  31.26391
327.8427  31.19142
327.7740  31.12666
327.7128  31.06187
327.6559  30.99883
327.5989  30.93156
327.5385  30.86242
327.4781  30.78841
327.4191  30.71256
327.3601  30.63424
327.3045  30.55887
327.2455  30.48284
327.1872  30.40918
327.1191  30.33118
327.0427  30.25073
326.9566  30.16654
326.8711  30.08652
326.7996  30.01495
326.7413  29.95124
>           North Atlantic Ocean: AFRICA PLATE, set 01 isochron: 25
323.0788  25.41254
323.0330  25.30045
322.9872  25.19717
322.9477  25.10841
322.9123  25.02720
322.8831  24.95164
322.8505  24.87285
322.8152  24.79529
322.7791  24.71895
322.7479  24.65019
322.7229  24.58586
322.6937  24.52534
322.6562  24.46539
322.6125  24.40542
322.5736  24.34541
322.5368  24.28729
322.4653  24.16842
322.4299  24.10317
322.3938  24.03855
322.3626  23.97199
322.3327  23.90539
322.3050  23.83619
322.2794  23.76698
>           North Atlantic Ocean: AFRICA PLATE, set 01 isochron: 25
323.1061  22.77831
323.1034  22.69756
323.0958  22.62000
323.0819  22.54239
323.0653  22.46474
323.0480  22.38508
323.0300  22.30799
323.0071  22.22954
322.9814  22.14780
322.9509  22.05756
322.9273  21.96729
322.9052  21.87760
322.8920  21.79308
322.8789  21.70132
322.8672  21.60172
322.8534  21.49748
322.8340  21.40165
322.8167  21.31749
322.7987  21.23981
322.7827  21.16274
322.7626  21.08497
322.7404  21.00846
322.7183  20.93452
322.6940  20.86186
322.6690  20.79047
322.6427  20.71381
322.6163  20.63250
322.5893  20.54657
322.5636  20.46651
322.5470  20.39233
322.5338  20.32401
322.5221  20.25503
322.5020  20.18665
322.4805  20.11626
322.4590  20.04846
322.4278  19.94443
322.4146  19.87395
322.3966  19.81267
322.3884  19.74345
322.3759  19.67617
322.3474  19.60355
322.3322  19.53292
322.3392  19.50916
>           North Atlantic Ocean: AFRICA PLATE, set 01 isochron: 25
322.1586  18.39993
322.1469  18.24292
322.1346  18.11846
322.1193  18.02722
322.0999  17.94991
322.0784  17.86855
322.0597  17.78315
322.0417  17.69907
322.0258  17.62161
322.0070  17.54813
321.9904  17.47529
321.9710  17.39639
321.9496  17.31344
321.9246  17.22576
321.8969  17.14005
321.8691  17.04895
321.8379  16.95376
321.8074  16.85116
321.7769  16.75789
321.7478  16.67332
321.7186  16.59675
321.6895  16.51611
321.6631  16.43277
321.6389  16.34468
321.6153  16.25388
321.5911  16.15967
>           North Atlantic Ocean: AFRICA PLATE, set 01 isochron: 25??
325.4723  28.77477
325.4000  28.66783
325.3403  28.57068
325.2917  28.48021
325.2445  28.39522
325.1966  28.31324
325.1480  28.24044
325.1015  28.17315
325.0522  28.10889
325.0008  28.04461
324.9515  27.97778
324.9001  27.90908
324.8459  27.83413
324.7799  27.74733
324.7091  27.65117
324.6376  27.55183
324.5738  27.46172
324.5162  27.37841
>           South Atlantic Ocean: SOUTH AMERICA PLATE, set 01 isochron: 25
306.1745  16.17754
306.1432  16.10548
306.1092  16.03474
306.0731  15.96599
306.0447  15.89588
306.0211  15.82037
306.0031  15.73875
305.9823  15.65305
305.9629  15.56801
305.9414  15.48224
305.9234  15.39982
305.9033  15.32075
305.8839  15.24706
305.8624  15.17537
>           South Atlantic Ocean: SOUTH AMERICA PLATE, set 01 isochron: 25
335.7586 -10.86198
335.7630 -10.97433
335.7673 -11.08392
335.7807 -11.19202
335.8002 -11.29593
335.8268 -11.39698
335.8519 -11.49868
335.8688 -11.60728
335.8814 -11.71178
335.8871 -11.80537
335.8974 -11.88657
335.9126 -11.96090
335.9398 -12.05419
335.8996 -12.06142
>           South Atlantic Ocean: SOUTH AMERICA PLATE, set 01 isochron: 25
334.4067 -15.86747
334.4302 -15.93906
334.4551 -16.01061
334.4807 -16.08080
334.5028 -16.15366
334.5201 -16.22723
334.5367 -16.30280
334.5547 -16.37632
334.5782 -16.45575
334.5963 -16.54191
334.6075 -16.63210
334.6123 -16.71297
334.6210 -16.83253
334.6386 -16.94588
334.6482 -17.01454
334.6537 -17.08989
334.6619 -17.16652
334.6709 -17.24509
334.6896 -17.32822
334.7105 -17.41927
334.7356 -17.51224
334.7586 -17.60385
334.7808 -17.67947
334.8015 -17.74378
334.8385 -17.85107
334.8582 -17.97042
334.8700 -18.04333
334.8939 -18.07961
>           South Atlantic Ocean: SOUTH AMERICA PLATE, set 01 isochron: 25
335.5467 -19.18638
335.5852 -19.30855
335.6086 -19.37087
335.6286 -19.43519
335.6417 -19.50349
335.6479 -19.57446
335.6520 -19.65002
335.6555 -19.73406
335.6653 -19.82524
335.6779 -19.92290
335.6974 -20.01847
335.7108 -20.11993
335.7235 -20.22984
335.7273 -20.34695
335.7345 -20.45938
335.7402 -20.55347
335.7430 -20.63445
335.7388 -20.70695
335.7332 -20.77944
335.7379 -20.84853
335.7523 -20.91360
335.7716 -20.97857
335.7867 -21.04488
335.8005 -21.11701
335.8116 -21.18978
335.8240 -21.26382
335.8316 -21.33395
335.8371 -21.40148
335.8418 -21.46768
335.8486 -21.53838
335.8575 -21.60707
335.8744 -21.70745
>           South Atlantic Ocean: SOUTH AMERICA PLATE, set 01 isochron: 25
334.0754 -25.56950
334.0851 -25.64490
334.0934 -25.72153
334.0977 -25.79881
334.1011 -25.87727
334.1012 -25.95761
334.1026 -26.03851
334.1020 -26.12000
334.1028 -26.20203
334.1035 -26.28650
334.1078 -26.37341
334.1149 -26.46088
>           South Atlantic Ocean: SOUTH AMERICA PLATE, set 01 isochron: 25
334.7361 -28.11837
334.7419 -28.21300
334.7420 -28.30025
334.7365 -28.37829
334.7337 -28.45438
334.7358 -28.52979
334.7414 -28.60693
334.7483 -28.68280
334.7545 -28.75861
334.7601 -28.83315
334.7587 -28.90708
334.7574 -28.98096
334.7574 -29.05542
>           South Atlantic Ocean: SOUTH AMERICA PLATE, set 01 isochron: 25
334.2851 -30.61141
334.2871 -30.68216
334.2899 -30.75349
334.2927 -30.82417
334.2892 -30.90022
334.2872 -30.98039
334.2880 -31.06586
334.2971 -31.14879
334.3076 -31.22627
334.3167 -31.29832
334.3195 -31.36919
334.3188 -31.44301
334.3216 -31.52148
334.3265 -31.60226
334.3315 -31.68119
334.3294 -31.75478
334.3287 -31.82354
334.3287 -31.89107
334.3307 -31.96149
334.3308 -32.03837
334.3344 -32.11929
334.3407 -32.20071
334.3466 -32.30920
334.3412 -32.39054
334.3327 -32.51417
334.3326 -32.58176
334.3375 -32.65572
334.3460 -32.73897
334.3566 -32.82740
334.3658 -32.91752
334.3736 -33.00114
334.3778 -33.07889
>           South Atlantic Ocean: SOUTH AMERICA PLATE, set 01 isochron: 25
332.0407 -33.58556
332.0429 -33.66970
332.0486 -33.74796
332.0569 -33.81975
332.0694 -33.88970
332.0805 -33.96019
332.0889 -34.03353
332.0945 -34.10857
332.0987 -34.18584
332.1044 -34.26478
332.1142 -34.34073
332.1226 -34.41547
332.1254 -34.48789
332.1192 -34.56207
>           South Atlantic Ocean: SOUTH AMERICA PLATE, set 01 isochron: 25
331.0753 -34.47741
331.0684 -34.55097
331.0670 -34.62329
331.0699 -34.69494
331.0720 -34.76598
331.0699 -34.83755
331.0707 -34.91190
331.0652 -34.98907
331.0542 -35.06680
331.0320 -35.14232
>           South Atlantic Ocean: SOUTH AMERICA PLATE, set 01 isochron: 25
329.6468 -35.26102
329.6714 -35.36657
329.6938 -35.45958
329.7079 -35.54007
329.7238 -35.61252
329.7302 -35.68610
329.7406 -35.75959
329.7483 -35.83416
329.7664 -35.90633
329.7775 -35.97679
329.7817 -36.04274
329.7740 -36.10593
>           South Atlantic Ocean: SOUTH AMERICA PLATE, set 01 isochron: 25
328.5915 -36.50452
328.6014 -36.65990
328.6068 -36.78282
328.6071 -36.87713
328.5989 -36.96189
328.5916 -37.05211
328.5821 -37.14280
328.5789 -37.23610
328.5764 -37.32926
328.5815 -37.42614
328.5950 -37.51954
328.6140 -37.61165
328.6302 -37.69651
328.6386 -37.77747
328.6443 -37.85561
328.6549 -37.93307
328.6612 -38.00665
328.6613 -38.07857
328.6523 -38.15044
328.6434 -38.22775
328.6352 -38.30774
>           South Atlantic Ocean: SOUTH AMERICA PLATE, set 01 isochron: 25
328.2666 -39.47231
328.2886 -39.58813
328.3064 -39.68513
328.3184 -39.76758
328.3247 -39.84192
328.3263 -39.92159
328.3230 -39.99957
328.3176 -40.07751
328.3114 -40.15056
328.3045 -40.21930
328.2892 -40.34433
328.2830 -40.40491
>           South Atlantic Ocean: SOUTH AMERICA PLATE, set 01 isochron: 25
327.6212 -42.12971
327.6280 -42.24310
327.6327 -42.34869
327.6358 -42.44078
327.6388 -42.52142
327.6444 -42.59169
327.6521 -42.65727
>           South Atlantic Ocean: SOUTH AMERICA PLATE, set 01 isochron: 25
329.7202 -47.51476
329.7410 -47.63190
329.7575 -47.72882
329.7716 -47.80597
329.7856 -47.87082
329.8044 -47.93649
329.8164 -48.00305
329.8228 -48.07329
329.8216 -48.14256
329.8252 -48.21030
329.8254 -48.27568
329.8178 -48.34148
329.7999 -48.40776
>           South Atlantic Ocean: AFRICA PLATE, set 02 isochron: 25
356.3973  -5.98501
356.4301  -6.09023
356.4594  -6.18643
356.4829  -6.27159
356.5030  -6.34843
356.5223  -6.42458
356.5389  -6.50144
356.5540  -6.57552
356.5650  -6.64546
356.5808  -6.71606
356.5940  -6.79427
356.6093  -6.88010
356.6211  -6.97009
356.6426  -7.05929
356.6690  -7.14841
356.7065  -7.23325
356.7405  -7.31673
356.7793  -7.39253
356.8104  -7.46631
356.8450  -7.53797
356.8720  -7.61661
356.9012  -7.69729
356.9254  -7.77454
356.9503  -7.84556
356.9737  -7.91242
356.9965  -7.97997
357.0123  -8.05103
357.0213  -8.12768
357.0282  -8.21056
357.0421  -8.30576
357.0590  -8.41335
357.0780  -8.52921
357.0969  -8.63190
357.1226  -8.72001
357.1489  -8.80463
357.1747  -8.90028
357.1936  -9.00492
357.2055  -9.10272
357.2165  -9.17915
357.2458  -9.28431
357.2771  -9.37425
357.2810  -9.43209
>           South Atlantic Ocean: AFRICA PLATE, set 02 isochron: 25
358.0005 -15.62891
358.0490 -15.71511
358.0970 -15.80131
358.1372 -15.88419
358.1718 -15.95568
358.1939 -16.02325
358.2132 -16.08746
358.2297 -16.15234
358.2525 -16.21983
358.2795 -16.29528
358.3135 -16.38203
358.3456 -16.47611
358.3776 -16.57283
358.4034 -16.66689
358.4312 -16.75820
358.4550 -16.85685
358.4864 -16.96205
358.5157 -17.06791
358.5470 -17.16101
358.5652 -17.25082
358.5853 -17.33994
358.6111 -17.43494
358.6480 -17.52712
358.6897 -17.61987
358.7301 -17.71259
358.7711 -17.80526
358.8080 -17.89923
358.8414 -17.99387
358.8708 -18.09116
>           South Atlantic Ocean: AFRICA PLATE, set 02 isochron: 25
359.2924 -18.46291
359.3319 -18.62061
359.3691 -18.75381
359.4026 -18.85525
359.4305 -18.94016
359.4492 -19.02248
359.4604 -19.10947
>           South Atlantic Ocean: AFRICA PLATE, set 02 isochron: 25
358.3402 -20.79728
358.3826 -20.89080
358.4272 -20.98624
358.4669 -21.07839
358.4933 -21.16412
358.5176 -21.24005
358.5439 -21.31268
358.5771 -21.38000
358.6075 -21.44147
358.6639 -21.54034
358.7016 -21.64320
358.7422 -21.75958
>           South Atlantic Ocean: AFRICA PLATE, set 02 isochron: 25
359.9808 -25.44301
359.9977 -25.54610
  0.0125 -25.63976
  0.0271 -25.71888
  0.0423 -25.78728
  0.0595 -25.84995
>           South Atlantic Ocean: AFRICA PLATE, set 02 isochron: 25
358.8576 -26.90130
358.8959 -27.00230
358.9329 -27.09705
358.9670 -27.17874
359.0038 -27.25659
359.0413 -27.33315
359.0816 -27.41582
359.1177 -27.49290
359.1510 -27.56500
359.1829 -27.63274
359.2132 -27.68687
359.2523 -27.71249
>           South Atlantic Ocean: AFRICA PLATE, set 02 isochron: 25
359.8871 -28.80206
359.9233 -28.88847
359.9511 -28.97431
359.9700 -29.05651
359.9888 -29.13438
  0.0110 -29.20729
  0.0387 -29.27947
  0.0699 -29.35342
  0.1005 -29.42549
  0.1268 -29.49572
  0.1476 -29.56595
  0.1657 -29.64281
  0.1832 -29.72511
>           South Atlantic Ocean: AFRICA PLATE, set 02 isochron: 25
357.8458 -30.21801
357.9048 -30.36799
357.9539 -30.49029
357.9930 -30.58495
>           South Atlantic Ocean: AFRICA PLATE, set 02 isochron: 25
358.1248 -31.30524
358.1512 -31.38302
358.1755 -31.45602
358.1977 -31.52187
358.2212 -31.58290
>           South Atlantic Ocean: AFRICA PLATE, set 02 isochron: 25
357.2183 -31.85818
357.2377 -31.92728
357.2564 -31.99516
357.2813 -32.06175
357.3035 -32.12833
357.3333 -32.19715
357.3659 -32.26826
357.4041 -32.34104
357.4437 -32.41374
357.4791 -32.48641
357.5145 -32.55608
357.5450 -32.62399
357.5734 -32.69244
357.5971 -32.76556
357.6194 -32.84393
357.6410 -32.92519
>           South Atlantic Ocean: AFRICA PLATE, set 02 isochron: 25
355.1517 -33.82588
355.1997 -33.91402
355.2443 -33.99810
355.2867 -34.07980
355.3264 -34.15855
355.3668 -34.24471
355.4037 -34.33484
355.4380 -34.42892
355.4708 -34.51833
355.5037 -34.60706
355.5392 -34.69452
355.5727 -34.78077
355.6103 -34.86232
355.6479 -34.93864
355.6875 -35.01657
355.7209 -35.09392
355.7522 -35.17403
355.7821 -35.24673
355.8155 -35.31646
355.8474 -35.38557
355.8815 -35.45972
355.9114 -35.53836
355.9441 -35.61238
355.9691 -35.68130
355.9954 -35.74675
356.0204 -35.81216
356.0523 -35.88197
356.0863 -35.95170
356.1134 -36.02425
356.1404 -36.08547
356.1990 -36.17960
356.2472 -36.27930
356.2934 -36.38843
356.3128 -36.45164
356.3316 -36.52378
356.3463 -36.60036
356.3665 -36.67515
356.3908 -36.74538
356.4207 -36.81548
356.4527 -36.88996
356.4833 -36.97218
356.5099 -37.06156
356.5346 -37.15482
>           South Atlantic Ocean: AFRICA PLATE, set 02 isochron: 25
356.1184 -37.37272
356.1503 -37.43998
356.1836 -37.50555
356.2258 -37.56822
356.2675 -37.63470
356.3064 -37.70059
356.3328 -37.76764
356.3543 -37.83303
>           South Atlantic Ocean: AFRICA PLATE, set 02 isochron: 25
356.4677 -38.52242
356.5033 -38.60602
356.5311 -38.68039
356.5527 -38.75090
356.5694 -38.82408
356.5883 -38.90802
356.6080 -38.99513
356.6298 -39.08324
>           South Atlantic Ocean: AFRICA PLATE, set 02 isochron: 25
356.1889 -39.31984
356.2433 -39.42010
356.2908 -39.50906
356.3311 -39.58131
356.3568 -39.64499
356.3999 -39.77281
>           South Atlantic Ocean: AFRICA PLATE, set 02 isochron: 25
356.8364 -40.29289
356.8819 -40.39497
356.9175 -40.48328
356.9420 -40.55939
356.9588 -40.63072
>           South Atlantic Ocean: ANTARCTICA PLATE, set 03 isochron: 25
354.7182 -59.70699
354.6226 -59.78690
354.5343 -59.86349
354.4571 -59.93639
354.3812 -60.00633
354.3068 -60.07613
354.2232 -60.14030
354.1346 -60.19885
354.0445 -60.24867
353.9597 -60.29561
>           South Atlantic Ocean: ANTARCTICA PLATE, set 03 isochron: 25
349.1640 -62.15434
349.0405 -62.22006
348.9320 -62.28171
348.8427 -62.34026
348.7624 -62.39767
>           South Atlantic Ocean: ANTARCTICA PLATE, set 03 isochron: 25
343.8583 -62.32410
343.7507 -62.38422
343.6414 -62.44327
343.5363 -62.50188
343.4378 -62.56036
>           South Atlantic Ocean: ANTARCTICA PLATE, set 03 isochron: 25
340.1663 -62.62109
340.0439 -62.70203
339.9314 -62.77667
339.8340 -62.84476
339.7468 -62.90918
>           Indian Ocean: AFRICA PLATE, set 03 isochron: 25
 21.3888 -47.78970
 21.5021 -47.81664
 21.6086 -47.83981
 21.7081 -47.85924
>           Indian Ocean: AFRICA PLATE, set 07 isochron: 25
 53.9589 -25.08121
 54.1262 -25.19582
 54.2776 -25.29710
 54.4138 -25.38393
 54.5409 -25.46191
 54.6715 -25.53924
 54.8083 -25.61709
 54.9529 -25.69354
>           Indian Ocean: AFRICA PLATE, set 07 isochron: 25
 53.9534 -26.92264
 54.0964 -27.03984
 54.2444 -27.15505
 54.3973 -27.25837
 54.5550 -27.35414
 54.7155 -27.43931
 54.8787 -27.52994
 55.0405 -27.62049
 55.1933 -27.72208
 55.3385 -27.82425
 55.4797 -27.92635
 55.6229 -28.02094
>           Indian Ocean: AFRICA PLATE, set 08 isochron: 25
 53.3826   2.18813
 53.5902   2.05409
 53.7667   1.93728
 53.9160   1.83634
 54.0577   1.75139
 54.2076   1.67204
>           Indian Ocean: AFRICA PLATE, set 08 isochron: 25
 55.0441   1.47575
 55.2003   1.39295
 55.3565   1.31432
>           Indian Ocean: AFRICA PLATE, set 08 isochron: 25
 58.1792   0.26273
 58.3355   0.15968
 58.4813   0.07262
 58.6216  -0.00194
 58.7694  -0.06947
 58.9291  -0.14112
>           Indian Ocean: AFRICA PLATE, set 08 isochron: 25??
 55.9629   0.88470
 56.0907   0.81706
 56.2164   0.74593
 56.3428   0.66574
 56.4761   0.59604
 56.6121   0.52843
 56.7461   0.47269
 56.8765   0.41133
 57.0064   0.35067
>           Indian Ocean: ANTARCTICA PLATE, set 04 isochron: 25
  7.9325 -56.26424
  8.0616 -56.33110
  8.1762 -56.39061
  8.2804 -56.44316
  8.3791 -56.49413
>           Indian Ocean: ANTARCTICA PLATE, set 04 isochron: 25
 10.9547 -56.25937
 11.0650 -56.32054
 11.1816 -56.38048
 11.3086 -56.43486
 11.4363 -56.48264
 11.5641 -56.52299
>           Indian Ocean: ANTARCTICA PLATE, set 04 isochron: 25??
  8.6250 -56.21899
  8.8332 -56.30450
  9.0078 -56.38028
  9.1407 -56.44612
  9.2472 -56.50703
>           Indian Ocean: ANTARCTICA PLATE, set 04 isochron: 25??
  9.6378 -56.30771
  9.7897 -56.37248
  9.9300 -56.42911
 10.0570 -56.47650
 10.1728 -56.51698
 10.2845 -56.55701
>           Indian Ocean: ANTARCTICA PLATE, set 10 isochron: 25
 56.8135 -38.79057
 56.9667 -38.83733
 57.1198 -38.89265
 57.2735 -38.96519
 57.4287 -39.03339
 57.5873 -39.10422
 57.7549 -39.16855
 57.9357 -39.23828
 58.1233 -39.31277
 58.3102 -39.38663
 58.4868 -39.46518
 58.6599 -39.54042
 58.8311 -39.61818
>           Indian Ocean: ANTARCTICA PLATE, set 10 isochron: 25
 58.5407 -40.74011
 58.8058 -40.85239
 59.0300 -40.94518
 59.2122 -41.01826
 59.3723 -41.07919
 59.5331 -41.13797
 59.6967 -41.19460
 59.8631 -41.25055
>           Indian Ocean: AUSTRALIA PLATE, set 11 isochron: 25
 61.1014  15.57641
 61.2588  15.55108
 61.4050  15.53571
 61.5457  15.53240
 61.6912  15.53516
 61.8458  15.53729
 61.9996  15.53739
 62.1486  15.53143
 62.2914  15.52409
 62.4315  15.51070
 62.5694  15.50871
 62.7080  15.50337
 62.8473  15.50340
 62.9845  15.49805
 63.1162  15.50275
 63.2423  15.51009
 63.3539  15.51534
 63.4446  15.51244
 63.5320  15.50542
 63.6193  15.51460
 63.7003  15.52782
 63.7669  15.52747
 63.8895  15.53012
>           Indian Ocean: AUSTRALIA PLATE, set 11 isochron: 25
 66.8506  14.19962
 66.9740  14.20231
 67.0987  14.20497
 67.2289  14.21510
 67.3626  14.23470
 67.4977  14.25767
 67.6300  14.27654
>           Indian Ocean: AUSTRALIA PLATE, set 13 isochron: 25
 81.9058 -14.38243
 82.0271 -14.39535
 82.1533 -14.40754
 82.2857 -14.42171
 82.4237 -14.42710
 82.5678 -14.43581
 82.7169 -14.44512
>           Indian Ocean: AUSTRALIA PLATE, set 13 isochron: 25
 83.7753 -15.68109
 83.9035 -15.67981
 84.0324 -15.68319
 84.1620 -15.69461
 84.2924 -15.71340
 84.4269 -15.73687
 84.5656 -15.75897
 84.7084 -15.77367
 84.8547 -15.78500
 85.0044 -15.79558
>           Indian Ocean: AUSTRALIA PLATE, set 13 isochron: 25
 90.7008  -3.77945
 90.8311  -3.78990
 90.9767  -3.80097
 91.1354  -3.80918
 91.3059  -3.82081
 91.4716  -3.82550
 91.6372  -3.82324
 91.7987  -3.81125
>           Indian Ocean: AUSTRALIA PLATE, set 13 isochron: 25
 92.4637   0.53090
 92.5960   0.53787
 92.7353   0.55046
 92.8828   0.56518
 93.0242   0.58126
 93.1600   0.59034
 93.2867   0.60424
 93.4114   0.62371
>           Indian Ocean: AUSTRALIA PLATE, set 14 isochron: 25
 93.6464  -9.69843
 93.8708  -9.66711
 94.0662  -9.64135
 94.2296  -9.61781
 94.3765  -9.59025
 94.5170  -9.55722
 94.6562  -9.52831
 94.7920  -9.50150
 94.9284  -9.47397
 95.0613  -9.43821
 95.1901  -9.39903
 95.3147  -9.36675
 95.4373  -9.34411
 95.5599  -9.32970
>           Indian Ocean: AUSTRALIA PLATE, set 14 isochron: 25
 95.9125  -8.48506
 96.1217  -8.47231
 96.3130  -8.46579
 96.4925  -8.46693
 96.6588  -8.46882
 96.8272  -8.47208
 96.9832  -8.47263
 97.1336  -8.47598
 97.2791  -8.47385
 97.4274  -8.47308
 97.5784  -8.46609
 97.7240  -8.45844
 97.8632  -8.44115
 97.9955  -8.41838
>           Indian Ocean: AUSTRALIA PLATE, set 16 isochron: 25
153.4993 -32.93405
153.5786 -33.08350
153.6560 -33.22636
153.7301 -33.36029
153.8024 -33.48709
>           Indian Ocean: AUSTRALIA PLATE, set 16 isochron: 25
153.6087 -34.29608
153.7033 -34.43930
153.7980 -34.57950
153.8942 -34.71719
153.9973 -34.85358
154.0957 -34.98572
154.1900 -35.11246
154.2766 -35.23723
154.3646 -35.36692
154.4511 -35.50034
154.5335 -35.63296
154.6125 -35.75912
154.6868 -35.88107
154.7624 -36.00285
154.8394 -36.12615
154.9170 -36.25092
154.9899 -36.37492
155.0572 -36.49873
>           Indian Ocean: AUSTRALIA PLATE, set 16 isochron: 25
154.9453 -37.99246
155.1055 -38.27686
155.2411 -38.50113
155.3557 -38.66321
155.4491 -38.79153
155.5461 -38.91911
155.6388 -39.04858
155.7425 -39.18007
155.8435 -39.31129
155.9501 -39.44283
156.0517 -39.57515
156.1568 -39.71101
156.2607 -39.84933
>           Indian Ocean: AUSTRALIA PLATE, set 16 isochron: 25
156.4899 -40.30145
156.6465 -40.47374
156.7818 -40.62811
156.8924 -40.76556
156.9851 -40.89580
157.0777 -41.02469
157.1759 -41.15131
157.2784 -41.27664
157.3794 -41.40225
157.4777 -41.52917
157.5761 -41.65697
>           Indian Ocean: AUSTRALIA PLATE, set 16 isochron: 25
156.6836 -42.05937
156.7588 -42.18416
156.8431 -42.30885
156.9337 -42.43491
157.0270 -42.56432
157.1134 -42.69441
157.1929 -42.82321
157.2663 -42.94972
>           Indian Ocean: AUSTRALIA PLATE, set 16 isochron: 25
155.4751 -45.08008
155.5795 -45.22533
155.6773 -45.36540
155.7684 -45.49489
155.8528 -45.61722
155.9392 -45.73636
156.0249 -45.85765
156.1078 -45.97964
156.1854 -46.10095
>           Indian Ocean: AUSTRALIA PLATE, set 17 isochron: 25
154.5571 -33.86950
154.7274 -34.07122
154.8743 -34.24821
154.9994 -34.39996
155.1088 -34.53749
155.2154 -34.67249
155.3158 -34.80721
155.4204 -34.94005
155.5256 -35.07494
155.6322 -35.20847
155.7320 -35.34003
155.8304 -35.46571
155.9289 -35.58781
156.0303 -35.70863
>           Indian Ocean: AUSTRALIA PLATE, set 17 isochron: 25
156.0819 -37.88428
156.2924 -38.10637
156.4696 -38.28999
156.6190 -38.43697
156.7430 -38.56378
156.8669 -38.68875
156.9764 -38.81229
157.0901 -38.93564
157.1974 -39.06250
157.3089 -39.18704
157.4172 -39.30978
>           Indian Ocean: AUSTRALIA PLATE, set 17 isochron: 25
158.2342 -40.39301
158.4258 -40.65279
158.5844 -40.86754
158.7094 -41.03737
>           Indian Ocean: AUSTRALIA PLATE, set 17 isochron: 25
157.1607 -44.63275
157.3466 -44.91104
157.5097 -45.13354
157.6474 -45.30318
157.7695 -45.43889
157.8891 -45.57137
158.0076 -45.69774
