>           Pacific Ocean: PACIFIC PLATE, set 06 isochron: 27
189.2497 -53.99133
189.2845 -53.92368
189.3290 -53.85103
189.3894 -53.77791
189.4449 -53.71205
189.5031 -53.65436
189.5531 -53.59654
189.6045 -53.53368
189.6503 -53.46660
189.6954 -53.39774
189.7419 -53.32712
189.7940 -53.25345
189.8524 -53.17758
189.9113 -53.10158
189.9669 -53.02881
190.0175 -52.96051
190.0696 -52.89420
190.1307 -52.82991
190.2022 -52.76639
190.2814 -52.70444
190.3619 -52.64537
190.4451 -52.59045
190.5360 -52.54312
190.6318 -52.49275
190.7338 -52.44231
190.8289 -52.38799
190.9246 -52.33913
191.0176 -52.29066
191.1196 -52.24554
191.2237 -52.20082
191.3298 -52.15775
191.4305 -52.11206
191.5276 -52.06502
191.6220 -52.01711
191.7185 -51.97086
191.8177 -51.92584
191.9142 -51.87947
192.0078 -51.83307
192.0925 -51.78271
192.1751 -51.73102
192.2549 -51.67755
192.3465 -51.62489
192.4472 -51.57217
192.5561 -51.52026
192.6504 -51.47043
192.7330 -51.42708
192.7982 -51.38235
192.8718 -51.33846
192.9468 -51.28755
193.0335 -51.23575
193.1182 -51.18169
193.2049 -51.12886
193.2903 -51.07643
193.3729 -51.02042
193.4576 -50.96390
193.5422 -50.90955
193.6310 -50.85863
193.7206 -50.80850
193.8080 -50.75525
193.8961 -50.70505
193.9835 -50.65923
194.0765 -50.62308
194.1709 -50.59087
194.2583 -50.55684
194.3374 -50.51791
194.4894 -50.42979
194.5762 -50.38277
194.6685 -50.33127
194.7622 -50.27702
194.8573 -50.21875
194.9545 -50.15945
195.0495 -50.09834
195.1397 -50.03847
195.2257 -49.98526
195.2979 -49.93599
195.4193 -49.84044
195.4874 -49.78517
195.5609 -49.72131
195.6394 -49.65509
195.7060 -49.58470
195.7649 -49.51694
195.8205 -49.45090
195.8795 -49.38747
195.9434 -49.32170
196.0051 -49.25356
196.0669 -49.18260
196.1259 -49.11198
196.1891 -49.04173
196.2474 -48.97275
196.3071 -48.90138
196.3619 -48.82945
196.4181 -48.75652
196.4701 -48.68486
>           Pacific Ocean: PACIFIC PLATE, set 06 isochron: 27
200.6400 -49.63597
200.7103 -49.56419
200.7908 -49.49324
200.8804 -49.42265
200.9727 -49.35515
201.0629 -49.29074
201.1531 -49.23305
201.2420 -49.17711
201.3281 -49.12019
201.4107 -49.06274
201.4856 -49.00616
201.5550 -48.95638
201.6147 -48.90468
201.6814 -48.85524
201.7536 -48.80025
201.8369 -48.74611
201.9181 -48.69193
202.0000 -48.64276
202.0770 -48.59583
202.1520 -48.54791
202.2200 -48.49442
202.2936 -48.44087
202.3734 -48.38312
202.4651 -48.33089
202.5581 -48.27486
202.6469 -48.22014
202.7281 -48.15887
202.7989 -48.09750
202.8697 -48.03748
202.9468 -47.97694
203.0406 -47.91541
203.1440 -47.85474
203.2390 -47.79865
203.3202 -47.74765
203.3903 -47.69424
203.4688 -47.63751
203.5556 -47.57793
203.6458 -47.52107
203.7318 -47.46886
203.8165 -47.41376
203.9054 -47.35579
203.9998 -47.29303
204.0942 -47.23445
204.1809 -47.17723
204.2614 -47.11897
204.3413 -47.05354
204.4259 -46.98235
>           Pacific Ocean: PACIFIC PLATE, set 06 isochron: 27
209.6305 -48.65359
209.6833 -48.59604
209.7466 -48.53798
209.8195 -48.47571
209.9028 -48.41338
209.9819 -48.35049
210.0610 -48.29263
210.1429 -48.23332
210.2360 -48.17021
210.3352 -48.10611
210.4234 -48.04471
210.5059 -47.99396
210.5760 -47.94455
210.6468 -47.89696
210.7058 -47.84230
210.7613 -47.78526
>           Pacific Ocean: PACIFIC PLATE, set 06 isochron: 27
215.0857 -49.43831
215.1656 -49.39896
215.2385 -49.35001
215.3051 -49.29187
215.3711 -49.23192
215.4454 -49.17416
215.5308 -49.11725
215.6190 -49.05342
215.7057 -48.98537
215.7912 -48.91406
215.8786 -48.84538
215.9661 -48.77570
216.0473 -48.70634
216.1230 -48.63553
216.1931 -48.56786
216.2604 -48.50377
216.3250 -48.44421
216.3930 -48.38785
216.4659 -48.33049
216.5381 -48.27167
216.6082 -48.20859
216.6742 -48.14543
216.7478 -48.08315
216.8270 -48.02266
216.9096 -47.96022
216.9901 -47.89395
217.0686 -47.82764
217.1484 -47.76167
217.2282 -47.69846
217.3094 -47.63704
217.3912 -47.57884
>           Pacific Ocean: PACIFIC PLATE, set 09 isochron: 27
166.1633 -60.07657
166.3131 -60.08542
166.4601 -60.09003
166.6010 -60.09010
166.7376 -60.08809
166.8694 -60.08644
166.9998 -60.08650
167.2669 -60.08287
167.4056 -60.07288
167.5437 -60.05838
167.6783 -60.04109
167.8128 -60.02866
167.9460 -60.01761
168.0813 -60.00658
168.2145 -59.98959
168.3497 -59.97052
168.4843 -59.94830
168.6168 -59.92502
168.7458 -59.90277
168.8748 -59.88541
169.0066 -59.87570
169.1412 -59.86775
169.2758 -59.85980
169.4089 -59.85008
169.5414 -59.84355
169.6739 -59.83699
169.8064 -59.82727
169.9362 -59.81123
170.0631 -59.79346
170.1872 -59.77812
170.4445 -59.76114
170.5811 -59.76051
170.7052 -59.76373
170.8454 -59.76620
170.9841 -59.75578
171.1270 -59.74780
171.2588 -59.73489
171.3955 -59.71252
171.5460 -59.69156
171.6855 -59.66393
171.9130 -59.62709
>           Pacific Ocean: PACIFIC PLATE, set 09 isochron: 27
172.9189 -58.57922
173.0550 -58.55360
173.1888 -58.53119
173.3171 -58.51126
173.4448 -58.49426
173.5738 -58.47580
173.7104 -58.45807
173.8505 -58.44324
173.9899 -58.43457
174.1224 -58.42953
174.2465 -58.42595
174.4823 -58.42355
174.7155 -58.42297
174.9603 -58.41695
175.0935 -58.41051
175.2267 -58.40146
175.3612 -58.38914
175.4958 -58.37535
175.6353 -58.35391
175.7713 -58.32510
175.9030 -58.28928
>           Pacific Ocean: PACIFIC PLATE, set 09 isochron: 27
176.4467 -57.50729
176.5620 -57.47449
176.6814 -57.43712
176.8076 -57.39899
176.9415 -57.36644
177.0795 -57.33952
177.2162 -57.31216
177.3466 -57.28026
177.4706 -57.24451
>           Pacific Ocean: PACIFIC PLATE, set 09 isochron: 27
178.9505 -56.68880
179.0609 -56.66519
179.1754 -56.64043
179.2933 -56.61253
179.4189 -56.58237
179.5445 -56.55099
179.6714 -56.52036
179.7942 -56.49162
179.9184 -56.46056
180.0454 -56.43141
180.1793 -56.40031
180.3229 -56.37190
180.4706 -56.33806
180.6156 -56.30223
180.7467 -56.26637
180.8688 -56.23512
180.9895 -56.20540
181.1144 -56.17410
181.2414 -56.13889
181.3642 -56.10405
181.4828 -56.06763
181.6021 -56.03389
181.7228 -56.00168
181.8463 -55.97411
181.9635 -55.94728
182.0773 -55.92319
182.1876 -55.89946
182.3000 -55.87845
182.4137 -55.85391
182.5289 -55.82976
182.6447 -55.80324
182.7633 -55.78102
182.8833 -55.75838
183.0061 -55.74005
183.1282 -55.72368
183.2496 -55.71355
183.3689 -55.70305
183.4861 -55.68782
183.6013 -55.66354
183.7123 -55.63690
183.8219 -55.61221
183.9308 -55.58910
184.0412 -55.56277
184.1536 -55.53055
184.2736 -55.49675
184.4047 -55.46095
184.5434 -55.42946
184.6822 -55.39873
184.8140 -55.37230
184.9381 -55.34508
185.0561 -55.32060
185.1712 -55.29890
185.2891 -55.27956
185.4078 -55.26140
185.5271 -55.24399
185.6401 -55.23177
185.7496 -55.22385
>           Pacific Ocean: PACIFIC PLATE, set 11 isochron: 27
213.9756 -28.31864
214.0095 -28.39480
214.0441 -28.46603
214.0731 -28.53045
214.1084 -28.59116
214.1416 -28.65428
214.1790 -28.72164
214.2108 -28.78897
214.2350 -28.85440
214.2565 -28.91858
214.2751 -28.98454
214.3014 -29.05169
214.3242 -29.12062
214.3463 -29.19011
214.3628 -29.26015
214.3870 -29.33015
214.4126 -29.40436
214.4444 -29.48215
214.4734 -29.56111
214.5080 -29.63457
214.5405 -29.70432
214.5717 -29.77342
214.5980 -29.84492
>           Pacific Ocean: PACIFIC PLATE, set 11 isochron: 27
216.5461 -34.34934
216.5876 -34.43049
216.6256 -34.50700
216.6588 -34.57768
216.6941 -34.64716
216.7308 -34.71886
216.7772 -34.79396
216.8166 -34.86842
216.8457 -34.93649
216.8546 -34.99823
216.8573 -35.05650
>           Pacific Ocean: PACIFIC PLATE, set 11 isochron: 27
216.9019  -7.25831
216.9308  -7.38100
216.9515  -7.49052
216.9653  -7.58752
216.9756  -7.67551
216.9901  -7.75863
217.0046  -7.83411
217.0205  -7.90613
217.0322  -7.97813
217.0453  -8.05357
217.0605  -8.13176
217.0791  -8.21548
217.0970  -8.30402
217.1115  -8.39391
217.1239  -8.48035
217.1363  -8.56260
217.1521  -8.64761
217.1687  -8.73674
217.1846  -8.83068
217.1956  -8.92597
217.2038  -9.02055
217.2092  -9.11164
217.2167  -9.19445
217.2278  -9.27241
217.2429  -9.34621
217.2581  -9.42069
217.2698  -9.49238
217.2788  -9.56544
217.2856  -9.64056
217.2946  -9.72254
217.3069  -9.81071
217.3235  -9.90229
217.3400  -9.99178
217.3517 -10.07230
217.3579 -10.14593
217.3634 -10.21677
217.3709 -10.29173
217.3861 -10.37904
217.4040 -10.47596
217.4268 -10.58110
217.4454 -10.67659
217.4668 -10.76656
217.4861 -10.84825
217.5068 -10.92924
217.5199 -11.00883
217.5295 -11.09251
217.5371 -11.18165
217.5474 -11.26939
217.5563 -11.35367
217.5632 -11.43451
217.5645 -11.51807
217.5665 -11.59816
217.5685 -11.67960
217.5795 -11.76103
217.5974 -11.84792
217.6272 -11.93819
217.6575 -12.03254
217.6866 -12.12823
217.7080 -12.21432
217.7267 -12.29015
>           Pacific Ocean: PACIFIC PLATE, set 11 isochron: 27
219.6270  21.84531
219.6422  21.77005
219.6595  21.69605
219.6767  21.61877
219.6933  21.53560
219.7084  21.44783
219.7250  21.36393
219.7422  21.28322
219.7588  21.20897
219.7719  21.13926
219.7857  21.07212
219.7988  21.00299
219.8140  20.92860
219.8243  20.85419
219.8325  20.77974
219.8408  20.70525
219.8511  20.62680
219.8663  20.54568
219.8801  20.46518
219.8994  20.38857
219.9174  20.31454
219.9381  20.24045
219.9526  20.16241
219.9657  20.08630
219.9767  20.01082
219.9905  19.93858
220.0057  19.86433
220.0243  19.79268
220.0416  19.71571
220.0567  19.62687
220.0663  19.52086
220.0794  19.41349
220.0938  19.31990
220.1104  19.24469
220.1303  19.11269
220.1386  19.04268
220.1482  18.96868
220.1599  18.89068
220.1717  18.81066
220.1834  18.73061
220.1923  18.65184
220.2047  18.57634
220.2164  18.49881
220.2302  18.41793
220.2384  18.33305
220.2481  18.24613
220.2584  18.16248
220.2735  18.07280
220.2935  17.98508
220.3170  17.89465
220.3391  17.81680
220.3585  17.74027
220.3750  17.66570
220.3951  17.58576
220.4144  17.50845
220.4330  17.43445
220.4447  17.36175
220.4551  17.29037
220.4668  17.21828
220.4875  17.15016
220.5097  17.07935
220.5304  17.00583
220.5435  16.92495
220.5580  16.84402
220.5752  16.75170
220.5704  16.75438
>           Pacific Ocean: PACIFIC PLATE, set 11 isochron: 27
202.0076  47.43451
202.0392  47.36356
202.0726  47.29598
202.1050  47.23140
202.1326  47.16795
202.1544  47.10509
202.1725  47.04349
202.2100  46.91861
202.2346  46.85300
202.2914  46.72285
202.3200  46.65693
202.3491  46.58685
202.3801  46.51391
202.4125  46.44212
202.4394  46.37516
202.4589  46.31289
202.4959  46.18814
202.5254  46.12230
202.5600  46.05626
202.5943  45.99200
202.6548  45.86418
202.6787  45.79918
202.7008  45.73504
202.7231  45.66991
202.7488  45.60353
202.7755  45.53476
202.8030  45.46555
202.8273  45.39688
202.8535  45.32863
202.8783  45.26525
202.9162  45.17759
202.9270  45.10620
202.9554  45.03942
203.0124  44.92083
203.0427  44.84889
203.0673  44.78024
203.0907  44.71473
203.1132  44.65185
203.1375  44.58809
203.1631  44.52308
203.1891  44.45800
203.2142  44.39228
203.2390  44.32745
203.2625  44.26335
203.2878  44.19894
203.3144  44.13174
203.3419  44.06080
203.3677  43.98963
203.3929  43.91934
203.4207  43.85123
203.4519  43.78335
203.4814  43.71735
203.5089  43.65192
203.5329  43.58572
203.5589  43.51647
203.5818  43.44704
203.6034  43.38028
203.6200  43.31723
203.6393  43.25231
203.6646  43.18056
203.6977  43.10175
>           Pacific Ocean: PACIFIC PLATE, set 11 isochron: 27
214.1127  39.13873
214.1527  39.05255
214.1844  38.97226
214.2105  38.89674
214.2242  38.81899
214.2427  38.75097
214.2819  38.63708
214.2998  38.57048
214.3225  38.49291
214.3528  38.40432
214.3962  38.31507
214.4452  38.23172
214.4894  38.15488
214.5280  38.08455
214.5618  38.01468
214.5928  37.94092
214.6183  37.86102
214.6395  37.77556
>           Pacific Ocean: PACIFIC PLATE, set 11 isochron: 27
210.2384  29.77805
210.2569  29.68819
210.2698  29.60377
210.2793  29.52353
210.2972  29.44750
210.3241  29.37868
210.3551  29.31715
210.3764  29.25191
210.3880  29.17808
210.4024  29.10179
210.4189  29.02970
210.4416  28.96550
210.4497  28.90251
210.4724  28.79049
210.5034  28.70775
210.5287  28.59915
210.5404  28.53838
210.5603  28.46836
210.5775  28.39704
210.5918  28.31892
210.6027  28.23459
210.6101  28.14403
210.6175  28.05280
210.6249  27.96704
210.6316  27.88861
210.6356  27.81322
210.6354  27.73468
210.6324  27.65364
210.6301  27.57127
210.6312  27.49071
210.6352  27.41940
210.6413  27.34804
210.6529  27.26854
210.6721  27.19023
210.6955  27.12179
210.7071  27.05269
210.7235  26.96302
210.7379  26.89445
210.7627  26.81961
210.7910  26.73597
210.8032  26.66852
210.8246  26.59790
210.8452  26.53535
210.8714  26.45712
210.8886  26.39452
210.9079  26.32247
210.9408  26.19641
210.9656  26.11923
210.9966  26.03819
211.0297  25.95900
211.0573  25.88480
211.0807  25.81557
211.1027  25.74947
211.1213  25.68458
211.1357  25.61902
211.1487  25.54903
211.1652  25.46889
211.1858  25.37858
211.2098  25.28250
211.2366  25.18764
211.2621  25.09648
211.2854  25.00843
211.3040  24.92413
211.3225  24.84165
211.3431  24.76232
211.3623  24.68611
211.3732  24.60920
211.3771  24.52399
211.3831  24.42919
211.4023  24.33495
211.4271  24.25210
211.4533  24.17811
211.4753  24.11238
211.4946  24.05045
211.5145  23.99423
211.5310  23.93351
211.5517  23.86701
211.5709  23.79665
211.5930  23.72753
211.6122  23.66092
211.6315  23.59557
211.6819  23.50516
211.7178  23.43906
211.6895  23.46603
>           Pacific Ocean: PACIFIC PLATE, set 11 isochron: 27?
212.9183   3.79803
212.9411   3.70798
212.9722   3.61931
213.0117   3.53133
213.0559   3.44193
213.1009   3.35463
213.1487   3.27010
213.1986   3.18835
>           Pacific Ocean: PACIFIC PLATE, set 11 isochron: 27??
221.9597 -42.32095
221.9949 -42.39046
222.0413 -42.45943
222.0932 -42.52574
222.1438 -42.59146
222.1860 -42.65865
222.2282 -42.73036
222.2663 -42.80302
222.3023 -42.87512
>           Pacific Ocean: PACIFIC PLATE, set 11 isochron: 27??
216.7806  37.35497
216.7843  37.22601
216.7910  37.11754
216.8032  37.02898
216.8127  36.94755
216.8242  36.86715
216.8337  36.78778
216.8439  36.71450
216.8506  36.64002
216.8560  36.56602
216.8662  36.48971
216.8805  36.41726
216.9005  36.34641
216.9176  36.27662
216.9361  36.20734
216.9519  36.13912
216.9704  36.06857
216.9855  35.99345
216.9991  35.91544
217.0072  35.84075
217.0133  35.77000
>           Pacific Ocean: PACIFIC PLATE, set 11 isochron: 27??
216.8428  35.15595
216.8613  35.05704
216.8763  34.96666
216.8858  34.88651
216.8918  34.81372
216.8965  34.74433
216.9046  34.67542
216.9176  34.60071
216.9361  34.51729
216.9580  34.42455
216.9820  34.33115
217.0053  34.23650
217.0280  34.14346
217.0478  34.05090
217.0677  33.96580
217.0856  33.88757
217.1048  33.81097
217.1205  33.73375
217.1342  33.65527
217.1436  33.57383
217.1552  33.48646
217.1702  33.39262
217.1880  33.30217
217.2065  33.21630
217.2236  33.13560
217.2428  33.05718
217.2628  32.98103
217.2799  32.90892
217.2936  32.83851
217.3010  32.77099
217.3092  32.70458
217.3173  32.63695
217.3268  32.56692
217.3335  32.49153
217.3395  32.41608
217.3560  32.34114
217.3843  32.26970
>           Pacific Ocean: PACIFIC PLATE, set 12 isochron: 27
176.0604  47.82174
176.2426  47.82866
176.4257  47.82716
176.6160  47.82722
176.7957  47.83102
176.9700  47.83510
>           Pacific Ocean: PACIFIC PLATE, set 12 isochron: 27
177.7903  48.61628
177.8901  48.62222
177.9866  48.62448
178.1711  48.62037
>           Pacific Ocean: PACIFIC PLATE, set 12 isochron: 27
178.5168  48.66621
178.6153  48.66828
178.8068  48.67255
179.0000  48.68195
179.1009  48.68795
179.2978  48.70236
179.4841  48.71450
179.6687  48.71407
179.8515  48.71420
180.0348  48.72157
180.2164  48.72670
180.3990  48.73719
180.4935  48.74501
180.6828  48.75845
180.8686  48.76894
181.0558  48.77794
181.1512  48.78226
181.2480  48.78672
181.3449  48.79176
181.5369  48.80414
181.7211  48.81794
>           Pacific Ocean: PACIFIC PLATE, set 12 isochron: 27
177.2573  47.89516
177.3574  47.90331
177.4558  47.90857
177.5514  47.90930
177.6459  47.90680
>  Pacific Ocean: PAC PLATE, set 12 or PAC PLATE, set 11 isochron: 27
201.9445  47.61341
201.9114  47.67957
201.8736  47.74708
201.8329  47.81730
201.7978  47.89025
201.7696  47.96309
201.7442  48.03257
201.7160  48.09962
201.6886  48.16658
201.6666  48.23484
201.6426  48.30394
201.6186  48.37848
201.5857  48.46032
201.5500  48.55078
201.5067  48.63881
201.4660  48.72162
201.4344  48.79467
201.4097  48.86255
201.3637  48.99483
201.3349  49.06471
201.3025  49.13497
201.2681  49.20241
201.2296  49.27108
201.1821  49.34827
201.1318  49.43623
201.0774  49.52991
201.0243  49.61895
200.9746  49.70014
200.9340  49.77263
200.8961  49.84098
200.8554  49.90744
200.8085  49.97692
200.7610  50.04900
200.7189  50.11919
200.6658  50.21473
200.6244  50.27533
200.5726  50.34340
200.5189  50.42823
200.4663  50.47440
200.4173  50.52713
200.3571  50.58380
200.2943  50.65671
200.2294  50.72205
200.0466  50.80629
199.9184  50.85739
199.7915  50.89437
199.6632  50.91990
199.5377  50.94146
199.4169  50.95906
199.2996  50.96700
199.1885  50.96792
199.0754  50.96796
198.9554  50.97462
198.8257  50.98344
198.6910  50.99709
198.5676  51.01158
198.4490  51.03089
198.3331  51.04978
198.2076  51.06341
198.0777  51.07004
197.9459  51.07141
197.8168  51.07495
197.6932  51.08025
197.5717  51.08205
197.4524  51.08604
197.3262  51.09353
197.1985  51.11327
197.0674  51.13037
196.9480  51.14352
196.8342  51.15054
196.7239  51.15497
196.5989  51.15591
196.4656  51.14941
196.3289  51.14161
196.2025  51.13553
196.0797  51.13731
195.9541  51.14524
195.8215  51.15493
195.6848  51.16110
195.5544  51.16464
195.4301  51.16904
195.3129  51.17651
195.1887  51.18485
195.0506  51.19150
194.9007  51.19549
194.7521  51.19337
194.6167  51.18685
194.4937  51.17641
194.3786  51.17165
194.2676  51.17431
194.1496  51.18485
194.0234  51.19540
193.8859  51.20506
193.7450  51.21604
193.5993  51.23005
193.4468  51.24669
193.2886  51.26114
193.1227  51.27127
192.9512  51.27658
192.7777  51.27925
192.6139  51.28321
192.4661  51.28673
192.3405  51.28675
192.2273  51.28504
192.1176  51.28467
192.0004  51.28996
191.8775  51.29218
191.7552  51.28831
191.6261  51.27747
191.4908  51.26972
191.3464  51.26673
191.2083  51.26720
191.0750  51.26594
190.9473  51.26339
190.8230  51.26124
190.7037  51.26172
190.5885  51.26394
190.4781  51.26660
190.2782  51.26443
>           Pacific Ocean: PACIFIC PLATE, set 12 isochron: 27
182.8463  48.77920
182.6691  48.77768
182.4909  48.78132
182.3088  48.79015
182.1262  48.79292
181.9459  48.78960
181.7709  48.78888
>           Pacific Ocean: PACIFIC PLATE, set 12 isochron: 27??
182.8695  49.06694
182.9747  49.07026
183.0747  49.06955
183.2660  49.06420
183.4694  49.06650
183.6653  49.07001
183.7608  49.07106
183.9594  49.07714
184.0629  49.08331
184.1691  49.09230
184.2706  49.10249
184.3702  49.11041
184.4680  49.11288
184.5661  49.11277
184.7671  49.10734
184.8753  49.10283
184.9869  49.10086
185.0951  49.10064
185.1982  49.10362
185.2973  49.10667
185.3972  49.10769
185.4980  49.11071
185.5997  49.11457
185.7037  49.12101
185.8085  49.12198
185.9119  49.12096
186.0117  49.11738
186.1098  49.11813
186.2925  49.12117
186.4016  49.11862
186.5055  49.12305
186.6037  49.12265
186.7163  49.12297
186.7547  49.11628
>           Pacific Ocean: ANTARCTICA PLATE, set 01 isochron: 27
227.9567 -68.06313
228.0710 -68.00198
228.1974 -67.94180
228.3349 -67.88251
228.4723 -67.82358
228.5957 -67.76448
228.7065 -67.70526
>           Pacific Ocean: ANTARCTICA PLATE, set 01 isochron: 27
235.2224 -65.03093
235.3161 -64.96748
>           Pacific Ocean: ANTARCTICA PLATE, set 01 isochron: 27
247.8423 -62.84573
247.9494 -62.72319
248.0051 -62.65939
248.0663 -62.59418
248.1350 -62.52879
248.2073 -62.46233
248.2865 -62.39539
248.3712 -62.32831
248.4496 -62.26268
248.5184 -62.19655
248.5809 -62.12834
248.6497 -62.05641
248.7289 -61.98334
248.8116 -61.91106
248.8942 -61.84157
248.9776 -61.76962
249.0686 -61.69452
249.1679 -61.61528
249.2672 -61.53717
249.3749 -61.45854
249.4826 -61.37936
249.5999 -61.29967
249.7026 -61.22412
249.7962 -61.15205
249.8740 -61.08185
249.9512 -61.00775
250.0367 -60.92944
250.1312 -60.84824
250.2360 -60.76651
250.3367 -60.68625
250.4402 -60.60547
250.5416 -60.52618
250.6484 -60.44673
250.7551 -60.36813
>           Pacific Ocean: ANTARCTICA PLATE, set 01 isochron: 27
259.1685 -61.46820
259.2623 -61.41136
>           Pacific Ocean: ANTARCTICA PLATE, set 06 isochron: 27
267.4030 -65.18489
267.5310 -65.12415
267.6727 -65.06506
267.8296 -65.00819
267.9912 -64.94853
268.1526 -64.88667
>           Pacific Ocean: ANTARCTICA PLATE, set 06 isochron: 27
269.0396 -64.58513
269.1370 -64.53108
269.2551 -64.47786
269.3911 -64.42331
269.5331 -64.36682
>           Pacific Ocean: ANTARCTICA PLATE, set 06 isochron: 27
268.9988 -62.70413
269.1011 -62.64539
269.2074 -62.58911
269.3220 -62.53566
269.4407 -62.47917
269.5615 -62.42162
269.6808 -62.36269
269.8044 -62.30588
269.9349 -62.24672
270.0730 -62.18909
270.2027 -62.13260
270.3074 -62.08023
270.3857 -62.02809
>           Pacific Ocean: ANTARCTICA PLATE, set 09 isochron: 27
266.0145 -55.62758
265.9950 -55.69778
265.9741 -55.76871
265.9504 -55.83836
265.9302 -55.90555
265.9079 -55.97064
265.8856 -56.03564
265.8605 -56.10130
265.8368 -56.16644
265.8166 -56.23189
265.7984 -56.29723
265.7823 -56.36330
>           Pacific Ocean: AUSTRALIA PLATE, set 15 isochron: 27
156.2156 -12.12132
156.3336 -12.18545
156.4515 -12.25158
>           South Atlantic Ocean: ANTARCTICA PLATE, set 03 isochron: 27
317.8440 -65.54225
318.1252 -65.51527
318.2680 -65.50946
>           South Atlantic Ocean: ANTARCTICA PLATE, set 03 isochron: 27
315.3620 -65.10593
315.5257 -65.09628
315.6844 -65.08305
315.8374 -65.06776
315.9855 -65.05331
>           South Atlantic Ocean: ANTARCTICA PLATE, set 03 isochron: 27??
316.3908 -65.33237
316.6718 -65.28951
316.8142 -65.27055
>           South Atlantic Ocean: ANTARCTICA PLATE, set 03 isochron: 27??
317.0890 -65.44547
317.2408 -65.43373
317.5275 -65.42047
>           Indian Ocean: AFRICA PLATE, set 07 isochron: 27
 52.3133 -26.98615
 52.4626 -27.12309
 52.6059 -27.25182
 52.7442 -27.36870
 52.8715 -27.47623
 52.9959 -27.57320
 53.1141 -27.66393
 53.2331 -27.74963
>           Indian Ocean: AFRICA PLATE, set 07 isochron: 27
 52.4071 -28.65332
 52.6119 -28.83667
 52.7989 -28.98390
 52.9575 -29.09637
 53.0999 -29.18748
 53.2278 -29.28042
 53.3612 -29.36900
 53.4974 -29.46539
 53.6391 -29.55436
 53.7774 -29.64088
 53.9144 -29.71823
>           Indian Ocean: AFRICA PLATE, set 08 isochron: 27
 52.6066   1.12424
 52.7331   1.00851
 52.8547   0.90530
 52.9708   0.80694
 53.0924   0.71068
 53.2209   0.61377
 53.3591   0.52806
 53.5008   0.45142
>           Indian Ocean: AFRICA PLATE, set 08 isochron: 27
 53.6703   0.12608
 53.8140   0.03970
 53.9571  -0.04111
 54.0994  -0.12471
 54.2341  -0.20765
 54.3647  -0.28922
 54.4897  -0.35548
 54.6146  -0.41895
 54.7382  -0.48314
 54.8611  -0.55220
 54.9826  -0.61987
>           Indian Ocean: AFRICA PLATE, set 08 isochron: 27
 57.2855  -1.02805
 57.4223  -1.10122
 57.5639  -1.17366
 57.7103  -1.23840
 57.8603  -1.30592
 58.0081  -1.36437
 58.1517  -1.42076
 58.2898  -1.46673
 58.4230  -1.50714
 58.5534  -1.54199
>           Indian Ocean: AFRICA PLATE, set 08 isochron: 27??
 55.1147  -0.93284
 55.2515  -1.01576
 55.3834  -1.09591
 55.5105  -1.16843
 55.6362  -1.24373
 55.7626  -1.31416
 55.8924  -1.38525
 56.0250  -1.45005
 56.1603  -1.52112
 56.2957  -1.59775
>           Indian Ocean: ANTARCTICA PLATE, set 04 isochron: 27
  7.3761 -56.66458
  7.5118 -56.70940
  7.6402 -56.75870
  7.7582 -56.81256
  7.8723 -56.86787
>           Indian Ocean: ANTARCTICA PLATE, set 04 isochron: 27??
  8.1500 -56.63319
  8.3772 -56.74664
  8.5838 -56.84724
>           Indian Ocean: ANTARCTICA PLATE, set 04 isochron: 27??
  9.2311 -56.69655
  9.3411 -56.72542
  9.4455 -56.75578
  9.6394 -56.82600
  9.7391 -56.86394
  9.8437 -56.90065
  9.9525 -56.93271
>           Indian Ocean: ANTARCTICA PLATE, set 04 isochron: 27??
 10.4611 -56.68698
 10.6597 -56.78021
 10.8316 -56.85623
 10.9651 -56.91669
 11.0651 -56.96965
 11.1465 -57.02567
>           Indian Ocean: ANTARCTICA PLATE, set 05 isochron: 27-31
104.3853 -62.26193
104.6397 -62.27774
104.9093 -62.28285
105.1942 -62.27827
105.4874 -62.27209
105.7664 -62.27383
106.0307 -62.28456
106.2852 -62.30042
106.5466 -62.31732
106.8204 -62.33427
107.1108 -62.35358
107.4075 -62.37317
107.7085 -62.39050
108.0027 -62.40042
108.2971 -62.40582
108.5860 -62.40607
108.8541 -62.40807
109.0764 -62.41072
109.2238 -62.41490
109.3713 -62.42046
109.5885 -62.42967
109.8148 -62.43826
110.0302 -62.44258
110.1735 -62.44879
110.3293 -62.45026
110.5826 -62.45844
110.7301 -62.46176
110.9186 -62.46010
111.1491 -62.46915
111.3437 -62.47063
111.5883 -62.46976
111.8557 -62.46925
112.1239 -62.46875
112.3975 -62.46893
112.6767 -62.46945
112.9662 -62.47198
113.2655 -62.47458
113.5773 -62.47433
113.8955 -62.46930
114.2171 -62.46523
114.5404 -62.46663
114.8596 -62.47438
115.1744 -62.48596
115.4804 -62.49622
115.7822 -62.50644
116.0744 -62.51340
116.3575 -62.52159
116.6282 -62.52908
116.8947 -62.53751
117.1605 -62.54533
117.4375 -62.55258
117.7221 -62.55826
118.0137 -62.56235
118.3025 -62.56546
118.5892 -62.56825
118.8712 -62.56973
119.1478 -62.56734
119.4224 -62.56049
119.7042 -62.54666
119.9950 -62.52904
120.2872 -62.50975
120.5745 -62.49333
120.8590 -62.47656
121.1451 -62.45755
121.4299 -62.43242
121.7099 -62.40532
121.9836 -62.37849
122.2573 -62.35388
122.5351 -62.32997
122.8207 -62.30249
123.1049 -62.27208
123.3663 -62.23979
123.5733 -62.21394
123.7074 -62.19807
123.8726 -62.18568
124.0518 -62.16817
124.2089 -62.14925
124.3423 -62.13438
124.4957 -62.12746
124.6691 -62.11897
124.8156 -62.11000
124.9800 -62.10185
125.2989 -62.09537
125.5472 -62.08899
125.8269 -62.07524
126.1065 -62.06050
126.3825 -62.04831
126.6513 -62.04584
126.9173 -62.04662
127.1840 -62.04837
127.4486 -62.04848
127.7083 -62.05247
127.9643 -62.06065
128.2217 -62.07245
128.4826 -62.08424
128.7443 -62.09247
129.0055 -62.09549
129.2662 -62.09201
129.5303 -62.08662
129.7970 -62.08482
130.0674 -62.09471
130.3417 -62.11761
130.6201 -62.14665
130.8993 -62.17276
131.1718 -62.19296
131.4388 -62.20959
131.6973 -62.22745
131.9518 -62.24588
132.2020 -62.26596
132.4551 -62.28281
132.7189 -62.29329
132.9920 -62.29443
133.2678 -62.29202
133.5493 -62.28549
133.8372 -62.27577
134.1427 -62.25775
134.4439 -62.23868
134.7401 -62.22243
135.0176 -62.20740
135.2905 -62.19040
135.5629 -62.16402
135.8416 -62.13541
136.1227 -62.11098
136.3993 -62.09816
136.6702 -62.09506
136.9324 -62.08961
137.1898 -62.07898
137.4480 -62.06252
137.7116 -62.04933
137.9793 -62.03906
138.2449 -62.03040
138.5148 -62.01851
138.7902 -62.00539
139.0677 -61.99124
139.3335 -61.97661
139.5867 -61.96011
>           Indian Ocean: ANTARCTICA PLATE, set 10 isochron: 27
 55.2791 -41.08144
 55.4545 -41.17490
 55.6337 -41.26085
 55.8151 -41.33626
 56.0005 -41.41522
 56.1846 -41.49615
 56.3714 -41.58688
 56.5608 -41.68062
 56.7566 -41.77530
 56.9505 -41.85739
 57.1369 -41.92432
 57.3145 -41.97914
>           Indian Ocean: ANTARCTICA PLATE, set 10 isochron: 27
 56.4472 -43.44598
 56.7370 -43.56779
 56.9894 -43.67136
 57.1979 -43.75093
 57.3862 -43.82388
 57.5773 -43.89476
 57.7808 -43.97159
 57.9929 -44.04820
>           Indian Ocean: ANTARCTICA PLATE, set 10 isochron: 27
 57.2974 -45.10101
 57.5487 -45.20256
 57.7667 -45.29041
 57.9571 -45.36288
 58.1364 -45.42944
 58.3200 -45.48956
 58.4981 -45.54427
 58.6728 -45.59399
 58.8467 -45.64857
 59.0220 -45.70552
 59.1973 -45.75948
 59.3715 -45.80603
>           Indian Ocean: AUSTRALIA PLATE, set 02 isochron: 27-31
115.9032 -37.36000
116.0776 -37.33627
116.2451 -37.30628
116.4085 -37.26959
116.5684 -37.23619
116.7281 -37.20942
116.8836 -37.19366
117.0389 -37.18456
117.1940 -37.18654
117.3518 -37.19850
117.5080 -37.21711
117.6644 -37.23182
117.8173 -37.24263
117.9702 -37.25399
118.1230 -37.27421
118.2792 -37.29888
118.4374 -37.32522
118.5992 -37.34663
118.7631 -37.36360
118.9286 -37.37174
119.0900 -37.37431
119.2522 -37.36751
119.4188 -37.35191
119.5932 -37.32475
119.7691 -37.28985
119.9401 -37.25376
120.1062 -37.22205
120.2638 -37.19912
120.4158 -37.18221
120.5657 -37.16586
120.7192 -37.14399
120.8777 -37.11549
121.0390 -37.07925
121.2052 -37.04305
121.3761 -37.01076
121.5468 -36.99455
121.7138 -36.99052
121.8758 -36.99756
122.0377 -37.01126
122.1980 -37.03383
122.3624 -37.06142
122.5309 -37.09241
122.7043 -37.12393
122.8728 -37.15651
123.0310 -37.18565
123.1882 -37.19763
123.3531 -37.19640
123.5357 -37.17705
123.7217 -37.15823
123.9043 -37.13494
124.0730 -37.11373
124.2356 -37.08635
124.3948 -37.05396
124.5554 -37.01880
124.7132 -36.98859
124.8660 -36.96386
125.0131 -36.94632
125.1596 -36.92931
125.3094 -36.91846
125.4634 -36.90543
125.6181 -36.89349
125.7709 -36.87543
125.9277 -36.86131
126.0893 -36.84723
126.2612 -36.84103
126.4373 -36.83376
126.6168 -36.83150
126.7720 -36.82620
126.8899 -36.82220
127.0121 -36.80435
127.0956 -36.78618
127.1795 -36.77916
127.2832 -36.79626
127.3753 -36.79879
127.4828 -36.79141
127.5668 -36.78049
127.6589 -36.78413
127.7522 -36.79556
127.8471 -36.79922
128.0012 -36.78231
128.1273 -36.77850
128.2803 -36.78219
128.4512 -36.79435
128.6318 -36.80940
128.8214 -36.82731
129.0143 -36.84745
129.2033 -36.86197
129.3812 -36.86970
129.5475 -36.86843
129.7040 -36.87263
129.8563 -36.87959
130.0127 -36.88996
130.1837 -36.89767
130.3721 -36.90334
130.5653 -36.90900
130.7482 -36.91176
130.9281 -36.92287
131.1135 -36.93684
131.3120 -36.95812
131.5030 -36.97319
131.6870 -36.99207
131.8640 -37.00981
132.0396 -37.03308
132.1973 -37.05168
132.3355 -37.07012
132.4566 -37.08343
132.5859 -37.09737
132.7243 -37.11021
>           Indian Ocean: AUSTRALIA PLATE, set 11 isochron: 27
 63.2339  17.48660
 63.3760  17.47141
 63.5223  17.45687
 63.6734  17.44302
 63.8287  17.43449
 63.9867  17.43063
 64.1460  17.43542
 64.3006  17.43818
 64.4496  17.43692
 64.5938  17.42762
>           Indian Ocean: AUSTRALIA PLATE, set 11 isochron: 27
 64.7325  16.99708
 64.8568  16.95243
 64.9816  16.92508
 65.1077  16.91438
 65.2325  16.91100
 65.3566  16.90425
>           Indian Ocean: AUSTRALIA PLATE, set 14 isochron: 27
 91.4350 -14.05421
 91.5875 -14.07106
 91.7317 -14.09060
 91.8662 -14.10748
 91.9972 -14.11561
 92.1261 -14.10886
 92.2536 -14.09538
 92.3789 -14.08324
 92.5023 -14.07518
 92.6242 -14.06238
 92.7447 -14.04144
>           Indian Ocean: AUSTRALIA PLATE, set 14 isochron: 27
 93.1510 -12.53180
 93.5482 -12.53273
 93.8427 -12.52023
 94.0345 -12.49125
 94.1751 -12.46196
 94.3171 -12.44083
 94.4647 -12.42850
 94.6150 -12.41616
 94.7688 -12.39426
 94.9191 -12.37374
 95.0673 -12.35325
 95.2169 -12.34090
 95.3700 -12.32378
 95.5266 -12.30521
>           Indian Ocean: AUSTRALIA PLATE, set 14 isochron: 27
 95.8588 -10.98278
 96.0832 -10.93859
 96.2737 -10.90612
 96.4344 -10.89365
 96.5806 -10.88741
 96.7303 -10.88801
 96.8758 -10.88520
 97.0185 -10.88789
 97.1579 -10.89127
 97.2965 -10.89808
 97.4372 -10.90693
 97.5800 -10.91847
>           Indian Ocean: AUSTRALIA PLATE, set 16 isochron: 27
152.5270 -34.87348
152.6346 -35.06246
152.7365 -35.23009
152.8326 -35.37582
152.9240 -35.50648
153.0114 -35.63348
153.0938 -35.75907
153.1783 -35.88956
153.2655 -36.02437
153.3595 -36.16295
153.4467 -36.30010
153.5249 -36.43302
153.5909 -36.56065
>           Indian Ocean: AUSTRALIA PLATE, set 16 isochron: 27
155.9652 -41.07022
156.0981 -41.28824
156.2188 -41.47916
156.3262 -41.64139
156.4269 -41.78497
156.5292 -41.91898
156.6339 -42.04500
>           Indian Ocean: AUSTRALIA PLATE, set 16 isochron: 27
155.5826 -42.95845
155.6750 -43.08566
155.7746 -43.20975
155.8814 -43.33064
>           Indian Ocean: AUSTRALIA PLATE, set 16 isochron: 27
154.1153 -44.43398
154.3083 -44.76884
154.4600 -45.01700
154.5691 -45.17862
>           Indian Ocean: AUSTRALIA PLATE, set 16 isochron: 27
154.8154 -46.33669
154.8962 -46.47989
154.9800 -46.62337
155.0681 -46.76323
155.1604 -46.89613
155.2578 -47.02113
155.3587 -47.14349
155.4615 -47.27028
155.5669 -47.40196
155.6718 -47.53659
155.7718 -47.66618
155.8664 -47.79028
155.9610 -47.90990
156.0564 -48.02969
156.1520 -48.15071
>           Indian Ocean: AUSTRALIA PLATE, set 17 isochron: 27
155.3020 -33.68923
155.4114 -33.81230
155.5244 -33.93642
155.6442 -34.06503
155.7751 -34.19987
155.9094 -34.33569
156.0396 -34.46896
156.1672 -34.59339
156.2892 -34.71645
156.4087 -34.83471
156.5227 -34.95223
>           Indian Ocean: AUSTRALIA PLATE, set 17 isochron: 27
156.9607 -37.53079
157.0939 -37.66860
157.2241 -37.79959
157.3475 -37.92205
157.4689 -38.03719
157.5799 -38.15199
157.6792 -38.26869
157.7693 -38.38953
157.8566 -38.51122
157.9462 -38.63333
>           Indian Ocean: AUSTRALIA PLATE, set 17 isochron: 27
159.2572 -40.01012
159.4493 -40.21002
159.6135 -40.37640
159.7500 -40.50780
159.8702 -40.62138
>           Indian Ocean: AUSTRALIA PLATE, set 17 isochron: 27
157.8696 -43.71907
158.0105 -43.87561
158.1436 -44.02330
158.2617 -44.15855
158.3682 -44.28494
158.4693 -44.40703
158.5719 -44.52847
>           Indian Ocean: AUSTRALIA PLATE, set 17 isochron: 27
159.9955 -46.41653
160.1282 -46.59238
160.2519 -46.75211
160.3691 -46.89616
160.4825 -47.03325
