>           Pacific Ocean: PACIFIC PLATE, set 06 isochron: 30
188.6326 -51.12225
188.7444 -51.06854
188.8520 -51.01868
188.9582 -50.96700
189.0699 -50.91440
189.1879 -50.85825
189.3150 -50.80200
189.4447 -50.74350
189.5773 -50.68358
189.6986 -50.63066
189.8089 -50.58609
189.9074 -50.54587
190.0025 -50.50563
190.0941 -50.46002
190.1871 -50.41927
190.2836 -50.37314
190.3891 -50.32964
190.4960 -50.27542
190.6014 -50.22604
190.7027 -50.17393
190.8040 -50.12578
190.9047 -50.07220
191.0046 -50.01859
191.1052 -49.96715
191.2114 -49.92062
191.3155 -49.87534
191.4175 -49.82822
191.5105 -49.77972
191.6069 -49.73343
191.7041 -49.68619
191.8026 -49.63211
191.8956 -49.56848
191.9865 -49.50116
192.0809 -49.43831
192.1725 -49.38081
192.2571 -49.33047
192.3320 -49.28419
192.4070 -49.23877
192.4834 -49.19012
192.5555 -49.13593
192.6256 -49.08763
192.6922 -49.03975
192.7658 -48.99545
192.8380 -48.94107
192.9129 -48.88708
192.9740 -48.83257
193.0788 -48.73715
193.1399 -48.68613
193.2079 -48.62819
193.2773 -48.56601
193.3460 -48.50284
193.4140 -48.44054
193.4854 -48.37953
>           Pacific Ocean: PACIFIC PLATE, set 06 isochron: 30
198.0689 -48.77795
198.1565 -48.71045
198.2433 -48.64934
198.3336 -48.59459
198.4252 -48.54903
198.5133 -48.50247
198.5966 -48.45308
198.6771 -48.39256
198.7646 -48.32733
198.8514 -48.26062
198.9375 -48.19756
199.0166 -48.13719
199.0985 -48.07675
199.1853 -48.01160
199.2811 -47.94589
199.3699 -47.88243
199.4524 -47.83153
199.5267 -47.78761
199.6044 -47.74973
199.7245 -47.66351
>           Pacific Ocean: PACIFIC PLATE, set 06 isochron: 30
206.7290 -47.38048
206.8402 -47.28751
206.9881 -47.18587
207.0748 -47.12955
207.1637 -47.07411
207.2539 -47.01955
207.3386 -46.96352
207.4212 -46.90265
207.4968 -46.83740
207.5766 -46.77643
207.6530 -46.72012
207.7328 -46.67096
207.8064 -46.61885
207.8869 -46.56911
207.9702 -46.51787
208.0577 -46.46707
208.1396 -46.40849
208.2104 -46.34363
208.2721 -46.27435
>           Pacific Ocean: PACIFIC PLATE, set 10 isochron: 30
211.2302 -47.10690
211.3295 -47.07571
211.4309 -47.03922
211.5273 -46.99794
211.6161 -46.94901
211.7050 -46.89911
211.8049 -46.84631
211.9174 -46.79584
212.0263 -46.74243
212.1318 -46.69138
212.2394 -46.64125
212.3560 -46.59204
212.4781 -46.54037
212.5954 -46.49057
212.7071 -46.44649
212.8091 -46.40858
212.9062 -46.36729
213.0020 -46.32455
213.0992 -46.27647
213.1976 -46.23752
213.2976 -46.19804
213.3982 -46.15999
213.5009 -46.11272
213.6001 -46.06589
213.6993 -46.02438
213.7944 -45.98668
213.8916 -45.95042
213.9901 -45.91074
214.0956 -45.86958
214.2045 -45.82402
214.3156 -45.77550
214.4259 -45.73085
214.5334 -45.68954
214.6382 -45.65260
214.7368 -45.60977
214.8311 -45.56886
214.9193 -45.52646
215.0060 -45.49232
215.0920 -45.45964
215.1794 -45.42741
215.2690 -45.38785
215.3682 -45.34532
215.4605 -45.30325
215.5493 -45.26602
215.7082 -45.19398
215.7991 -45.15770
215.8976 -45.12137
215.9927 -45.08701
216.0857 -45.05211
216.1808 -45.01869
216.2751 -44.98523
216.3785 -44.95474
216.4909 -44.92474
216.6151 -44.89276
216.7379 -44.85826
216.8559 -44.82077
216.9614 -44.78323
217.0626 -44.74768
217.1605 -44.71457
217.2576 -44.68294
217.3513 -44.64828
217.4401 -44.61560
217.5227 -44.58189
217.6032 -44.54967
217.6837 -44.51396
217.7677 -44.47871
217.8495 -44.44345
217.9259 -44.40416
218.0050 -44.36188
218.0938 -44.31807
218.2028 -44.27577
218.3173 -44.23340
218.4338 -44.18900
218.5400 -44.14760
218.6420 -44.10962
218.7343 -44.07564
218.8272 -44.04315
218.9237 -44.00713
219.0313 -43.96658
219.1437 -43.92250
219.2547 -43.88039
219.3587 -43.84224
219.4552 -43.80408
219.5426 -43.76335
219.6238 -43.71909
>           Pacific Ocean: PACIFIC PLATE, set 11 isochron: 30
211.6100 -17.32896
211.6383 -17.42361
211.6639 -17.52490
211.6943 -17.62748
211.7337 -17.72800
211.7780 -17.81785
211.8105 -17.90298
211.8375 -17.98540
211.8623 -18.07111
211.8983 -18.15878
211.9301 -18.24373
211.9599 -18.32201
211.9868 -18.39828
212.0186 -18.47716
212.0560 -18.56197
212.0926 -18.64540
212.1279 -18.72351
212.1563 -18.79628
212.1791 -18.86505
212.2012 -18.93710
212.2261 -19.01307
212.2579 -19.09693
212.2863 -19.17876
212.3118 -19.25729
212.3305 -19.33509
212.3505 -19.41744
212.3719 -19.50308
212.3947 -19.58276
212.4168 -19.66238
212.4396 -19.74589
212.4665 -19.84250
212.4934 -19.94038
212.5183 -20.03820
212.5404 -20.12742
212.5660 -20.21529
212.5909 -20.29787
212.6109 -20.37582
212.6254 -20.44260
212.6502 -20.54730
212.6730 -20.63556
212.6993 -20.73553
212.7310 -20.82829
212.7573 -20.91183
212.7773 -21.02466
212.8001 -21.08855
212.8423 -21.18499
212.8665 -21.29045
212.8741 -21.36072
212.8871 -21.45760
212.8946 -21.54337
212.9001 -21.61934
212.9028 -21.71928
212.9110 -21.79908
212.9234 -21.86195
212.9476 -21.93389
212.9621 -22.03360
212.9682 -22.10996
212.9688 -22.20309
212.9694 -22.29616
212.9720 -22.38400
212.9851 -22.46277
213.0093 -22.53893
213.0398 -22.61504
>           Pacific Ocean: PACIFIC PLATE, set 11 isochron: 30
198.3011  41.47914
198.3191  41.41274
198.3424  41.34560
198.3704  41.27568
198.4005  41.20271
198.4332  41.12600
198.4686  41.04916
198.5053  40.97622
198.5408  40.90681
198.5750  40.83804
198.6074  40.76787
198.6372  40.69865
198.6662  40.63237
198.6964  40.56702
198.7280  40.49992
198.7569  40.43145
198.7806  40.36295
198.8012  40.29643
198.8223  40.22952
198.8487  40.16382
198.8816  40.09528
198.9162  40.02599
198.9451  39.95401
198.9678  39.88368
198.9893  39.81399
199.0165  39.74448
199.0450  39.67458
199.0770  39.60522
199.1068  39.53481
199.1370  39.46297
199.1649  39.38732
199.1942  39.31125
199.2247  39.23444
>           Pacific Ocean: PACIFIC PLATE, set 11 isochron: 30
201.4252  42.68162
201.3860  42.74872
201.3467  42.82238
201.3095  42.90159
201.2758  42.97817
201.2455  43.04904
201.2152  43.11575
201.1801  43.18341
201.1408  43.25249
201.1049  43.32658
201.0782  43.40409
201.0577  43.48609
201.0358  43.56394
201.0090  43.64019
200.9780  43.71180
200.9408  43.78582
200.8974  43.85877
200.8471  43.94013
200.7912  44.02789
200.7353  44.12257
200.6891  44.20858
200.6575  44.28550
200.6355  44.35534
200.6122  44.42557
200.5868  44.49323
200.5572  44.55686
200.5283  44.61693
200.4959  44.67941
200.4670  44.74430
200.4388  44.81307
200.4120  44.88176
200.3845  44.95775
200.3585  45.03856
200.3372  45.11880
200.3057  45.20784
200.2566  45.26974
200.2097  45.33783
200.1919  45.39708
200.1755  45.46945
200.1473  45.53444
200.1171  45.61443
200.0841  45.69819
200.0352  45.78286
199.9801  45.88143
199.9368  45.99821
199.9176  46.06065
199.8956  46.12688
>           Pacific Ocean: PACIFIC PLATE, set 11 isochron: 30
214.8692  35.18377
214.8787  35.11578
214.8938  35.04433
214.9158  34.96938
214.9447  34.89320
214.9744  34.81868
215.0019  34.74350
215.0260  34.66481
215.0500  34.58203
215.0810  34.49686
215.1106  34.41219
215.1395  34.32626
215.1594  34.23388
215.1806  34.13216
215.2025  34.02570
215.2202  33.92957
215.2387  33.84434
215.2566  33.76540
215.2820  33.68290
215.3117  33.61020
215.3509  33.50307
215.3811  33.38063
215.3927  33.30534
215.4049  33.23115
215.4137  33.15752
215.4372  33.08672
215.4689  33.01467
215.5020  32.93962
215.5260  32.85983
215.5501  32.78350
215.5721  32.71298
215.5976  32.64770
215.6203  32.58060
215.6438  32.51110
215.6726  32.42739
215.6796  32.43093
>           Pacific Ocean: PACIFIC PLATE, set 11 isochron: 30?
211.0266   3.38531
211.0446   3.31338
211.0715   3.23795
211.1068   3.16180
211.1442   3.08493
211.1775   3.01089
211.2086   2.93543
211.2384   2.85926
211.2695   2.78169
>           Pacific Ocean: PACIFIC PLATE, set 11 isochron: 30??
212.8897 -28.13522
212.9291 -28.21582
212.9658 -28.29698
212.9969 -28.37871
213.0294 -28.45547
213.0577 -28.52725
213.0868 -28.59532
213.1075 -28.66515
213.1303 -28.73801
213.1559 -28.81021
213.1884 -28.88056
>           Pacific Ocean: PACIFIC PLATE, set 11 isochron: 30??
215.3161 -34.62272
215.3756 -34.68643
215.4330 -34.75067
215.4822 -34.81828
215.5272 -34.89040
215.5646 -34.96819
215.6033 -35.04534
215.6441 -35.11958
215.6898 -35.18920
>  Pacific Ocean: PAC PLATE, set 11 or PAC PLATE, set 12 isochron: 30??
195.6521  49.36326
195.7541  49.35889
195.8587  49.35357
195.9655  49.35024
196.0732  49.34718
196.1795  49.34155
196.2840  49.32880
196.3871  49.31291
196.5846  49.29382
196.6797  49.29229
196.8684  49.28813
196.9630  49.28549
197.1519  49.28705
197.3364  49.29094
197.4289  49.29603
197.5238  49.30910
197.6202  49.32988
197.7188  49.34634
197.8184  49.35337
197.9203  49.34437
198.0251  49.32762
198.1332  49.30052
198.2438  49.26737
198.3445  49.22397
198.4319  49.17381
198.4968  49.11745
198.5489  49.05862
198.5808  48.99818
198.5921  48.93645
198.5850  48.87309
198.5616  48.76186
198.5728  48.69347
198.5966  48.61936
198.6129  48.54144
198.6184  48.47512
198.6442  48.41054
198.6754  48.35430
198.7176  48.28181
198.7391  48.22026
198.7679  48.13245
198.8033  48.06293
198.8450  47.98917
198.8838  47.91946
198.9170  47.85499
198.9664  47.72805
198.9891  47.66405
199.0149  47.59964
199.0420  47.53393
199.0682  47.46727
199.0948  47.39994
199.1192  47.33164
199.1501  47.26110
199.1849  47.18834
199.2237  47.11664
199.2608  47.04815
199.3011  46.98282
199.3453  46.91829
199.3943  46.85239
199.4411  46.78587
199.4848  46.71867
199.5497  46.61655
199.5904  46.55555
199.6343  46.49652
199.6729  46.43900
199.7126  46.38536
199.7556  46.32980
199.8018  46.27261
199.8474  46.19322
199.8807  46.12783
>           Pacific Ocean: PACIFIC PLATE, set 11 isochron: 30??
214.6890  37.61142
214.7186  37.51672
214.7509  37.42583
214.7812  37.34204
214.8080  37.26649
214.8252  37.19812
214.8368  37.13301
214.8421  37.06730
214.8467  36.99984
214.8521  36.93011
214.8609  36.85471
214.8718  36.77365
214.8875  36.68577
214.9102  36.59780
214.9411  36.50747
214.9742  36.41983
214.9996  36.33324
215.0174  36.25161
215.0289  36.17274
215.0426  36.09717
215.0556  36.02434
215.0720  35.95372
215.0899  35.88419
>           Pacific Ocean: PACIFIC PLATE, set 12 isochron: 30
175.3896  46.61216
175.4853  46.61139
175.5801  46.60926
175.6732  46.60673
175.7661  46.60542
175.9502  46.60788
176.1307  46.61164
176.2192  46.61419
176.3924  46.61996
176.5664  46.62479
176.7470  46.62566
176.9289  46.62484
177.0169  46.62556
177.1924  46.62930
177.3711  46.63004
177.4613  46.63199
177.6398  46.63779
177.8147  46.63862
177.9904  46.63910
178.1616  46.64160
178.3326  46.64579
178.4189  46.65046
>           Pacific Ocean: PACIFIC PLATE, set 12 isochron: 30
178.2896  47.49700
178.4743  47.50674
178.5673  47.51224
178.7542  47.51907
178.9395  47.52113
179.1268  47.52917
179.3139  47.53886
179.4911  47.54325
179.6657  47.54740
179.8392  47.55780
>           Pacific Ocean: PACIFIC PLATE, set 12 isochron: 30
179.8935  47.62551
179.9917  47.62275
180.0877  47.62185
180.1807  47.62127
180.3603  47.61961
180.5409  47.62106
180.7245  47.62347
180.9066  47.62397
181.0907  47.62697
181.2689  47.63493
181.3555  47.63868
>           Pacific Ocean: PACIFIC PLATE, set 12 isochron: 30??
182.8504  47.64007
183.0333  47.62672
183.2194  47.62098
183.3161  47.61555
183.4162  47.61010
183.5196  47.60727
183.6195  47.60921
183.8080  47.61555
183.9921  47.61870
184.0869  47.62217
184.1842  47.62472
184.2816  47.63053
184.3768  47.63605
184.5602  47.64837
184.7500  47.65649
184.8544  47.65956
184.9617  47.65936
185.0686  47.65826
185.1720  47.65868
185.2715  47.66328
185.3689  47.66730
185.5652  47.66708
185.6685  47.66455
185.7762  47.66109
185.8792  47.65974
185.9795  47.66048
186.0791  47.66449
186.1829  47.66669
186.2907  47.66618
186.3975  47.66124
186.4995  47.65665
186.6873  47.64610
>           Pacific Ocean: PACIFIC PLATE, set 12 isochron: 30??
186.9899  49.76333
187.0905  49.77542
187.1910  49.78295
187.2945  49.78676
187.4014  49.78912
187.5136  49.78972
187.6240  49.78864
187.7299  49.78477
187.9398  49.78611
188.0526  49.79408
188.1636  49.80289
188.2699  49.81034
188.3685  49.81446
188.4646  49.81861
188.6574  49.82097
188.8597  49.81730
188.9688  49.81171
189.0820  49.80325
189.1966  49.79166
189.3081  49.78205
189.4179  49.77787
189.5270  49.77651
189.6391  49.77570
189.7508  49.77206
189.8585  49.77015
189.9601  49.77000
190.1565  49.77545
190.3630  49.77740
190.4681  49.77580
190.5697  49.77451
190.6673  49.77185
190.8584  49.77537
191.0524  49.78622
191.2487  49.78912
191.4531  49.77918
191.5602  49.76958
>           Pacific Ocean: PACIFIC PLATE, set 12 isochron: 30??
182.8457  47.63897
182.7486  47.63404
182.5574  47.63355
182.3743  47.64286
182.1817  47.64771
182.0792  47.65157
181.9754  47.65749
181.8778  47.66078
181.7841  47.66320
181.6051  47.65835
181.4237  47.64692
>           Pacific Ocean: ANTARCTICA PLATE, set 01 isochron: 30
240.0601 -65.21742
240.1950 -65.16994
240.3332 -65.12119
240.4734 -65.07025
240.6171 -65.01161
240.7559 -64.95135
240.8909 -64.89041
>           Pacific Ocean: ANTARCTICA PLATE, set 01 isochron: 30
250.2121 -64.34448
250.2950 -64.27509
250.3867 -64.20621
250.4860 -64.13898
250.5805 -64.07401
250.6651 -64.01163
250.7443 -63.94879
250.8242 -63.88121
250.9097 -63.80855
250.9937 -63.73421
251.0722 -63.66302
251.1458 -63.59447
251.2180 -63.52698
251.2958 -63.46027
251.3743 -63.39371
251.4542 -63.32634
251.5285 -63.25760
251.6015 -63.18616
251.6751 -63.11453
251.7453 -63.04085
251.8098 -62.96953
251.8745 -62.89931
251.9495 -62.83177
252.0370 -62.76567
252.1169 -62.69939
252.1890 -62.63359
252.2523 -62.56577
252.3211 -62.49646
252.3899 -62.42412
252.4635 -62.35127
252.5386 -62.28053
252.6177 -62.21288
252.6886 -62.14696
252.7573 -62.08028
252.8199 -62.01215
252.8893 -61.94353
252.9567 -61.87511
253.0269 -61.80682
253.0901 -61.73907
253.1533 -61.67149
253.2158 -61.60574
253.2860 -61.53954
253.3548 -61.47385
253.4228 -61.40701
253.4839 -61.34070
253.5499 -61.27393
253.6192 -61.20706
>           North Atlantic Ocean: NORTH AMERICA PLATE, set 02 isochron: 30
316.9471  38.32810
316.8456  38.23413
316.7609  38.14668
316.6964  38.06575
316.6443  37.99246
316.5992  37.92075
316.5611  37.85230
316.5305  37.79044
316.4723  37.68534
316.4036  37.56844
>           North Atlantic Ocean: NORTH AMERICA PLATE, set 02 isochron: 30
315.9720  37.51801
315.9109  37.45136
315.8483  37.38298
315.7831  37.31287
315.7143  37.24271
315.6414  37.17804
315.5699  37.11891
315.5019  37.06472
315.4359  37.00995
315.3615  36.95347
315.2823  36.89020
315.2011  36.82352
315.1247  36.75401
315.0434  36.69172
314.9670  36.63329
314.8941  36.58213
314.8358  36.52644
314.7740  36.46904
314.7094  36.40484
314.6288  36.34171
314.5420  36.27795
314.4482  36.21749
314.3593  36.15756
314.2745  36.10098
314.1967  36.04776
314.1218  35.99846
>           North Atlantic Ocean: NORTH AMERICA PLATE, set 02 isochron: 30
313.8965  36.19135
313.8367  36.12804
313.7721  36.06413
313.7047  35.99960
313.6443  35.93443
313.5887  35.86527
313.5311  35.79376
313.4582  35.71824
313.3763  35.64429
313.2874  35.56573
313.1998  35.48993
313.1144  35.41580
313.0429  35.35013
312.9860  35.28443
312.9360  35.21986
312.8790  35.15351
312.8109  35.09280
312.7366  35.03031
312.6630  34.96835
312.5915  34.90176
312.5207  34.83512
312.4436  34.76268
312.3665  34.68439
312.2894  34.60606
312.2207  34.53515
312.1499  34.47226
312.0777  34.41219
>           North Atlantic Ocean: NORTH AMERICA PLATE, set 02 isochron: 30
310.7146  33.72741
310.6869  33.65870
310.6556  33.58818
310.6195  33.51587
310.5737  33.44233
310.5175  33.36927
310.4523  33.29675
>           North Atlantic Ocean: NORTH AMERICA PLATE, set 02 isochron: 30
307.5329  31.06601
307.4766  31.00898
307.4273  30.94654
307.3863  30.87564
307.3538  30.79691
307.3253  30.71451
307.2983  30.63446
307.2747  30.55614
307.2567  30.48080
307.2457  30.40543
>           North Atlantic Ocean: NORTH AMERICA PLATE, set 02 isochron: 30
304.5580  27.84416
304.5372  27.77665
304.5143  27.70974
304.4907  27.64339
304.4699  27.57144
304.4505  27.49446
304.4269  27.40872
304.3978  27.32043
304.3659  27.22895
304.3347  27.13617
304.3063  27.04205
304.2779  26.94723
304.2529  26.85733
304.2273  26.77362
304.2037  26.69672
304.1794  26.62476
304.1552  26.55339
304.1323  26.48322
304.1094  26.41177
304.0879  26.34151
304.0616  26.27059
304.0421  26.21031
304.0207  26.12299
304.0089  26.08652
>           North Atlantic Ocean: NORTH AMERICA PLATE, set 02 isochron: 30
304.0285  25.01250
304.0105  24.93314
303.9890  24.84993
303.9661  24.76284
303.9460  24.67762
303.9336  24.59809
303.9232  24.52296
303.9129  24.44395
303.8983  24.36362
303.8831  24.28451
303.8665  24.21365
303.8527  24.14787
303.8430  24.08396
303.8347  24.01299
303.8257  23.93301
303.8105  23.85492
303.7542  23.76137
>           North Atlantic Ocean: NORTH AMERICA PLATE, set 02 isochron: 30
303.0166  23.18237
302.9889  23.04449
302.9653  22.92202
302.9480  22.81817
302.9279  22.73423
302.9134  22.65930
302.9016  22.59209
302.8982  22.52485
302.8955  22.45886
302.8942  22.39027
302.8922  22.32163
302.8825  22.25491
302.8582  22.16350
302.8798  22.10647
>           North Atlantic Ocean: NORTH AMERICA PLATE, set 02 isochron: 30
303.0866  21.61557
303.0735  21.52502
303.0624  21.43835
303.0506  21.35686
303.0410  21.27793
303.0292  21.20418
303.0139  21.13235
302.9938  21.06177
302.9682  20.98788
302.9432  20.91396
302.9190  20.83868
302.8975  20.76075
302.8767  20.68148
302.8503  20.60283
302.8212  20.53067
302.7942  20.45980
302.7720  20.38363
302.7512  20.29891
302.7269  20.21151
302.7061  20.13261
302.6895  20.06223
302.6707  19.99511
302.6472  19.92729
302.6173  19.85809
302.5931  19.79155
302.5695  19.72364
302.5529  19.65569
302.5363  19.58378
302.5231  19.50919
302.5086  19.42928
302.4885  19.34801
302.4705  19.26868
302.4497  19.19526
302.4352  19.12379
302.4178  19.05296
302.3984  18.98144
302.3734  18.91319
302.3436  18.84821
302.3165  18.78587
302.2950  18.72350
302.2770  18.65911
302.2624  18.59273
302.2465  18.52566
302.2320  18.45790
302.2146  18.38745
302.1938  18.31097
302.1724  18.23048
302.1488  18.14794
302.1280  18.06271
302.1100  17.97611
302.0948  17.89013
302.0844  17.81213
302.0699  17.73342
302.0539  17.65199
302.0297  17.56250
302.0061  17.47900
301.9832  17.40147
301.9618  17.33057
301.9354  17.25832
301.9021  17.18400
301.8639  17.10834
>           North Atlantic Ocean: NORTH AMERICA PLATE, set 02 isochron: 30??
311.9901  34.47433
311.9345  34.40968
311.8810  34.34324
311.8310  34.27732
311.7845  34.21310
311.7401  34.15173
>           North Atlantic Ocean: NORTH AMERICA PLATE, set 02 isochron: 30??
311.5087  34.15662
311.4566  34.08881
311.4121  34.02097
311.3733  33.95364
311.3323  33.88512
311.2914  33.82060
311.2525  33.75955
>           North Atlantic Ocean: NORTH AMERICA PLATE, set 02 isochron: 30??
309.0200  33.05245
308.9839  32.99022
308.9520  32.92738
308.9242  32.86275
308.8944  32.79807
308.8687  32.73275
308.8507  32.66917
308.8348  32.60612
308.7960  32.47813
308.7738  32.41022
308.7495  32.34108
308.7210  32.27189
308.6961  32.20500
308.6704  32.13924
308.6455  32.07404
308.6184  32.00643
308.5907  31.93577
308.5602  31.86150
308.5240  31.78598
308.4894  31.71397
308.4582  31.64488
308.4304  31.57933
308.4013  31.51371
308.3708  31.45103
308.3396  31.39013
>           North Atlantic Ocean: NORTH AMERICA PLATE, set 02 isochron: 30??
308.2081  31.51883
308.1761  31.45078
308.1386  31.38265
308.0998  31.31331
308.0637  31.24332
308.0283  31.17326
307.9873  31.10257
307.9464  31.03000
307.9034  30.95079
307.8631  30.86971
307.8243  30.78796
307.7917  30.68452
307.7710  30.62313
>           North Atlantic Ocean: NORTH AMERICA PLATE, set 02 isochron: 30??
306.5451  30.43157
306.4589  30.34273
306.3867  30.25987
306.3291  30.18181
306.2819  30.10492
306.2361  30.02797
306.1902  29.95459
306.1486  29.88481
306.1132  29.81618
306.0847  29.74754
306.0563  29.67640
306.0209  29.60094
305.9828  29.51934
305.9384  29.43523
305.9009  29.35533
305.8579  29.28146
305.8162  29.21304
305.7655  29.14640
305.7142  29.08031
>           North Atlantic Ocean: NORTH AMERICA PLATE, set 02 isochron: 30??
305.5078  29.09101
305.4480  29.02059
305.3952  28.95134
305.3487  28.87839
305.3127  28.80112
305.2745  28.72195
305.2328  28.65070
305.1822  28.58615
305.1329  28.52462
305.0864  28.45812
305.0406  28.38359
304.9933  28.30225
304.9482  28.21775
304.9080  28.13319
304.8684  28.04732
304.8289  27.96078
304.7914  27.87788
304.7582  27.79990
>           North Atlantic Ocean: NORTH AMERICA PLATE, set 02 isochron: 30??
309.4196  33.34591
309.3800  33.28094
309.3432  33.21243
309.3092  33.14153
309.2759  33.07178
>           North Atlantic Ocean: AFRICA PLATE, set 01 isochron: 30
336.6705  37.07892
336.6343  37.01690
336.6003  36.95263
336.5684  36.88493
336.5309  36.81327
336.4921  36.74209
336.4511  36.67197
336.4136  36.60401
336.3762  36.53601
336.3394  36.46853
>           North Atlantic Ocean: AFRICA PLATE, set 01 isochron: 30
334.9392  35.12408
334.9073  35.04903
334.8754  34.97683
334.8386  34.90454
334.7920  34.82929
334.7399  34.75111
334.6844  34.67459
334.6330  34.59969
334.5775  34.52763
334.5206  34.45897
334.4581  34.39428
>           North Atlantic Ocean: AFRICA PLATE, set 01 isochron: 30
333.4009  34.16396
333.3543  34.10021
333.3099  34.03814
333.2669  33.97603
333.2259  33.91098
333.1815  33.84180
333.1308  33.76967
333.0760  33.69862
333.0218  33.62869
332.9774  33.56280
332.8996  33.44896
332.8142  33.33845
332.7691  33.27641
332.7219  33.21199
332.6747  33.14635
332.6246  33.07948
332.5740  33.01022
332.5199  32.94034
>           North Atlantic Ocean: AFRICA PLATE, set 01 isochron: 30
331.6820  32.37197
331.6104  32.27725
331.5500  32.19195
331.5028  32.11726
331.4542  32.04548
331.4008  31.97187
>           North Atlantic Ocean: AFRICA PLATE, set 01 isochron: 30
331.0754  31.93935
331.0393  31.87096
330.9983  31.79660
330.9484  31.71444
330.8886  31.63100
330.8171  31.55524
330.7380  31.48892
>           North Atlantic Ocean: AFRICA PLATE, set 01 isochron: 30
329.7056  31.54113
329.6709  31.47667
329.6376  31.40918
329.6043  31.33921
329.5689  31.26563
329.5293  31.19320
329.4870  31.12130
>           North Atlantic Ocean: AFRICA PLATE, set 01 isochron: 30
329.3495  30.99703
329.2786  30.87745
329.2217  30.77645
329.1815  30.69221
329.1433  30.61689
329.1051  30.54033
329.0600  30.46251
329.0149  30.38399
328.9684  30.30542
328.9274  30.23222
328.8823  30.16325
328.8379  30.09722
328.7899  30.03052
328.7497  29.95954
328.7059  29.88122
328.6622  29.79496
328.6129  29.70498
328.5692  29.61797
328.5269  29.53514
328.4874  29.45593
>           North Atlantic Ocean: AFRICA PLATE, set 01 isochron: 30
328.0370  29.30162
327.9842  29.21970
327.9343  29.14080
327.8885  29.06430
327.8378  28.99080
327.7857  28.92031
327.7322  28.85591
327.6864  28.78962
327.6447  28.72022
327.6059  28.64527
>           North Atlantic Ocean: AFRICA PLATE, set 01 isochron: 30
327.0365  28.67208
326.9538  28.50779
326.8935  28.38405
326.8554  28.29902
326.8283  28.23117
326.8013  28.15897
326.7743  28.08425
>           North Atlantic Ocean: AFRICA PLATE, set 01 isochron: 30
325.2747  25.68868
325.2122  25.51108
325.1630  25.36752
325.1297  25.25230
325.1020  25.14900
325.0799  25.04500
325.0577  24.95171
325.0432  24.86852
325.0266  24.79161
325.0106  24.71403
324.9863  24.63636
324.9607  24.55484
324.9344  24.47134
324.9122  24.38079
324.8949  24.29016
324.8832  24.19695
324.8756  24.10498
>           North Atlantic Ocean: AFRICA PLATE, set 01 isochron: 30
323.9559  24.06906
323.8698  23.85638
323.7997  23.69617
323.7414  23.58450
323.6949  23.49391
323.6498  23.39618
323.6165  23.30034
323.5895  23.21282
323.5681  23.13749
323.5445  23.06532
323.5174  22.98923
323.4876  22.90667
>           North Atlantic Ocean: AFRICA PLATE, set 01 isochron: 30
324.9829  22.98440
324.9733  22.88632
324.9615  22.79208
324.9470  22.70361
324.9283  22.62862
324.9137  22.56007
324.8999  22.49018
324.8860  22.40926
324.8660  22.32050
324.8445  22.23558
324.8258  22.16036
324.8078  22.09223
324.7911  22.02144
324.7724  21.94544
324.7565  21.86745
324.7399  21.79591
324.7246  21.72955
324.6984  21.59544
324.6859  21.52379
324.6693  21.45338
324.6506  21.38490
324.6298  21.31377
324.6096  21.23803
324.5875  21.15440
324.5688  21.07402
324.5515  20.99556
324.5348  20.92425
324.5161  20.85290
324.4987  20.78284
324.4836  20.71208
324.4697  20.64130
324.4531  20.56718
324.4378  20.49107
324.4240  20.41229
324.4150  20.34072
324.4060  20.27570
324.3915  20.18697
324.3812  20.10474
324.3660  20.01460
324.3570  19.93032
324.3320  19.85191
324.3175  19.76029
324.3051  19.68378
324.2919  19.61978
324.2725  19.54650
324.2448  19.45467
324.2198  19.38398
324.1983  19.31387
324.1963  19.24446
324.1845  19.15578
324.1575  19.06242
324.1388  18.98493
324.1277  18.91137
324.1069  18.79200
324.0896  18.70110
324.0689  18.60948
324.0481  18.52446
324.0280  18.44337
324.0058  18.36292
323.9780  18.28375
323.9538  18.20055
323.9309  18.11063
323.9164  18.01405
323.8991  17.92541
323.8880  17.84339
323.8714  17.76735
323.8625  17.68925
323.8465  17.61314
323.8299  17.53898
323.8049  17.46479
323.7841  17.38855
323.7710  17.31164
323.7648  17.23872
323.7607  17.17045
323.7510  17.10416
323.7351  17.02778
323.7157  16.93662
323.6935  16.82464
323.6727  16.71056
323.6492  16.60181
323.6326  16.51315
323.6167  16.43722
323.6084  16.37135
323.5952  16.27654
323.5800  16.20522
323.5522  16.12040
323.5419  16.05508
323.5204  15.97356
323.4912  15.90210
323.4767  15.83064
323.4649  15.74635
323.4476  15.65797
323.4408  15.58374
323.4332  15.49868
323.4235  15.41290
323.4152  15.34940
323.3979  15.28383
323.3848  15.18105
323.3619  15.06129
323.3509  14.99359
323.3398  14.92725
323.3280  14.86088
323.3127  14.79041
323.2940  14.71585
>           North Atlantic Ocean: AFRICA PLATE, set 01 isochron: 30??
335.8077  36.32089
335.7716  36.24924
335.7397  36.17811
335.7113  36.10523
335.6801  36.02830
335.6447  35.95017
335.6072  35.87592
335.5683  35.80557
335.5260  35.73403
335.4774  35.65785
335.4281  35.57990
335.3788  35.50529
335.3330  35.43288
335.2865  35.35986
335.2428  35.28391
335.1935  35.20845
335.1394  35.13465
>           North Atlantic Ocean: AFRICA PLATE, set 01 isochron: 30??
332.5011  32.96671
332.4503  32.88676
332.4038  32.81266
332.3559  32.74908
332.3080  32.69135
332.2538  32.63650
332.1997  32.57572
332.1371  32.51075
332.0691  32.43984
331.9948  32.36709
>           North Atlantic Ocean: AFRICA PLATE, set 01 isochron: 30??
326.5177  28.06165
326.4629  27.91749
326.4234  27.79616
326.3964  27.69702
326.3714  27.60896
326.3409  27.52392
326.3090  27.44067
326.2841  27.36107
326.2633  27.28332
326.2473  27.21111
326.2265  27.14136
326.2029  27.07278
326.1717  27.00165
326.1370  26.92986
326.1003  26.85489
326.0628  26.77923
326.0274  26.70167
325.9941  26.62468
325.9643  26.54951
325.9303  26.47430
325.8900  26.39965
325.8463  26.32307
325.8046  26.24516
325.7672  26.16472
325.7290  26.08295
325.6915  26.00113
325.6555  25.92240
325.6235  25.84678
325.5937  25.77742
325.5659  25.71117
325.5410  25.64679
325.5188  25.58111
>           South Atlantic Ocean: SOUTH AMERICA PLATE, set 01 isochron: 30
304.7480  16.10867
304.7216  16.02312
304.6945  15.93550
304.6689  15.84381
304.6446  15.74602
304.6225  15.64278
304.6031  15.54018
304.5823  15.43955
304.5644  15.35036
304.5443  15.26789
304.5276  15.19147
304.5096  15.11504
304.4923  15.03925
>           South Atlantic Ocean: SOUTH AMERICA PLATE, set 01 isochron: 30
336.4656  -6.37641
336.4717  -6.44711
336.4786  -6.52614
336.4856  -6.61624
336.4913  -6.72091
336.4901  -6.83534
336.4828  -6.95675
>           South Atlantic Ocean: AFRICA PLATE, set 02 isochron: 30
  0.4963 -26.48305
  0.5220 -26.56644
  0.5553 -26.64539
  0.5928 -26.72173
  0.6283 -26.80178
  0.6554 -26.88248
  0.6777 -26.96068
  0.7033 -27.03259
  0.7289 -27.10008
  0.7531 -27.16694
  0.7774 -27.23994
  0.8052 -27.32030
  0.8420 -27.40240
  0.8712 -27.47770
  0.8983 -27.55296
  0.9198 -27.63128
  0.9490 -27.71507
  0.9851 -27.79195
  1.0254 -27.86441
  1.0656 -27.93374
  1.1009 -28.00612
  1.1356 -28.07849
  1.1724 -28.15140
  1.2064 -28.22305
  1.2349 -28.29593
  1.2613 -28.37245
  1.2926 -28.45869
  1.3268 -28.54974
  1.3602 -28.64072
  1.3929 -28.72124
  1.4290 -28.79433
  1.4685 -28.86549
  1.5053 -28.94151
  1.5352 -29.02301
  1.5576 -29.10640
>           South Atlantic Ocean: ANTARCTICA PLATE, set 03 isochron: 30
350.8766 -62.57887
350.6848 -62.71466
350.5067 -62.84148
>           South Atlantic Ocean: ANTARCTICA PLATE, set 03 isochron: 30
345.3312 -62.61525
345.2239 -62.68878
345.1169 -62.75870
345.0064 -62.82434
344.8986 -62.88696
344.7955 -62.94847
344.7014 -63.00954
>           South Atlantic Ocean: ANTARCTICA PLATE, set 03 isochron: 30
343.5851 -63.44267
343.4978 -63.51065
343.4171 -63.57663
343.3427 -63.64056
343.2668 -63.70164
343.1851 -63.76140
>           Indian Ocean: AFRICA PLATE, set 03 isochron: 30
 20.6358 -46.91589
 20.8040 -46.94919
 20.9528 -46.97438
 21.0752 -46.99684
 21.1774 -47.01233
 21.3615 -47.03586
 21.4560 -47.04335
 21.5525 -47.05318
 21.6477 -47.06917
 21.7430 -47.08846
>           Indian Ocean: AFRICA PLATE, set 07 isochron: 30
 50.5468 -31.39444
 50.6890 -31.48051
 50.8349 -31.57594
 50.9829 -31.68546
 51.1317 -31.79485
 51.2785 -31.90292
>           Indian Ocean: AFRICA PLATE, set 07 isochron: 30?
 51.6870 -22.99757
 51.8751 -23.12678
 52.0391 -23.24120
 52.1795 -23.34348
 52.3088 -23.44702
 52.4401 -23.55176
 52.5729 -23.65450
 52.7036 -23.75778
 52.8294 -23.86991
 52.9532 -23.98706
 53.0811 -24.10157
 53.2167 -24.20767
 53.3543 -24.30795
 53.4842 -24.40310
 53.6086 -24.49315
 53.7282 -24.58758
 53.8422 -24.67627
 53.9299 -24.75491
 53.9869 -24.80457
 54.0329 -24.86311
 54.0703 -24.87052
>           Indian Ocean: AFRICA PLATE, set 09 isochron: 30
 56.8459 -12.80984
 56.9632 -12.90097
 57.0855 -12.99950
 57.2113 -13.10408
 57.3309 -13.21948
 57.4360 -13.34372
 57.5280 -13.47816
>           Indian Ocean: AFRICA PLATE, set 09 isochron: 30
 56.3566 -15.56628
 56.5442 -15.72906
 56.6985 -15.86235
 56.8230 -15.96289
 56.9252 -16.06215
 57.0364 -16.17001
 57.1505 -16.29453
 57.2703 -16.42364
>           Indian Ocean: AFRICA PLATE, set 10 isochron: 30
 53.4299 -16.88153
 53.6493 -17.06369
 53.8280 -17.21589
 53.9643 -17.33030
 54.0804 -17.41748
>           Indian Ocean: AFRICA PLATE, set 10 isochron: 30
 52.1069 -20.16315
 52.3881 -20.42373
 52.6094 -20.63071
 52.7695 -20.78759
 52.9086 -20.92099
 53.0421 -21.05429
 53.1667 -21.18620
 53.2775 -21.31809
>           Indian Ocean: ANTARCTICA PLATE, set 10 isochron: 30
 51.3946 -44.07231
 51.6537 -44.16179
 51.8773 -44.24426
 52.0676 -44.32054
 52.2414 -44.39471
 52.4145 -44.46681
 52.5814 -44.53481
 52.7434 -44.60323
 52.9082 -44.66862
 53.0820 -44.73843
 53.2647 -44.81062
 53.4460 -44.89009
 53.6210 -44.97479
 53.7897 -45.06332
 53.9584 -45.15370
 54.1280 -45.23317
 54.3004 -45.30569
 54.4749 -45.37032
 54.6308 -45.43329
 54.7440 -45.48190
 54.8136 -45.51816
>           Indian Ocean: ANTARCTICA PLATE, set 10 isochron: 30
 55.5083 -50.67752
 55.6971 -50.73630
 55.8894 -50.80501
 56.0858 -50.88457
 56.2842 -50.96880
 56.4908 -51.05988
 56.7152 -51.15916
 56.9556 -51.26695
 57.2023 -51.37233
 57.4354 -51.46747
 57.6555 -51.54811
 57.8618 -51.61995
 58.0642 -51.68852
>           Indian Ocean: ANTARCTICA PLATE, set 10 isochron: 303
 54.6081 -48.60722
 54.8139 -48.69432
 55.0144 -48.77701
 55.2108 -48.85722
 55.4134 -48.94469
 55.6221 -49.03880
 55.8323 -49.13457
 56.0375 -49.23463
 56.2400 -49.33856
 56.4436 -49.44948
>           Indian Ocean: ANTARCTICA PLATE, set 10 isochron: 30?
 53.7105 -46.81705
 53.9121 -46.85455
 54.1069 -46.89183
 54.2914 -46.92947
 54.4717 -46.96521
 54.6569 -46.99957
 54.8517 -47.03767
 55.0546 -47.08809
 55.2547 -47.15352
 55.4471 -47.22920
 55.6307 -47.30940
>           Indian Ocean: AUSTRALIA PLATE, set 13 isochron: 30
 76.3824  -4.34895
 76.5197  -4.36214
 76.6583  -4.36836
 76.7969  -4.36972
 76.9334  -4.37248
 77.0699  -4.37872
 77.2100  -4.38772
 77.3562  -4.39529
 77.5059  -4.40006
 77.6550  -4.40345
 77.7943  -4.41174
 77.9294  -4.42285
 78.0674  -4.43256
 78.2219  -4.43801
 78.3917  -4.44754
 78.5720  -4.46256
>           Indian Ocean: AUSTRALIA PLATE, set 13 isochron: 30
 80.1338  -7.00094
 80.3431  -7.02963
 80.5269  -7.05080
 80.6828  -7.06382
 80.8256  -7.07483
 80.9643  -7.08586
 81.1015  -7.09898
 81.2325  -7.11351
 81.3656  -7.12665
 81.5036  -7.13423
 81.6498  -7.13621
>           Indian Ocean: AUSTRALIA PLATE, set 13 isochron: 30
 82.5531  -8.63518
 82.7250  -8.63777
 82.8789  -8.64385
 83.0168  -8.65002
 83.1471  -8.64866
 83.2774  -8.64798
 83.4042  -8.65283
 83.5283  -8.66114
 83.6510  -8.66668
>           Indian Ocean: AUSTRALIA PLATE, set 13 isochron: 30
 91.4654   4.26089
 91.7531   4.25411
 91.9901   4.24699
 92.1766   4.23823
 92.3346   4.22793
 92.4822   4.21619
 92.6195   4.20438
>           Indian Ocean: AUSTRALIA PLATE, set 13 isochron: 30?
 86.1411  -0.01054
 86.2679   0.00826
 86.3960   0.00893
 86.5243  -0.00224
 86.6553  -0.02596
 86.7898  -0.03850
 86.9354  -0.04401
 87.0899  -0.04179
 87.2507  -0.04443
 87.4101  -0.05265
 87.5668  -0.05462
 87.7213  -0.05171
 87.8751  -0.04533
>           Indian Ocean: AUSTRALIA PLATE, set 14 isochron: 30
 91.3833 -17.06850
 91.6549 -17.06329
 91.8670 -17.06017
 92.0194 -17.05536
 92.1428 -17.04675
 92.2682 -17.03746
 92.4033 -17.03146
 92.5509 -17.02674
 92.7123 -17.01660
 92.8799 -17.00102
>           Indian Ocean: AUSTRALIA PLATE, set 14 isochron: 30
 93.5325 -16.35504
 93.8783 -16.32411
 94.1443 -16.28925
 94.3285 -16.25747
 94.4829 -16.23931
 94.6465 -16.23516
 94.8162 -16.22694
 94.9714 -16.20807
 95.1113 -16.17188
 95.2407 -16.12968
>           Indian Ocean: AUSTRALIA PLATE, set 14 isochron: 30
 98.9068  -4.98743
 99.1541  -4.95355
 99.3681  -4.93227
 99.5448  -4.92717
 99.7049  -4.93050
 99.8629  -4.92620
100.0271  -4.90937
100.1843  -4.87937
100.3339  -4.84386
100.4716  -4.80421
>           Indian Ocean: AUSTRALIA PLATE, set 16 isochron: 30
151.8418 -34.44469
151.9207 -34.61324
151.9931 -34.76669
152.0589 -34.90502
>           Indian Ocean: AUSTRALIA PLATE, set 16 isochron: 30
151.7109 -35.21948
151.8215 -35.47047
151.9174 -35.67286
152.0002 -35.82785
152.0783 -35.96268
152.1579 -36.09730
152.2361 -36.22832
152.3103 -36.35516
152.3864 -36.48459
152.4646 -36.61828
152.5448 -36.75398
152.6223 -36.88722
152.6991 -37.02187
152.7767 -37.15918
>           Indian Ocean: AUSTRALIA PLATE, set 16 isochron: 30
154.2137 -41.74490
154.3524 -41.98389
154.4730 -42.18257
154.5763 -42.33687
154.6738 -42.46759
154.7722 -42.59349
>           Indian Ocean: AUSTRALIA PLATE, set 16 isochron: 30
153.8033 -47.08748
153.8954 -47.21706
153.9857 -47.34592
154.0712 -47.47537
154.1553 -47.60498
154.2373 -47.73566
154.3254 -47.86559
154.4170 -47.99753
154.5135 -48.12917
154.6079 -48.26138
154.7044 -48.38914
154.7975 -48.51654
154.8913 -48.64406
154.9871 -48.77542
155.0893 -48.90845
>           Indian Ocean: AUSTRALIA PLATE, set 16 isochron: 30??
153.0945 -39.76852
153.2270 -40.08795
153.3338 -40.33333
153.4128 -40.50467
153.4867 -40.63736
153.5641 -40.76768
153.6464 -40.89415
153.7276 -41.01781
>           Indian Ocean: AUSTRALIA PLATE, set 16 isochron: 30??
154.4108 -43.27737
154.5053 -43.47290
154.5979 -43.63995
154.6885 -43.77855
>           Indian Ocean: AUSTRALIA PLATE, set 17 isochron: 30
156.2234 -33.37966
156.4380 -33.58305
156.6122 -33.74687
156.7427 -33.87242
156.8574 -33.98029
156.9721 -34.08691
157.0903 -34.19228
157.2134 -34.29409
157.3390 -34.40556
157.4688 -34.52322
157.5950 -34.64698
157.7232 -34.77114
157.8480 -34.89963
157.9713 -35.03078
158.0907 -35.16173
>           Indian Ocean: AUSTRALIA PLATE, set 17 isochron: 30??
158.2077 -37.53719
158.3983 -37.71568
158.5621 -37.86996
158.7034 -38.00397
158.8294 -38.13319
158.9560 -38.26767
159.0787 -38.40358
>           Indian Ocean: AUSTRALIA PLATE, set 17 isochron: 30??
159.9626 -39.23068
160.0747 -39.35054
160.1924 -39.47458
160.3204 -39.60066
160.4513 -39.72495
160.5831 -39.84581
160.7108 -39.96535
>           Indian Ocean: AUSTRALIA PLATE, set 17 isochron: 30??
158.8800 -42.67421
159.0348 -42.86209
159.1705 -43.02556
159.2914 -43.16162
159.4042 -43.28564
159.5170 -43.40887
159.6228 -43.53632
159.7258 -43.66351
159.8335 -43.79198
159.9511 -43.91824
160.0773 -44.04388
>           Indian Ocean: AUSTRALIA PLATE, set 17 isochron: 30??
160.9838 -45.59486
161.1637 -45.76561
161.3175 -45.91641
161.4446 -46.05020
161.5620 -46.17924
161.6810 -46.31339
