>           Pacific Ocean: PACIFIC PLATE, set 06 isochron: 19
215.9334 -50.64291
216.0333 -50.60719
>           Pacific Ocean: PACIFIC PLATE, set 06 isochron: 19
222.5450 -50.03912
222.6450 -49.91823
>           Pacific Ocean: PACIFIC PLATE, set 06 isochron: 19
224.6450 -47.79510
224.6763 -47.72388
224.7111 -47.65164
224.7521 -47.57556
224.7986 -47.49937
224.8494 -47.41884
224.9022 -47.33817
224.9529 -47.25644
225.0064 -47.17505
225.0599 -47.09212
225.1190 -47.00858
225.1711 -46.92920
225.2231 -46.85640
225.2683 -46.78918
225.3197 -46.72476
225.3710 -46.66122
225.4265 -46.59811
>           Pacific Ocean: PACIFIC PLATE, set 11 isochron: 19
227.2807 -40.49452
227.3262 -40.58191
227.3747 -40.66394
227.4203 -40.74059
227.4646 -40.81291
227.5027 -40.88411
227.5414 -40.95261
227.5760 -41.01839
227.6072 -41.08357
227.6348 -41.14973
227.6652 -41.21846
227.7012 -41.29080
227.7385 -41.36774
227.7800 -41.45345
227.8263 -41.54585
227.8789 -41.64386
227.9335 -41.73552
227.9875 -41.81664
228.0443 -41.88573
228.0942 -41.94952
228.1399 -42.01328
228.1772 -42.08005
228.2180 -42.15138
228.2568 -42.22369
228.2955 -42.29387
228.3308 -42.35983
228.3702 -42.42726
228.4152 -42.49825
228.4636 -42.57271
228.5059 -42.64301
228.5384 -42.70808
228.5633 -42.76854
>           Pacific Ocean: PACIFIC PLATE, set 11 isochron: 19
210.0451  51.26999
210.0326  51.20506
210.0228  51.13984
210.0172  51.07477
210.0147  51.01163
210.0004  50.88923
209.9850  50.82569
209.9581  50.69458
209.9452  50.56438
209.9367  50.49789
209.9292  50.43216
209.9205  50.36789
209.9167  50.30428
209.9088  50.23895
209.9007  50.17167
209.8871  50.10422
209.8751  50.03767
209.8649  49.96944
209.8607  49.89752
209.8599  49.82359
209.8581  49.75230
209.8413  49.62182
209.8277  49.55548
209.8145  49.48540
209.8041  49.41136
209.7986  49.33954
209.7945  49.26934
209.7897  49.19939
209.7817  49.12693
209.7711  49.05479
209.7602  48.98574
209.7469  48.91803
209.7346  48.84931
209.7222  48.77838
209.7131  48.70977
209.6985  48.58370
209.6835  48.46085
209.6658  48.33745
>           Pacific Ocean: PACIFIC PLATE, set 11 isochron: 19
210.2198  43.45655
210.2314  43.32984
210.2263  43.20286
210.2168  43.07805
210.2079  42.94866
210.2012  42.87764
210.1950  42.80474
210.1926  42.73229
210.1949  42.65886
210.2006  42.58505
210.2059  42.51199
210.2084  42.44302
210.2049  42.37670
210.1979  42.31057
210.1896  42.24060
210.1844  42.16575
210.1818  42.08878
210.1800  42.01347
210.1771  41.94191
210.1713  41.87309
210.1639  41.80406
210.1576  41.73429
210.1566  41.66315
210.1587  41.58945
210.1604  41.51368
210.1570  41.43551
210.1520  41.36053
210.1480  41.28743
210.1468  41.21862
210.1457  41.15176
210.1423  41.08748
210.1373  41.02178
210.1324  40.95357
210.1311  40.88299
210.1322  40.81472
210.1334  40.74697
210.1321  40.68023
210.1288  40.61143
210.1244  40.54320
210.1211  40.47365
210.1189  40.40342
>           Pacific Ocean: PACIFIC PLATE, set 11 isochron: 19
212.3692  47.24397
212.3640  47.16912
212.3616  47.09660
212.3620  47.02682
212.3687  46.95792
212.3761  46.88701
212.3806  46.80835
212.3817  46.72628
212.3869  46.63880
212.4011  46.55742
212.4189  46.47927
212.4324  46.41059
212.4398  46.34282
212.4444  46.27398
212.4455  46.19733
212.4458  46.11430
212.4510  46.02729
212.4611  45.93964
212.4740  45.85235
212.4812  45.76392
212.4878  45.67734
212.4930  45.59109
212.4969  45.50814
212.4924  45.42604
212.4823  45.34627
212.4681  45.26688
212.4567  45.18246
212.4445  45.09642
212.4324  45.00880
212.4258  44.92796
212.4249  44.85192
212.4323  44.78123
212.4403  44.71247
>           Pacific Ocean: PACIFIC PLATE, set 11 isochron: 19
220.7317  32.14892
220.7433  32.07729
220.7591  32.00445
220.7790  31.93212
220.8010  31.86153
220.8251  31.79265
220.8513  31.71717
220.8746  31.63269
220.8924  31.54043
220.9033  31.45168
220.9100  31.36763
220.9188  31.28585
220.9310  31.20341
220.9475  31.11971
220.9611  31.03891
220.9713  30.95926
220.9780  30.88494
220.9855  30.81297
220.9950  30.74332
221.0073  30.67363
221.0175  30.60270
221.0256  30.52928
221.0310  30.45282
221.0391  30.37387
221.0514  30.29487
221.0678  30.21640
221.0857  30.14268
221.1021  30.06893
221.1151  29.99390
221.1273  29.91519
221.1382  29.84068
221.1499  29.77097
>           Pacific Ocean: PACIFIC PLATE, set 11 isochron: 19??
224.7011  -4.64021
224.7523  -4.73645
224.7959  -4.82500
224.8326  -4.90727
224.8644  -4.98253
224.8935  -5.05640
224.9218  -5.12749
224.9467  -5.19857
224.9758  -5.27381
225.0021  -5.35113
225.0304  -5.42983
225.0533  -5.50156
225.0747  -5.56842
>           Pacific Ocean: PACIFIC PLATE, set 11 isochron: 19??
224.7041   5.17307
224.7401   5.09293
224.7733   5.01419
224.8031   4.93613
224.8314   4.85178
224.8591   4.76184
224.8881   4.66773
224.9171   4.57150
224.9448   4.48154
224.9711   4.39646
224.9980   4.31764
225.0271   4.23810
225.0554   4.15298
225.0789   4.06226
225.0990   3.96597
225.1190   3.87595
225.1390   3.79359
225.1604   3.71752
225.1791   3.63234
225.2054   3.53809
225.2351   3.43613
225.2704   3.34116
225.2973   3.25246
225.3181   3.17074
225.3312   3.09251
225.3477   3.01707
225.3726   2.94301
225.4072   2.86824
>           Pacific Ocean: PACIFIC PLATE, set 11 isochron: 19??
208.8588  55.70023
208.8333  55.61692
208.8072  55.53466
208.7805  55.45107
208.7530  55.36613
208.7262  55.28339
208.6987  55.20562
208.6720  55.12770
208.6466  55.04402
208.6226  54.95579
208.5992  54.86820
208.5752  54.78400
208.5540  54.70285
208.5335  54.62557
208.5123  54.55378
208.4905  54.48552
208.4686  54.41467
208.4489  54.33802
208.4283  54.25719
208.4085  54.17866
208.3874  54.10240
208.3640  54.02273
208.3372  53.93715
208.3105  53.84692
208.2837  53.75978
208.2590  53.67411
208.2350  53.59239
208.2152  53.51340
208.1996  53.43592
208.1853  53.35494
208.1731  53.26425
208.1595  53.16792
208.1465  53.06976
208.1336  52.97932
208.1166  52.89752
208.1017  52.82443
208.0847  52.75621
208.0733  52.68790
208.0507  52.61654
208.0192  52.54085
>           Pacific Ocean: PACIFIC PLATE, set 11 isochron: 19??
220.8495  29.56914
220.8674  29.50588
220.8832  29.43893
220.8983  29.36829
220.9147  29.28970
220.9381  29.20736
220.9663  29.11396
220.9980  29.01925
221.0282  28.91773
221.0536  28.82286
221.0749  28.73219
221.0913  28.64882
221.1126  28.56536
221.1325  28.47999
221.1566  28.39701
221.1744  28.31643
221.1943  28.23577
221.2066  28.15199
221.2237  28.06630
221.2422  27.97868
221.2691  27.88603
221.2896  27.79208
221.3088  27.70486
221.3197  27.62810
221.3306  27.55873
221.3353  27.49117
221.3462  27.42541
221.3593  27.35962
221.3778  27.29067
221.3943  27.21486
221.4114  27.13343
>           Pacific Ocean: PACIFIC PLATE, set 11 isochron: 19??
221.6731  26.92020
221.7083  26.82661
221.7372  26.74360
221.7613  26.67178
221.7771  26.60116
221.7949  26.52422
221.8092  26.44038
221.8257  26.35395
221.8393  26.26999
221.8530  26.18721
221.8660  26.10437
221.8803  26.01896
221.8995  25.93411
221.9201  25.85487
221.9414  25.78059
221.9634  25.70690
221.9889  25.63064
222.0172  25.55244
222.0434  25.47354
222.0661  25.39462
222.0860  25.31564
222.1087  25.23912
222.1335  25.16194
222.1583  25.08531
222.1782  25.00867
222.1974  24.93387
222.2173  24.85969
>           Pacific Ocean: PACIFIC PLATE, set 12 isochron: 19
170.7413  51.70283
170.8177  51.76398
170.8996  51.82401
170.9855  51.88082
171.0736  51.93387
>           Pacific Ocean: PACIFIC PLATE, set 12 isochron: 19
170.9964  51.56135
171.0861  51.62169
171.1787  51.68150
171.2743  51.74083
>           Pacific Ocean: EURASIA PLATE, set 04 isochron: 19
120.0082   2.63889
120.1406   2.73049
120.2736   2.81858
120.4080   2.90041
120.5432   2.96898
120.6749   3.03197
120.8018   3.09007
120.9265   3.14954
121.0527   3.20415
121.1816   3.25666
121.3119   3.30638
>           Pacific Ocean: NAZCA PLATE, set 06 isochron: 19
281.6060 -21.98508
281.6253 -22.06537
281.6432 -22.13853
281.6654 -22.20518
281.6951 -22.27117
281.7311 -22.34101
281.7643 -22.41467
281.7989 -22.49024
281.8342 -22.57027
281.8708 -22.65285
281.9061 -22.73730
281.9393 -22.81654
281.9718 -22.89510
282.0009 -22.97039
282.0258 -23.04886
282.0486 -23.12342
282.0728 -23.19858
282.1018 -23.27177
282.1350 -23.34686
282.1682 -23.42062
282.1979 -23.49176
282.2263 -23.56160
282.2540 -23.63074
282.2838 -23.69923
282.3121 -23.76639
282.3418 -23.83289
282.3723 -23.90508
282.4062 -23.98235
282.4421 -24.06659
282.4795 -24.15077
282.5161 -24.23872
282.5514 -24.32661
282.5840 -24.41634
282.6143 -24.49966
282.6441 -24.57848
282.6745 -24.65216
282.7063 -24.72832
282.7451 -24.80701
282.7901 -24.88881
282.8448 -24.96677
282.8967 -25.04276
282.9431 -25.11427
282.9784 -25.17942
283.0504 -25.26292
>           Pacific Ocean: NAZCA PLATE, set 06 isochron: 19
283.7015 -17.07152
283.7169 -17.19820
283.7453 -17.26481
283.7821 -17.32940
283.8218 -17.39328
283.8572 -17.45847
283.8947 -17.52963
283.9350 -17.60208
283.9698 -17.66058
283.9893 -17.68250
>           Pacific Ocean: ANTARCTICA PLATE, set 01 isochron: 19
238.4994 -61.29576
238.5947 -61.22853
238.6941 -61.16187
238.7975 -61.09810
238.9010 -61.03485
239.0072 -60.97285
239.1155 -60.90768
239.2349 -60.84273
239.3509 -60.77454
239.4696 -60.70863
239.5848 -60.64601
239.7077 -60.58736
239.8347 -60.52824
239.9590 -60.46559
240.0811 -60.40349
240.1928 -60.34128
240.3067 -60.28239
240.4115 -60.22305
240.5204 -60.16846
240.6238 -60.11415
240.7363 -60.06108
240.8453 -60.00169
240.9529 -59.93762
241.0550 -59.87033
241.1543 -59.80608
241.2584 -59.74730
241.3555 -59.68942
241.4562 -59.63112
241.5513 -59.56633
241.6534 -59.50006
241.7554 -59.43082
241.8638 -59.36569
241.9804 -59.30225
242.1012 -59.24005
242.2234 -59.17456
242.3330 -59.10713
242.4246 -59.04027
242.4980 -58.97548
>           Pacific Ocean: ANTARCTICA PLATE, set 01 isochron: 19
251.5938 -58.80243
251.6813 -58.74077
>           Pacific Ocean: ANTARCTICA PLATE, set 01 isochron: 19
258.6157 -59.57620
258.6756 -59.50560
258.7332 -59.43671
258.7840 -59.37012
258.8375 -59.30591
258.8861 -59.24051
258.9389 -59.17175
258.9876 -59.10001
259.0439 -59.02957
259.0995 -58.96365
259.1619 -58.90157
259.2203 -58.84114
259.2744 -58.78133
259.3627 -58.65596
259.4170 -58.58931
259.4802 -58.52473
259.5503 -58.46075
259.6170 -58.39772
259.6892 -58.33279
259.7661 -58.26743
>           Pacific Ocean: ANTARCTICA PLATE, set 01 isochron: 19
262.8137 -54.95117
262.8416 -54.88150
262.8667 -54.81456
262.8911 -54.75114
262.9509 -54.62926
262.9962 -54.56796
263.0462 -54.50580
263.0879 -54.44269
263.1324 -54.37706
263.1783 -54.30931
263.2304 -54.23981
263.2749 -54.17143
263.3145 -54.10373
263.3479 -54.03592
263.3820 -53.96677
263.4160 -53.89709
263.4488 -53.82938
263.4800 -53.76442
263.5121 -53.70142
263.5448 -53.63789
263.5802 -53.57263
263.6213 -53.50522
263.6728 -53.43686
263.7263 -53.36630
263.7798 -53.29646
263.8257 -53.22401
263.8694 -53.14934
263.9090 -53.07043
>           Pacific Ocean: ANTARCTICA PLATE, set 06 isochron: 19??
283.7990 -61.34012
283.6930 -61.40073
283.5847 -61.45758
283.4695 -61.50703
283.3508 -61.55342
283.2279 -61.59508
283.1056 -61.63567
>           Pacific Ocean: ANTARCTICA PLATE, set 08 isochron: 19
279.7263 -58.44833
279.9634 -58.46851
280.0889 -58.48346
280.2164 -58.50496
280.3495 -58.53044
280.4841 -58.55556
280.6235 -58.57738
280.7608 -58.59846
280.8960 -58.61987
281.0229 -58.64308
281.1456 -58.66809
281.2662 -58.69455
281.3903 -58.72420
281.5165 -58.75313
281.6482 -58.78311
281.7806 -58.81165
281.9165 -58.84302
282.0482 -58.87401
282.1814 -58.90604
282.3138 -58.93411
282.4470 -58.95963
282.5767 -58.98045
282.7035 -59.00272
282.8297 -59.02783
282.9565 -59.05650
283.0807 -59.08586
283.2034 -59.11414
283.4455 -59.16624
>           Pacific Ocean: ANTARCTICA PLATE, set 08 isochron: 19
276.3592 -56.16518
276.4749 -56.19666
276.5920 -56.22726
276.7119 -56.26172
276.8373 -56.30309
276.9649 -56.34558
277.0898 -56.38573
277.2076 -56.42117
277.3201 -56.45734
>           Pacific Ocean: ANTARCTICA PLATE, set 08 isochron: 19
274.4830 -54.44667
274.6014 -54.48439
274.7178 -54.52202
274.8350 -54.56123
274.9507 -54.60361
275.0686 -54.64638
275.1823 -54.68304
275.2941 -54.71199
>           Pacific Ocean: ANTARCTICA PLATE, set 08 isochron: 19
272.2436 -53.36465
272.3482 -53.40044
272.4514 -53.44029
272.5533 -53.48051
272.6497 -53.52528
272.7453 -53.56625
272.8451 -53.61176
272.9595 -53.65761
273.0858 -53.70750
>           Pacific Ocean: ANTARCTICA PLATE, set 08 isochron: 19
266.9450 -52.61952
267.0385 -52.64873
267.1322 -52.67661
>           Pacific Ocean: ANTARCTICA PLATE, set 08 isochron: 19
268.3816 -52.01517
268.5064 -52.05760
>           Pacific Ocean: AUSTRALIA PLATE, set 10 isochron: 19?
167.1802 -18.92496
167.0459 -19.02877
166.9128 -19.14041
166.7784 -19.25527
166.6439 -19.36478
>           Pacific Ocean: PHILIPPINE PLATE, set 05 isochron: 19
128.7930  18.30098
128.9832  18.21795
129.1525  18.14471
129.3002  18.08331
129.4368  18.03185
129.5728  17.98965
129.7102  17.95541
129.8461  17.93179
129.9813  17.91279
130.1145  17.89777
130.2469  17.88143
130.3822  17.85845
130.5182  17.82418
130.6590  17.77330
130.7992  17.71577
130.9421  17.65889
131.0822  17.60863
131.2209  17.55836
131.3569  17.50607
131.4963  17.45378
131.6420  17.40415
131.7925  17.35384
131.9410  17.30219
132.0838  17.25317
132.2232  17.21412
132.3633  17.18574
132.5069  17.16135
132.6546  17.13697
132.8010  17.10990
132.9425  17.08684
133.0763  17.06774
133.2067  17.05327
>           Pacific Ocean: PHILIPPINE PLATE, set 05 isochron: 19
129.3463  14.19847
129.4940  14.16971
129.6369  14.14158
129.7735  14.11274
129.9060  14.08525
130.0364  14.05437
130.1654  14.02010
130.2924  13.97768
130.4193  13.93324
130.5470  13.88811
130.6774  13.84434
130.8113  13.79582
130.9479  13.74663
131.0853  13.69469
131.2185  13.64140
131.3412  13.58601
131.4377  13.53938
131.5015  13.51169
131.5701  13.48469
131.6478  13.44887
131.7152  13.41302
131.7824  13.40706
131.8490  13.39768
131.9136  13.37608
131.9822  13.36333
132.1369  13.35143
132.2506  13.33399
132.3796  13.31117
132.5176  13.28564
132.6612  13.25944
132.8090  13.22576
132.9546  13.18324
133.0982  13.13184
>           North Atlantic Ocean: EURASIA PLATE, set 07 isochron: 19
  2.0097  69.60639
  2.1977  69.64151
  2.3853  69.67506
  2.5770  69.70710
  2.7743  69.73907
  2.9778  69.77148
  3.1753  69.80121
  3.3692  69.82751
  3.5547  69.85281
  3.7429  69.88217
  3.9325  69.91603
  4.1332  69.95177
  4.3396  69.98864
  4.5487  70.02494
  4.7516  70.06096
  4.9469  70.09334
  5.1345  70.12543
  5.3130  70.15698
  5.4881  70.18969
  5.6625  70.22236
  5.8424  70.25402
  6.0238  70.28564
  6.2073  70.31392
  6.3907  70.34006
  6.5804  70.36500
  6.7721  70.39130
  6.9679  70.41965
  7.1625  70.44753
  7.3558  70.47234
  7.5414  70.49477
  7.7179  70.51644
  7.8887  70.54161
  8.0589  70.56837
  8.2320  70.59533
  8.4066  70.62056
>           South Atlantic Ocean: SOUTH AMERICA PLATE, set 02 isochron: 19
344.9440 -56.53766
344.8527 -56.63455
344.7756 -56.72055
344.7148 -56.79372
344.6616 -56.85875
>           South Atlantic Ocean: AFRICA PLATE, set 02 isochron: 19
356.1819 -25.26656
356.2164 -25.39866
356.2459 -25.50931
356.2710 -25.59598
356.2924 -25.66940
356.3133 -25.74467
356.3328 -25.82491
356.3537 -25.91514
356.3767 -26.00716
356.4019 -26.10286
356.4278 -26.19787
>           Indian Ocean: AFRICA PLATE, set 04 isochron: 19
 60.6657 -23.94878
 60.7744 -24.13640
 60.8792 -24.31377
>           Indian Ocean: AFRICA PLATE, set 04 isochron: 19?
 61.2056 -24.88200
 61.3214 -25.12234
 61.4319 -25.34618
>           Indian Ocean: ANTARCTICA PLATE, set 05 isochron: 19
 61.7611 -33.57761
 61.8962 -33.70155
 62.0387 -33.80803
 62.1884 -33.89705
>           Indian Ocean: ANTARCTICA PLATE, set 05 isochron: 19
 61.9821 -34.72338
 62.1437 -34.82981
 62.2944 -34.93315
 62.4370 -35.02438
 62.5741 -35.11038
 62.7134 -35.18829
>           Indian Ocean: ANTARCTICA PLATE, set 05 isochron: 19
 62.6435 -35.35659
 62.7600 -35.47779
 62.8814 -35.59885
 63.0085 -35.71523
 63.1329 -35.82749
 63.2601 -35.93567
 63.3879 -36.04650
 63.5267 -36.16003
 63.6676 -36.27453
 63.8121 -36.39053
 63.9546 -36.50749
>           Indian Ocean: ANTARCTICA PLATE, set 05 isochron: 19
 64.0165 -36.55301
 64.2591 -36.76598
 64.4867 -36.95390
 64.6911 -37.11189
 64.8687 -37.24612
 65.0324 -37.37015
 65.1871 -37.49279
 65.3445 -37.61638
 65.4944 -37.74245
 65.6326 -37.85949
 65.7551 -37.96971
>           Indian Ocean: ANTARCTICA PLATE, set 05 isochron: 19
 65.5466 -40.41696
 65.7278 -40.54619
 65.9004 -40.67087
 66.0649 -40.78738
 66.2148 -40.90155
 66.3647 -41.01131
 66.5152 -41.12770
 66.6775 -41.24863
 66.8463 -41.37721
>           Indian Ocean: ANTARCTICA PLATE, set 05 isochron: 19
 65.5343 -40.39784
 65.7545 -40.56473
 65.9601 -40.71642
 66.1508 -40.84616
 66.3257 -40.95770
 66.4895 -41.06427
 66.6436 -41.17688
 66.7972 -41.29720
>           Indian Ocean: ANTARCTICA PLATE, set 05 isochron: 19
 66.4413 -42.06181
 66.6246 -42.18423
 66.7995 -42.29143
 66.9675 -42.39120
 67.1313 -42.48875
 67.2950 -42.59689
 67.4512 -42.70532
 67.6031 -42.81711
 67.7517 -42.92567
 67.9057 -43.03455
 68.0612 -43.14525
 68.2182 -43.25981
>           Indian Ocean: AUSTRALIA PLATE, set 02 isochron: 19
149.7553 -51.16870
150.0072 -51.10016
150.2482 -51.03865
150.4766 -50.98349
150.6986 -50.93304
150.9109 -50.88509
151.1161 -50.84361
151.3171 -50.80472
151.5195 -50.76755
151.7256 -50.72467
151.9344 -50.67870
152.1467 -50.63095
152.3554 -50.58749
152.5578 -50.54794
152.7589 -50.50748
152.9628 -50.46524
153.1702 -50.42166
153.3740 -50.37976
153.5730 -50.33911
153.7706 -50.29710
153.9710 -50.25464
154.1763 -50.21353
154.3918 -50.17424
154.6101 -50.13803
154.8347 -50.09917
155.0482 -50.06149
155.2618 -50.01755
155.4671 -49.97443
155.6759 -49.92680
155.8792 -49.87819
156.0849 -49.82060
156.2885 -49.75574
156.4921 -49.69081
156.6866 -49.63156
156.8732 -49.58026
157.0534 -49.53146
