>           Pacific Ocean: PACIFIC PLATE, set 06 isochron: 31
187.4462 -51.01109
187.5206 -50.95018
187.6053 -50.89449
187.7010 -50.84312
187.8038 -50.79391
187.9183 -50.74023
188.0433 -50.68298
188.1772 -50.62254
188.3041 -50.56470
188.4269 -50.50941
188.5470 -50.45541
188.6684 -50.40224
188.7781 -50.34943
188.8738 -50.30055
188.9577 -50.25519
189.0542 -50.21249
189.1681 -50.16754
189.2999 -50.12030
189.4331 -50.07570
189.5594 -50.03734
189.6760 -49.99799
189.7856 -49.95547
189.8890 -49.90936
189.9889 -49.86588
190.0881 -49.82193
190.1908 -49.77522
190.2970 -49.72803
190.4025 -49.68259
190.5045 -49.63846
190.6003 -49.59335
190.6967 -49.54509
190.7981 -49.49812
190.9070 -49.45430
191.0090 -49.41493
191.1012 -49.37915
191.1796 -49.34016
191.2574 -49.29887
191.3344 -49.25119
191.4163 -49.20438
191.5009 -49.15845
191.5863 -49.11383
191.6717 -49.06688
191.7570 -49.01807
191.8403 -48.96921
191.9208 -48.92075
191.9930 -48.87038
192.0693 -48.81769
192.1457 -48.76175
192.2297 -48.70251
192.3150 -48.64368
192.4010 -48.58478
192.4815 -48.52763
192.5544 -48.46486
192.6328 -48.40390
192.7196 -48.34518
192.8063 -48.29381
192.8862 -48.24004
192.9611 -48.18344
193.0409 -48.12306
193.1186 -48.06212
193.1915 -48.00066
193.2630 -47.93912
193.3386 -47.88126
193.4205 -47.82707
193.5044 -47.77609
>           Pacific Ocean: PACIFIC PLATE, set 06 isochron: 31
197.7820 -48.61217
197.8432 -48.54073
197.9057 -48.46735
197.9689 -48.39340
198.0328 -48.32030
198.1030 -48.25081
198.1759 -48.18260
198.2418 -48.11801
198.3001 -48.05287
198.3563 -47.98813
198.4091 -47.91908
198.4570 -47.84813
>           Pacific Ocean: PACIFIC PLATE, set 06 isochron: 31
206.0865 -46.93216
206.1810 -46.86365
206.2685 -46.79694
206.3483 -46.73447
206.4212 -46.67525
206.4933 -46.62125
206.5704 -46.56573
206.6607 -46.50684
206.7613 -46.44597
206.8571 -46.38788
206.9431 -46.33598
207.0160 -46.28114
207.0965 -46.22386
207.1875 -46.16025
207.2951 -46.09416
207.4020 -46.02457
207.4964 -45.95294
207.5720 -45.88072
207.6358 -45.80795
>           Pacific Ocean: PACIFIC PLATE, set 09 isochron: 31
166.7389 -58.42802
166.8638 -58.41394
166.9880 -58.39906
167.2349 -58.36786
167.3570 -58.35590
167.6067 -58.34364
167.7371 -58.34081
167.8675 -58.33760
167.9937 -58.33513
168.2344 -58.33162
168.4661 -58.32956
168.7041 -58.31143
168.9476 -58.28563
169.0696 -58.27289
169.1945 -58.26457
169.3256 -58.25697
169.4630 -58.24571
169.6024 -58.22601
169.7405 -58.20483
169.8688 -58.18399
169.9923 -58.16571
170.1137 -58.14558
170.2413 -58.12877
170.3696 -58.11269
170.4952 -58.09695
170.6159 -58.07788
170.7345 -58.05513
170.8531 -58.03496
170.9703 -58.01512
171.0869 -57.99821
171.2034 -57.97652
171.3213 -57.95216
>           Pacific Ocean: PACIFIC PLATE, set 09 isochron: 31
172.4705 -57.15294
172.5809 -57.11981
172.6996 -57.09045
172.8286 -57.06178
172.9612 -57.03120
173.0909 -56.99982
173.2129 -56.96878
173.3323 -56.94002
173.4495 -56.90932
173.5695 -56.88280
173.6867 -56.85739
173.8040 -56.83269
173.9205 -56.80496
174.0440 -56.77762
174.1716 -56.75101
174.3000 -56.72282
174.4214 -56.69078
174.5379 -56.65836
174.6538 -56.62857
174.7745 -56.60298
174.8993 -56.57925
>           Pacific Ocean: PACIFIC PLATE, set 09 isochron: 31
176.3293 -55.92934
176.4500 -55.91505
176.5735 -55.89876
176.7005 -55.88127
176.8246 -55.86299
176.9425 -55.84665
177.0549 -55.82953
177.1680 -55.80963
177.2845 -55.78580
>           Pacific Ocean: PACIFIC PLATE, set 09 isochron: 31
177.7905 -55.19327
177.9044 -55.15361
178.0154 -55.11827
178.1250 -55.08409
178.2368 -55.04988
178.3527 -55.01205
178.4713 -54.97540
178.5878 -54.94350
178.7029 -54.91357
178.8160 -54.88441
178.9270 -54.85403
179.0352 -54.82524
179.1421 -54.79845
179.2524 -54.77202
179.3717 -54.75003
179.4979 -54.73364
179.6255 -54.72287
179.7427 -54.71449
179.8509 -54.70410
180.0577 -54.67445
180.1666 -54.65240
180.2811 -54.62589
180.4060 -54.59978
180.5385 -54.57446
180.6794 -54.54752
180.8181 -54.51730
180.9492 -54.48259
181.0685 -54.44583
181.1795 -54.41269
181.2897 -54.38196
181.4001 -54.35323
181.5125 -54.31758
181.6242 -54.27945
181.7386 -54.24214
181.8559 -54.21089
181.9752 -54.18001
182.0932 -54.14255
182.2126 -54.09734
182.3333 -54.05208
182.4595 -54.01006
182.5851 -53.97208
182.7120 -53.93323
182.8341 -53.89639
182.9548 -53.86241
183.0714 -53.82880
183.1866 -53.79517
183.2968 -53.76108
183.4064 -53.72823
183.5167 -53.69409
183.6312 -53.65953
183.7436 -53.62659
183.8525 -53.59856
183.9565 -53.57382
184.0591 -53.55151
>           Pacific Ocean: PACIFIC PLATE, set 10 isochron: 31
209.8888 -46.37086
209.9909 -46.33440
210.0992 -46.29407
210.2207 -46.24548
210.3498 -46.19109
210.4823 -46.13809
210.6036 -46.09372
210.7119 -46.05316
210.8146 -46.01112
210.9201 -45.96132
211.0311 -45.91245
211.1380 -45.86545
211.2406 -45.82571
211.3427 -45.78108
211.4475 -45.73740
211.5550 -45.69319
211.6605 -45.65576
211.7673 -45.61539
211.8763 -45.57156
211.9894 -45.52431
212.1011 -45.47749
212.2094 -45.43013
212.3135 -45.38371
212.4127 -45.33723
212.5112 -45.29466
212.6147 -45.24815
212.7340 -45.20113
212.8631 -45.14569
212.9957 -45.09068
213.1205 -45.03612
213.2391 -44.99284
213.3508 -44.95396
213.4598 -44.92148
213.5652 -44.88846
213.6727 -44.86040
213.7789 -44.82834
213.8851 -44.79132
213.9829 -44.75230
214.0759 -44.71571
214.1668 -44.68259
214.2605 -44.64894
214.3584 -44.61180
214.4583 -44.56967
214.5624 -44.51857
214.6686 -44.46744
214.7712 -44.41724
214.8656 -44.37398
214.9482 -44.33264
215.0287 -44.29878
215.1120 -44.26442
215.2015 -44.22502
215.2987 -44.17761
215.4007 -44.12769
215.5041 -44.07970
215.5977 -44.03416
215.6824 -43.99161
215.7657 -43.95305
215.8538 -43.91446
215.9467 -43.87480
>           Pacific Ocean: PACIFIC PLATE, set 10 isochron: 31
216.0026 -44.18163
216.1081 -44.13272
216.2164 -44.08626
216.3233 -44.04076
216.4308 -43.99721
216.5300 -43.95514
216.6286 -43.91705
216.7292 -43.88046
216.8319 -43.84032
216.9318 -43.79762
217.0269 -43.75693
217.1268 -43.72125
217.2336 -43.69011
217.3467 -43.65942
217.4543 -43.63275
217.5548 -43.60657
217.6527 -43.57787
217.7512 -43.54561
217.8519 -43.50674
217.9518 -43.46736
218.0531 -43.42290
218.1544 -43.38449
218.2515 -43.34857
218.3445 -43.32072
218.4423 -43.29495
218.5471 -43.26764
218.6644 -43.23268
218.7782 -43.18854
218.8927 -43.14540
218.9995 -43.10426
219.1057 -43.06767
219.2084 -43.02802
219.3090 -42.98779
219.4089 -42.94809
219.5074 -42.91139
219.6038 -42.87981
219.6968 -42.85072
219.7870 -42.82365
>           Pacific Ocean: PACIFIC PLATE, set 11 isochron: 31
212.2468 -28.06828
212.2800 -28.14584
212.3166 -28.22459
212.3568 -28.30453
212.3914 -28.38196
212.4246 -28.46176
212.4577 -28.54580
212.4958 -28.63408
212.5338 -28.71616
212.5705 -28.79082
212.6037 -28.86178
212.6362 -28.93572
212.6722 -29.01024
212.7138 -29.08352
>           Pacific Ocean: PACIFIC PLATE, set 11 isochron: 31
215.0911 -34.79285
215.1374 -34.86614
215.1748 -34.93536
215.2115 -34.99825
215.2745 -35.11533
215.2994 -35.17465
215.3402 -35.29661
>           Pacific Ocean: PACIFIC PLATE, set 11 isochron: 31
216.7182  21.70231
216.7549  21.58406
216.7804  21.48007
216.7962  21.39227
216.8038  21.31746
216.8086  21.24520
216.8064  21.17420
216.8064  21.10123
216.8174  21.03734
216.8347  20.98190
216.8637  20.88659
216.8997  20.77359
216.9183  20.70301
216.9397  20.62846
216.9570  20.55521
216.9832  20.48779
217.0053  20.42100
217.0275  20.34959
217.0447  20.27488
217.0647  20.20013
217.0855  20.12798
217.1062  20.05775
217.1235  19.98750
217.1373  19.91591
217.1490  19.84099
217.1579  19.76208
217.1669  19.68184
217.1758  19.61604
217.1951  19.52584
217.2130  19.40260
217.2213  19.32287
>           Pacific Ocean: PACIFIC PLATE, set 11 isochron: 31
217.6451  18.76964
217.6616  18.68357
217.6789  18.60677
217.6913  18.53918
217.7072  18.46828
217.7175  18.39070
217.7313  18.30646
217.7423  18.23016
217.7589  18.15778
217.7748  18.08672
217.7900  18.00696
217.8003  17.92188
>  Pacific Ocean: PAC PLATE, set 11 or PAC PLATE, set 12 isochron: 31
195.3215  49.03639
195.4310  49.01667
195.5341  49.00296
195.6304  48.99626
195.8172  48.98633
196.0105  48.97003
196.2096  48.95770
196.3129  48.95234
196.4153  48.94527
196.5146  48.93879
196.6152  48.93233
196.7186  48.93129
196.8260  48.93571
196.9319  48.95078
197.0358  48.97364
197.1367  49.00228
197.2338  49.03066
197.4173  49.06334
197.6017  49.06208
197.7867  49.02717
197.8735  48.98657
197.9516  48.93075
198.0207  48.86661
198.0771  48.80079
198.1247  48.73584
198.1636  48.66945
198.1997  48.59745
198.2295  48.52022
198.2544  48.43533
198.2712  48.34367
198.2831  48.24578
198.2924  48.15096
198.3011  48.06627
198.3118  47.99371
198.3249  47.92868
198.3432  47.86377
198.3681  47.79666
198.3942  47.72681
198.4261  47.65827
198.4540  47.59176
198.4837  47.52602
198.5080  47.45699
198.5397  47.38214
198.5771  47.30269
198.6205  47.22365
198.6610  47.14930
198.6985  47.07935
198.7334  47.01113
198.7705  46.94098
198.8106  46.86804
198.8524  46.79196
198.8945  46.71517
198.9337  46.64011
198.9750  46.56401
199.0212  46.48745
199.0752  46.40952
199.1280  46.33327
199.1754  46.25607
199.2145  46.17580
199.2527  46.09513
199.2869  46.01561
199.3191  45.94149
199.3478  45.86791
199.3761  45.79422
199.4061  45.71923
199.4357  45.64686
199.4637  45.57905
199.4877  45.51210
199.5090  45.44357
199.5355  45.36810
199.5659  45.28911
199.6024  45.20902
199.6359  45.13536
199.6679  45.06874
199.6960  45.00737
>           Pacific Ocean: PACIFIC PLATE, set 11 isochron: 31
198.8028  44.52347
198.8389  44.44226
198.8759  44.36503
198.9165  44.29143
198.9592  44.21648
199.0010  44.13636
199.0413  44.05082
199.0856  43.96383
199.1335  43.88178
199.1806  43.80563
199.2199  43.73419
199.2540  43.66401
199.2841  43.59538
199.3152  43.52697
199.3489  43.45719
199.3869  43.38633
199.4288  43.31246
199.4707  43.23816
199.5113  43.16317
199.5485  43.09227
199.5826  43.02422
199.6154  42.95388
199.6472  42.87926
199.6820  42.80067
199.7169  42.72744
199.7537  42.65995
199.7897  42.59789
>           Pacific Ocean: PACIFIC PLATE, set 11 isochron: 31
197.8207  41.51419
197.8761  41.38750
197.9082  41.32156
197.9384  41.25192
197.9642  41.18029
197.9878  41.11127
198.0150  41.04544
198.0454  40.98081
198.0756  40.91248
198.1019  40.84180
198.1237  40.76909
198.1451  40.69766
198.1709  40.62408
198.2002  40.55038
198.2311  40.47325
198.2604  40.39705
198.2891  40.31842
198.3131  40.24280
198.3357  40.16641
198.3580  40.09195
198.3872  40.01566
198.4187  39.94127
198.4541  39.86575
198.4890  39.78945
198.5243  39.70803
198.5583  39.62716
198.5901  39.54762
198.6198  39.47343
198.6447  39.40090
198.6666  39.32971
>           Pacific Ocean: PACIFIC PLATE, set 11 isochron: 31
200.5570  42.70050
200.5400  42.78338
200.5125  42.86111
200.4746  42.93264
200.4311  43.00101
200.3918  43.07235
200.3498  43.14717
200.3064  43.22545
200.2664  43.29909
200.2430  43.37160
200.2246  43.44502
200.1965  43.52493
200.1552  43.60577
200.1096  43.68702
200.0704  43.76660
200.0325  43.85263
199.9981  43.94001
199.9679  44.02680
199.9453  44.10345
199.9275  44.17499
199.9077  44.24445
199.8843  44.31481
199.8589  44.38260
199.8383  44.44733
199.8212  44.50951
199.8062  44.57111
199.7905  44.63314
199.7741  44.69708
199.7577  44.76294
199.7371  44.83070
199.7131  44.90035
199.6849  44.97193
>           Pacific Ocean: PACIFIC PLATE, set 11 isochron: 31
207.4890  29.33815
207.4978  29.25339
207.5080  29.15637
207.5250  29.04520
207.5511  28.93273
207.5862  28.82808
207.6220  28.73619
207.6551  28.65401
207.6799  28.57422
207.7033  28.49501
207.7253  28.41389
207.7549  28.33023
207.7803  28.24095
207.8085  28.14916
207.8319  28.06098
207.8650  27.98201
207.8911  27.90108
207.9159  27.81763
207.9302  27.72795
207.9501  27.64254
207.9714  27.55396
208.0017  27.45470
208.0320  27.34858
208.0664  27.24545
208.0932  27.15966
208.1166  27.08250
208.1386  27.00714
208.1641  26.92614
208.1909  26.84509
208.2122  26.76458
208.2307  26.68652
208.2479  26.60778
208.2678  26.52900
208.2877  26.44827
208.3104  26.36499
208.3303  26.28289
208.3509  26.19510
208.3659  26.10410
208.3789  26.00738
208.3890  25.92067
208.3979  25.84331
208.4095  25.77345
208.4232  25.69912
208.4424  25.61719
208.4664  25.52762
208.4933  25.43736
208.5208  25.35146
208.5462  25.27371
208.5703  25.19970
208.5958  25.12627
208.6185  25.04902
208.6412  24.97107
208.6604  24.89116
208.6811  24.81122
208.7024  24.72613
208.7278  24.64099
208.7547  24.55643
208.7815  24.47753
208.8028  24.39667
208.8220  24.31322
208.8405  24.22142
208.8597  24.12827
208.8796  24.03442
208.8933  23.94755
208.9132  23.87020
208.9296  23.80242
208.9558  23.74097
208.9751  23.67052
209.0034  23.58977
209.0198  23.50385
209.0314  23.43847
209.0506  23.35503
209.0684  23.26769
209.0828  23.19058
209.0715  23.11538
209.0935  23.03690
209.0963  23.02401
>           Pacific Ocean: PACIFIC PLATE, set 11 isochron: 31??
214.0570  37.23286
214.0610  37.16275
214.0670  37.09037
214.0772  37.01626
214.0825  36.94376
214.0865  36.87510
214.1000  36.74484
214.1171  36.67765
214.1294  36.60536
214.1570  36.52739
214.1782  36.44766
214.2050  36.36557
214.2256  36.28172
214.2462  36.19498
214.2723  36.11434
214.2846  36.04663
214.2968  35.95061
214.3030  35.91045
>           Pacific Ocean: PACIFIC PLATE, set 11 isochron: 31??
214.2013  35.33332
214.2066  35.24664
214.2196  35.16102
214.2416  35.07475
214.2677  34.99296
214.2904  34.91396
214.3103  34.83946
214.3288  34.76490
214.3494  34.69028
214.3679  34.61499
214.3858  34.54021
214.4057  34.46075
214.4332  34.37718
214.4642  34.28949
214.4972  34.20634
214.5234  34.12368
214.5481  34.03918
214.5673  33.94943
214.5886  33.86362
214.6085  33.78355
214.6277  33.70861
214.6483  33.63069
214.6696  33.55153
214.6950  33.47174
214.7156  33.39827
214.7334  33.32475
214.7429  33.25058
214.7517  33.17109
214.7585  33.09271
214.7693  33.01249
214.7788  32.93162
214.7855  32.84892
214.7923  32.76907
214.8038  32.68798
214.8252  32.60441
214.8450  32.51785
214.8580  32.43536
214.8612  32.35753
>           Pacific Ocean: PACIFIC PLATE, set 12 isochron: 31
178.9964  47.21056
179.1714  47.20497
179.3518  47.20906
179.5331  47.21997
179.7136  47.23160
179.8960  47.24036
180.0779  47.24397
180.2563  47.24864
180.4330  47.25438
180.6149  47.26242
180.7931  47.27116
180.9687  47.28310
181.1440  47.29290
181.3222  47.29900
181.5028  47.30176
181.6755  47.30472
181.8454  47.31113
182.0249  47.32162
>           Pacific Ocean: PACIFIC PLATE, set 12 isochron: 31
174.9373  46.23999
175.1113  46.24439
175.2012  46.24367
175.3771  46.24511
175.5534  46.25230
175.7344  46.25159
175.9185  46.24053
176.0976  46.23077
176.1861  46.23040
176.2781  46.23140
176.3747  46.23328
176.4718  46.23272
176.5672  46.23067
176.7451  46.22714
176.9152  46.22917
177.0932  46.23161
177.1844  46.23187
177.3593  46.23294
177.5323  46.23011
177.7146  46.22319
177.8976  46.22359
178.0793  46.22934
178.1729  46.23400
178.2683  46.23843
178.3628  46.24054
178.4560  46.24178
178.5453  46.24421
178.7164  46.25161
178.8930  46.25600
179.0751  46.25907
179.2542  46.26476
>           Pacific Ocean: PACIFIC PLATE, set 12 isochron: 31
186.9028  49.39564
187.0078  49.38982
187.1143  49.39048
187.2196  49.39857
187.3218  49.40184
187.4230  49.40112
187.5267  49.39496
187.6323  49.39449
187.7353  49.39576
187.8352  49.39762
188.0383  49.38678
188.1411  49.38091
188.2393  49.38165
188.4291  49.38691
188.5250  49.38340
188.6238  49.37500
188.7253  49.36772
188.8290  49.36270
188.9320  49.36254
189.0350  49.36465
189.1397  49.36905
189.2454  49.37087
189.3501  49.36783
189.5476  49.36588
189.6480  49.36861
189.7541  49.36985
189.8588  49.37195
189.9614  49.37750
190.1582  49.39697
190.3457  49.41396
190.5383  49.40892
190.7551  49.40425
190.8694  49.40027
190.9819  49.39514
191.0913  49.39207
191.2027  49.39810
191.3182  49.40896
191.4328  49.41781
191.5397  49.42046
191.6404  49.41774
191.7393  49.41278
191.9419  49.40250
192.0479  49.40090
192.1587  49.39696
192.2659  49.39188
192.3678  49.37860
192.5603  49.34814
192.6621  49.33771
192.7697  49.33007
192.8761  49.32388
192.9798  49.31656
193.0817  49.30725
193.1853  49.29678
193.2912  49.29146
193.3967  49.29126
193.5006  49.29539
193.6041  49.29779
193.7080  49.30020
193.8132  49.30169
>           Pacific Ocean: PACIFIC PLATE, set 12 isochron: 31??
182.8396  47.31997
183.0254  47.32048
183.1204  47.31535
183.3073  47.30778
183.4958  47.31238
183.6846  47.31192
183.7791  47.30530
183.8771  47.30073
183.9766  47.30179
184.0782  47.30133
184.1786  47.30417
184.2793  47.30136
184.3784  47.30152
184.4773  47.29753
184.6718  47.29880
184.8617  47.30488
184.9563  47.30093
185.0538  47.29190
185.1534  47.27868
185.2562  47.27078
185.3595  47.26555
185.4616  47.26658
185.5588  47.26706
185.6539  47.26876
185.7485  47.26719
185.8431  47.26473
185.9390  47.26226
186.1367  47.26975
186.2351  47.27737
186.3311  47.28054
186.5124  47.27540
186.6993  47.28563
>           Pacific Ocean: PACIFIC PLATE, set 12 isochron: 31??
182.8460  47.31310
182.6674  47.32077
182.4813  47.32477
182.3863  47.32692
182.2900  47.32905
182.1233  47.32510
181.9953  47.30558
>           Pacific Ocean: ANTARCTICA PLATE, set 01 isochron: 31
240.0840 -65.84488
240.2106 -65.78795
240.3537 -65.73381
240.5106 -65.68295
240.6667 -65.62909
240.8111 -65.57253
240.9416 -65.51122
241.0700 -65.45122
241.1914 -65.39169
241.3178 -65.33549
241.4421 -65.27657
241.5831 -65.21693
241.7351 -65.15338
241.9038 -65.09203
242.0752 -65.03052
242.2431 -64.97002
242.4049 -64.90732
242.5603 -64.84358
242.7140 -64.77942
>           Pacific Ocean: ANTARCTICA PLATE, set 01 isochron: 31
251.6353 -64.41821
251.7300 -64.34995
251.8356 -64.28307
251.9461 -64.21754
252.0585 -64.15274
252.1627 -64.08415
252.2690 -64.01144
252.3766 -63.93454
252.4849 -63.86055
252.5897 -63.78972
252.6939 -63.72272
252.7995 -63.65462
252.8987 -63.58540
252.9883 -63.51511
253.0681 -63.44586
253.1473 -63.37865
253.2237 -63.31253
253.2994 -63.24466
253.3779 -63.17351
253.4619 -63.09999
253.5515 -63.02693
253.6376 -62.95491
253.7237 -62.88466
253.8064 -62.81581
253.8960 -62.74873
253.9884 -62.68147
254.0905 -62.61407
254.1849 -62.54523
254.2814 -62.47527
254.3717 -62.40254
254.4717 -62.32869
254.5745 -62.25566
254.6800 -62.18500
254.7807 -62.11649
254.8695 -62.04874
254.9543 -61.98022
255.0404 -61.91122
255.1293 -61.84306
255.2118 -61.77835
255.2853 -61.71652
>           North Atlantic Ocean: NORTH AMERICA PLATE, set 02 isochron: 31
316.3402  38.48011
316.2749  38.36336
316.2194  38.26405
316.1729  38.18384
316.1313  38.10793
316.0952  38.02641
316.0654  37.93435
316.0398  37.84164
316.0100  37.75049
315.9767  37.66253
315.9407  37.57283
>           North Atlantic Ocean: NORTH AMERICA PLATE, set 02 isochron: 31
315.3527  37.62191
315.3166  37.55316
315.2721  37.48991
315.2144  37.43325
315.1506  37.37320
315.0804  37.30528
315.0089  37.22840
314.9373  37.15035
314.8624  37.07949
314.7895  37.01525
314.7131  36.95261
314.6374  36.88656
314.5568  36.81597
314.4783  36.74980
314.4054  36.68636
314.3380  36.62909
314.2727  36.57007
314.2012  36.50763
314.1262  36.44064
314.0484  36.36852
313.9769  36.29745
313.9089  36.22690
>           North Atlantic Ocean: NORTH AMERICA PLATE, set 02 isochron: 31
313.1711  35.94118
313.1086  35.87200
313.0474  35.80105
312.9870  35.72950
312.9224  35.65900
312.8557  35.59188
312.7884  35.52409
312.7196  35.45626
312.6488  35.38607
312.5745  35.31814
312.5009  35.24725
312.4245  35.17518
312.3495  35.09961
312.2801  35.02798
312.2183  34.95858
312.1564  34.89256
312.0898  34.82650
>           North Atlantic Ocean: NORTH AMERICA PLATE, set 02 isochron: 31
310.2141  33.78951
310.1703  33.70161
310.1315  33.62766
310.0670  33.51397
310.0288  33.45674
309.9830  33.39600
>           North Atlantic Ocean: NORTH AMERICA PLATE, set 02 isochron: 31
307.8202  31.63090
307.7562  31.55753
307.6993  31.47990
307.6555  31.40107
307.6174  31.32337
307.5855  31.25760
307.5377  31.15163
307.5266  31.10372
>           North Atlantic Ocean: NORTH AMERICA PLATE, set 02 isochron: 31
306.6885  30.98388
306.6684  30.86381
306.6386  30.74182
306.6248  30.63171
306.6124  30.57028
306.5888  30.50218
>           North Atlantic Ocean: NORTH AMERICA PLATE, set 02 isochron: 31
304.1762  28.07166
304.1388  27.95547
304.0728  27.84283
304.0388  27.77468
304.0097  27.70093
303.9756  27.62714
303.9368  27.54707
303.8965  27.45761
303.8591  27.35879
303.8314  27.26301
303.8078  27.17462
303.7856  27.09800
303.7572  27.02443
303.7267  26.95392
303.6948  26.87838
303.6657  26.80278
303.6331  26.72651
303.5983  26.65832
303.5553  26.59258
303.5129  26.52677
303.4699  26.45531
303.4304  26.38317
303.3894  26.31164
>           North Atlantic Ocean: NORTH AMERICA PLATE, set 02 isochron: 31
302.2639  25.80639
302.2514  25.72756
302.2383  25.64935
302.2251  25.57360
302.2141  25.49972
>           North Atlantic Ocean: NORTH AMERICA PLATE, set 02 isochron: 31
303.4968  25.08018
303.4683  24.99958
303.4433  24.92341
303.4232  24.85227
303.4045  24.78108
303.3872  24.70350
303.3706  24.61696
303.3554  24.53162
303.3409  24.45264
303.3277  24.38126
303.3159  24.31045
303.3049  24.23962
303.2938  24.17194
303.2612  24.05817
303.2294  23.93788
303.2134  23.86105
303.1975  23.77781
>           North Atlantic Ocean: NORTH AMERICA PLATE, set 02 isochron: 31
302.8472  23.77151
302.8369  23.68817
302.8279  23.60223
302.8134  23.52458
302.8044  23.45396
302.7711  23.33056
302.7482  23.25785
302.7399  23.17355
302.7303  23.08664
302.7206  23.00224
302.6992  22.92100
302.6825  22.84745
302.6736  22.77518
302.6708  22.70220
302.6605  22.62531
302.6452  22.55032
302.6293  22.48045
302.6189  22.41509
302.6106  22.34969
302.5961  22.28167
302.5732  22.21104
>           North Atlantic Ocean: NORTH AMERICA PLATE, set 02 isochron: 31
302.4673  21.67905
302.4256  21.55984
302.3882  21.45426
302.3570  21.36492
302.3369  21.28403
302.3237  21.20831
302.3134  21.13845
302.3002  21.07311
302.2801  21.00250
302.2579  20.92333
302.2378  20.83893
302.2247  20.76233
302.2150  20.68964
302.2011  20.61755
302.1859  20.53820
302.1693  20.45750
302.1569  20.37679
302.1430  20.30127
302.1299  20.23032
302.1133  20.16327
302.0959  20.09685
302.0751  20.03038
302.0564  19.96455
302.0384  19.89936
302.0225  19.83348
302.0044  19.76625
301.9885  19.69701
301.9733  19.62643
301.9615  19.55782
301.9303  19.42708
301.9088  19.35835
301.8880  19.28430
301.8742  19.21024
301.8638  19.13349
301.8493  19.05340
301.8292  18.96928
301.8077  18.88778
301.7925  18.81354
301.7765  18.74258
301.7599  18.67225
301.7398  18.59657
301.7197  18.51752
301.6961  18.43114
301.6670  18.34073
301.6344  18.24493
301.6074  18.14908
301.5901  18.05720
301.5873  17.97730
301.5846  17.90667
301.5770  17.83868
301.5659  17.77198
301.5542  17.71461
301.5299  17.61714
301.5133  17.55102
301.4946  17.47620
301.4738  17.40000
301.4488  17.33311
301.4204  17.27023
301.3947  17.20998
>           North Atlantic Ocean: NORTH AMERICA PLATE, set 02 isochron: 31??
312.0523  34.80578
311.9891  34.74195
311.9315  34.67806
311.8829  34.61415
311.8350  34.54903
311.7906  34.48272
311.7434  34.41750
311.6962  34.35454
>           North Atlantic Ocean: NORTH AMERICA PLATE, set 02 isochron: 31??
311.4897  34.41656
311.4369  34.36168
311.3911  34.30444
311.3522  34.24489
>           North Atlantic Ocean: NORTH AMERICA PLATE, set 02 isochron: 31??
311.2146  34.25511
311.1764  34.19144
311.1361  34.12599
311.0910  34.05993
311.0424  33.99148
310.9952  33.92180
310.9529  33.85034
310.9147  33.78001
>           North Atlantic Ocean: NORTH AMERICA PLATE, set 02 isochron: 31??
308.8883  33.36295
308.8669  33.30155
308.8461  33.23838
308.8260  33.17282
308.8073  33.10489
>           North Atlantic Ocean: NORTH AMERICA PLATE, set 02 isochron: 31??
308.4507  33.14128
308.4097  33.06387
308.3716  32.98994
308.3375  32.92065
308.3112  32.85250
308.2883  32.78369
308.2668  32.71190
308.2384  32.63650
308.2092  32.55633
308.1774  32.47018
308.1503  32.38276
308.1205  32.29527
308.0914  32.21598
308.0553  32.13601
308.0185  32.05537
307.9776  31.97110
307.9374  31.89747
307.8971  31.83385
307.8687  31.77259
307.8514  31.70596
>           North Atlantic Ocean: NORTH AMERICA PLATE, set 02 isochron: 31??
306.1321  30.52324
306.0863  30.44901
306.0419  30.37835
306.0009  30.31310
305.9579  30.25141
305.9162  30.19090
305.8718  30.12854
305.8281  30.06252
305.7781  29.99219
305.7260  29.91755
305.6683  29.83738
305.6086  29.75413
305.5420  29.66958
305.4788  29.59105
305.4177  29.51794
305.3649  29.45086
305.3136  29.38437
305.2650  29.31784
305.2206  29.25003
305.1789  29.18403
305.1428  29.12165
305.1012  29.06229
305.0539  29.00167
305.0039  28.93426
304.9539  28.86312
304.9061  28.79258
304.8540  28.72812
304.8040  28.66236
304.7505  28.59350
304.6978  28.51967
304.6408  28.45010
304.5936  28.38357
304.5471  28.31946
304.5055  28.25286
304.4569  28.18681
304.4124  28.12261
304.3701  28.06083
>           North Atlantic Ocean: NORTH AMERICA PLATE, set 02 isochron: 31??
302.7077  26.22592
302.6772  26.16180
302.6438  26.09388
302.6091  26.02215
302.5710  25.95039
302.5356  25.88236
302.5016  25.81810
>           North Atlantic Ocean: NORTH AMERICA PLATE, set 03 isochron: 31
310.3055  54.77043
310.3731  54.69955
310.4323  54.63097
310.4839  54.56513
310.5319  54.49876
310.5884  54.42865
310.6546  54.35434
310.7284  54.27746
310.7994  54.19962
310.8649  54.11957
310.9276  54.03815
310.9882  53.95781
311.0439  53.87892
311.0955  53.80196
311.1436  53.72240
311.1952  53.64182
311.2489  53.55447
311.3046  53.46902
311.3568  53.38549
311.4007  53.31224
311.4446  53.24303
311.4920  53.17746
311.5470  53.11182
>           North Atlantic Ocean: NORTH AMERICA PLATE, set 03 isochron: 31
316.8415  51.92788
316.9321  51.86766
317.0191  51.81081
317.0963  51.75430
317.1743  51.69772
317.2509  51.63544
317.3400  51.57267
317.4297  51.50718
317.5237  51.43986
317.6128  51.36633
317.7061  51.29140
317.7923  51.21894
317.8744  51.15252
317.9441  51.08904
318.0193  51.02418
318.1001  50.95525
318.1948  50.87699
318.2971  50.79416
318.3994  50.70903
318.4940  50.63036
318.5803  50.55064
318.6758  50.46680
318.7788  50.37930
318.8866  50.29787
318.9784  50.22522
319.0633  50.15553
319.1406  50.08310
319.2200  50.00738
319.2958  49.93157
319.3745  49.85833
319.4518  49.78544
319.5353  49.71152
319.6140  49.63385
319.6968  49.55609
319.7671  49.48456
319.8289  49.42607
319.8922  49.36527
319.9480  49.28841
320.0093  49.23150
320.0594  49.17955
320.0970  49.10786
320.1465  49.03381
320.2133  48.98898
320.2760  48.91244
320.3067  48.83948
320.3819  48.76916
320.4271  48.70335
320.4752  48.64252
320.5170  48.57195
320.5623  48.51418
320.6076  48.42904
320.6556  48.35953
320.6967  48.30245
320.7309  48.22482
320.7567  48.16758
320.7860  48.10609
320.8167  48.04264
320.8516  47.97774
320.8878  47.91042
320.9234  47.84441
320.9541  47.77924
320.9827  47.71352
321.0078  47.64630
321.0322  47.57713
321.0539  47.50688
321.0804  47.43184
321.1069  47.35479
321.1320  47.27812
321.1446  47.20701
321.1468  47.13865
321.1393  47.06635
321.1303  46.98729
321.1291  46.90290
321.1397  46.82270
321.1600  46.75003
321.1830  46.68494
321.2081  46.61830
321.2375  46.54679
321.2661  46.46844
321.2912  46.39096
321.3100  46.31530
321.3310  46.24437
321.3498  46.17284
321.3687  46.10171
321.3827  46.02805
321.3974  45.95525
321.4121  45.88044
321.4213  45.80305
321.4214  45.72116
321.4076  45.63674
321.3924  45.55067
321.3821  45.46548
321.3788  45.38213
321.3733  45.30505
321.3595  45.23228
321.3380  45.16285
321.3103  45.08392
321.2784  44.99549
321.2466  44.89707
321.2211  44.80594
321.1955  44.72009
321.1643  44.63958
321.1234  44.55796
321.0818  44.47621
321.0465  44.39537
321.0125  44.31340
320.9834  44.23132
320.9481  44.14761
320.9120  44.06178
320.8704  43.97681
320.8358  43.89680
320.8061  43.82169
320.7763  43.74751
320.7382  43.66259
320.6966  43.57147
320.6592  43.47263
320.6315  43.38328
320.6073  43.30046
320.5782  43.23073
320.5387  43.16397
320.4936  43.09915
320.4561  43.02916
320.4243  42.95807
320.4014  42.88694
320.3716  42.82186
320.3481  42.75978
320.3183  42.69968
320.2933  42.63335
320.2580  42.55819
320.2177  42.47057
320.1741  42.37921
320.1367  42.28722
320.1118  42.20339
320.0862  42.12254
320.0578  42.04472
320.0217  41.96469
319.9933  41.88614
319.9761  41.81222
319.9672  41.74342
319.9554  41.67714
319.9388  41.60661
319.9202  41.53232
319.9050  41.45641
319.8857  41.38197
319.8649  41.30691
319.8414  41.22492
319.8151  41.14021
319.7825  41.05059
319.7450  40.96301
319.7180  40.88799
319.6988  40.80287
319.6696  40.70964
319.6489  40.63910
319.6254  40.56691
319.6039  40.49676
319.5762  40.42653
319.5478  40.35514
319.5166  40.28102
319.4889  40.20682
319.4681  40.13524
319.4550  40.06627
>           North Atlantic Ocean: NORTH AMERICA PLATE, set 07 isochron: 31
300.5121  59.57097
300.6167  59.51306
300.7246  59.45720
300.8408  59.40517
300.9576  59.35304
301.0738  59.30153
301.1781  59.24778
301.2811  59.19609
301.3848  59.14758
301.4863  59.10292
301.5816  59.06213
301.6686  59.01553
301.7682  58.96603
301.8809  58.90820
302.0034  58.85168
302.1217  58.79181
302.2344  58.73185
302.3521  58.66707
302.4732  58.59853
302.5949  58.52803
302.7083  58.45813
302.8190  58.38918
302.9297  58.31863
303.0362  58.24607
303.1350  58.17302
303.2213  58.10164
303.2978  58.03197
303.3702  57.96215
303.4371  57.89069
303.5053  57.81875
303.5659  57.74964
303.6286  57.68374
303.6836  57.61996
303.7373  57.55492
303.7903  57.48642
303.8579  57.41364
303.9359  57.33773
304.0215  57.26355
304.1057  57.19454
304.1969  57.13071
304.2915  57.06942
304.3918  57.00609
304.4919  56.94269
304.5949  56.87955
304.6972  56.82050
304.8002  56.76403
304.9030  56.70977
>           North Atlantic Ocean: NORTH AMERICA PLATE, set 08 isochron: 31
305.9315  61.78990
306.0236  61.72394
306.1316  61.65723
306.2563  61.58805
306.3864  61.51505
306.5095  61.44355
306.6243  61.37555
306.7391  61.31111
306.8491  61.24651
306.9535  61.18174
307.0446  61.11687
307.1400  61.04813
307.2438  60.97079
307.3598  60.88486
>           North Atlantic Ocean: NORTH AMERICA PLATE, set 08 isochron: 31
308.0544  60.79976
308.1200  60.73915
308.1917  60.67709
308.2704  60.61393
308.3540  60.55232
308.4361  60.48716
308.5204  60.41703
308.6068  60.34056
308.7015  60.26672
308.7982  60.19651
308.8908  60.12960
308.9764  60.06116
309.0544  59.99221
309.1359  59.92071
309.2132  59.84832
309.2897  59.77332
309.3587  59.70098
309.4332  59.62990
309.5126  59.56112
309.5997  59.49043
309.6812  59.42030
309.7563  59.34968
309.8169  59.28138
309.8698  59.21436
309.9157  59.14943
>           North Atlantic Ocean: NORTH AMERICA PLATE, set 08 isochron: 31
311.2692  59.12993
311.3694  59.05923
311.4764  58.98777
311.5875  58.91654
311.6880  58.84974
311.7773  58.78635
311.8561  58.72562
311.9308  58.66366
312.0035  58.59833
312.0771  58.52921
312.1575  58.45970
312.2343  58.39401
312.3117  58.33332
312.3828  58.27470
312.4588  58.21492
312.5348  58.15282
>           North Atlantic Ocean: EURASIA PLATE, set 09 isochron: 31
336.3249  54.35596
336.3730  54.28226
336.4162  54.21299
336.4483  54.14810
336.4664  54.08511
336.4805  54.02164
336.5189  53.89025
336.5385  53.82192
336.5574  53.74812
336.5805  53.67130
336.6078  53.59187
336.6378  53.51769
336.6748  53.44379
336.7180  53.36894
336.7703  53.29019
336.8246  53.21050
336.8860  53.12855
336.9452  53.04517
337.0023  52.96502
337.0490  52.89228
337.0943  52.82278
337.1389  52.75019
337.1926  52.67159
337.2553  52.59074
337.3263  52.51103
337.3987  52.43413
337.4683  52.36095
337.5358  52.29020
>           North Atlantic Ocean: EURASIA PLATE, set 09 isochron: 31
342.9393  49.41674
343.0244  49.29854
343.0655  49.23615
343.1038  49.17323
343.1372  49.11115
343.1728  49.04897
343.2076  48.98488
343.2425  48.91703
343.2794  48.84819
343.3185  48.77786
343.3617  48.70838
343.4035  48.63832
343.4432  48.57143
343.4739  48.50486
343.4948  48.43866
343.5088  48.36821
343.5242  48.29486
343.5466  48.21771
343.5760  48.13715
343.6080  48.05696
343.6380  47.97805
343.6660  47.90557
343.6883  47.83580
343.7044  47.76872
343.7107  47.70063
343.7115  47.63199
>           North Atlantic Ocean: EURASIA PLATE, set 09 isochron: 31
342.2525  44.24814
342.2324  44.18298
342.2068  44.11576
342.1749  44.04595
342.1319  43.97757
342.0840  43.90658
342.0326  43.82994
341.9834  43.74210
341.9391  43.65011
341.8996  43.56053
341.8600  43.47993
341.8157  43.40532
341.7636  43.33211
341.7109  43.25830
341.6575  43.18647
341.6040  43.11758
341.5464  43.04865
341.4916  42.97140
341.4361  42.88074
341.3764  42.77815
341.3112  42.67286
341.2523  42.57616
341.2094  42.48442
341.1734  42.39412
341.1422  42.30215
341.1118  42.21834
341.0890  42.14168
341.0662  42.06437
341.0378  41.98023
341.0059  41.88713
340.9685  41.78969
340.9304  41.68900
340.8798  41.58501
340.8243  41.48293
340.7654  41.38175
340.7182  41.29250
340.6850  41.21156
340.6642  41.13840
340.6505  41.06413
340.6381  40.98819
340.6256  40.91161
340.6104  40.83442
340.5918  40.75555
340.5710  40.67553
340.5468  40.59274
340.5190  40.50666
340.4872  40.41729
340.4526  40.33099
340.4186  40.24779
340.3840  40.16605
340.3521  40.08158
340.3224  39.99645
340.2898  39.90798
340.2586  39.81833
340.2233  39.72532
340.2005  39.63707
340.1749  39.54598
340.1520  39.45371
340.1174  39.35321
340.0835  39.25363
340.0461  39.15609
340.0087  39.06273
339.9698  38.97307
339.9331  38.88603
339.8978  38.80485
339.8611  38.72686
339.8243  38.65152
339.7890  38.57613
>           South Atlantic Ocean: SOUTH AMERICA PLATE, set 01 isochron: 31
333.7226 -10.93745
333.7462 -11.11397
333.7668 -11.25967
333.7865 -11.37314
333.8060 -11.46875
333.8298 -11.56703
333.8549 -11.66525
333.8806 -11.76141
333.9043 -11.84933
333.9286 -11.93108
333.9535 -12.00802
333.9777 -12.08151
333.9998 -12.15298
334.0191 -12.22513
334.0385 -12.30270
334.0524 -12.38646
334.0663 -12.47495
334.0781 -12.55800
334.0946 -12.62120
334.1239 -12.64341
>           South Atlantic Ocean: SOUTH AMERICA PLATE, set 01 isochron: 31
331.5893 -13.61643
331.5997 -13.69907
331.6129 -13.78642
331.6296 -13.87707
331.6492 -13.97581
331.6666 -14.06504
331.6805 -14.15157
331.6936 -14.23062
331.7061 -14.31507
331.7159 -14.39680
331.7207 -14.47923
331.7207 -14.55830
331.7185 -14.63601
331.7150 -14.71302
331.7129 -14.78931
331.7142 -14.86354
331.7161 -14.93301
331.7180 -14.99841
331.7193 -15.06177
331.7254 -15.12708
331.7329 -15.19707
331.7363 -15.27316
331.7376 -15.35056
331.7397 -15.42525
331.7499 -15.49443
331.7616 -15.55888
331.7746 -15.62064
>           South Atlantic Ocean: SOUTH AMERICA PLATE, set 01 isochron: 31
333.7334 -20.46768
333.7585 -20.55433
333.7801 -20.64491
333.7940 -20.73226
333.8065 -20.81436
333.8175 -20.88924
333.8355 -20.96598
333.8578 -21.04653
333.8870 -21.13414
333.9204 -21.22882
333.9545 -21.32147
333.9851 -21.40762
334.0114 -21.48467
334.0343 -21.55910
334.0565 -21.63285
334.0738 -21.70531
334.0883 -21.77650
>           South Atlantic Ocean: SOUTH AMERICA PLATE, set 01 isochron: 31
334.5435 -23.12438
334.5572 -23.26015
334.5707 -23.37535
334.5779 -23.47516
334.5849 -23.56591
334.5864 -23.65859
334.5955 -23.74410
334.6150 -23.82883
334.6427 -23.90703
334.6615 -23.98718
334.6532 -24.06947
334.6214 -24.15892
>           South Atlantic Ocean: SOUTH AMERICA PLATE, set 01 isochron: 31
332.4462 -25.66882
332.4421 -25.75682
332.4464 -25.84159
332.4617 -25.91807
332.4734 -25.98637
332.4830 -26.05086
332.4871 -26.11789
332.4891 -26.18739
332.4919 -26.25871
332.4898 -26.32943
332.4842 -26.40012
332.4744 -26.46707
332.4667 -26.53149
>           South Atlantic Ocean: SOUTH AMERICA PLATE, set 01 isochron: 31
332.8259 -28.21786
332.8467 -28.29998
332.8613 -28.37539
332.8696 -28.44650
332.8697 -28.52557
332.8719 -28.61376
332.8749 -28.70802
332.8820 -28.79726
332.8863 -28.88583
332.8920 -28.97614
332.8984 -29.06819
332.9076 -29.15649
332.9139 -29.23864
332.9195 -29.31588
332.9229 -29.39003
332.9271 -29.45926
332.9305 -29.52723
332.9353 -29.59635
332.9423 -29.67026
332.9465 -29.74535
332.9472 -29.81921
332.9430 -29.88882
332.9416 -29.95715
332.9408 -30.02361
332.9449 -30.08999
332.9491 -30.16233
332.9575 -30.24242
332.9625 -30.33153
332.9655 -30.42241
>           South Atlantic Ocean: SOUTH AMERICA PLATE, set 01 isochron: 31
332.3238 -30.59008
332.3204 -30.67110
332.3128 -30.75030
332.2983 -30.82890
332.2852 -30.90566
332.2748 -30.98291
332.2763 -31.06535
332.2869 -31.15899
332.2997 -31.26089
332.3083 -31.35796
332.3042 -31.43897
332.2980 -31.51457
332.2863 -31.60020
332.2825 -31.70528
332.2794 -31.82152
332.2806 -31.93994
332.2797 -32.06002
332.2788 -32.17992
332.2806 -32.29553
332.2816 -32.39864
332.2859 -32.48690
332.2915 -32.56212
332.3013 -32.63606
332.3110 -32.71111
332.3167 -32.79023
332.3258 -32.86575
332.3314 -32.94473
332.3419 -33.02945
332.3463 -33.11765
332.3512 -33.19819
332.3485 -33.26646
332.3476 -33.39114
332.3490 -33.45921
332.3462 -33.53079
>           South Atlantic Ocean: SOUTH AMERICA PLATE, set 01 isochron: 31
326.3553 -36.48676
326.3989 -36.68713
326.4283 -36.83887
326.4413 -36.94141
326.4435 -37.01935
326.4449 -37.09222
326.4477 -37.16221
326.4533 -37.23156
326.4589 -37.30529
326.4673 -37.38499
326.4779 -37.47179
326.4914 -37.56400
326.5014 -37.65447
326.5086 -37.74651
326.5144 -37.83841
326.5223 -37.93406
326.5316 -38.01917
326.5393 -38.09595
326.5463 -38.16498
326.5512 -38.23831
326.5569 -38.31866
326.5620 -38.40495
326.5671 -38.49115
326.5686 -38.56912
326.5680 -38.63829
326.5666 -38.70035
326.5665 -38.76016
>           South Atlantic Ocean: SOUTH AMERICA PLATE, set 01 isochron: 31
326.4764 -39.67909
326.4864 -39.76848
326.4949 -39.84975
326.5005 -39.92084
326.5054 -39.98598
326.5123 -40.11662
>           South Atlantic Ocean: SOUTH AMERICA PLATE, set 01 isochron: 31
326.9223 -40.49135
326.9214 -40.59665
326.9210 -40.68602
326.9218 -40.75783
326.9190 -40.82167
326.9108 -40.95918
326.9088 -41.03281
326.9082 -41.10634
326.9063 -41.18033
326.9064 -41.25369
326.9121 -41.33006
326.9254 -41.41203
326.9403 -41.50171
326.9532 -41.59233
326.9583 -41.67615
326.9591 -41.75000
326.9557 -41.81758
>           South Atlantic Ocean: SOUTH AMERICA PLATE, set 01 isochron: 31
325.5273 -41.98195
325.5198 -42.05493
325.5185 -42.12885
325.5248 -42.20212
325.5340 -42.27425
325.5410 -42.34425
325.5432 -42.41473
325.5420 -42.48772
325.5407 -42.56113
325.5408 -42.63496
325.5396 -42.71025
325.5378 -42.79208
325.5360 -42.88097
325.5356 -42.97072
325.5366 -43.05679
325.5381 -43.13513
325.5432 -43.20926
325.5502 -43.27924
325.5586 -43.34657
325.5691 -43.47354
>           South Atlantic Ocean: SOUTH AMERICA PLATE, set 01 isochron: 31
326.1005 -44.06274
326.1112 -44.27763
326.1249 -44.44246
326.1449 -44.55470
326.1626 -44.63889
326.1788 -44.71750
326.1873 -44.79704
326.1987 -44.87794
326.2053 -44.96368
326.2153 -45.04781
326.2176 -45.12746
326.2275 -45.20203
326.2304 -45.27359
326.2327 -45.34750
326.2274 -45.42578
326.2290 -45.50732
326.2341 -45.58484
326.2467 -45.65440
326.2537 -45.71809
326.2656 -45.78212
326.2733 -45.84903
326.2852 -45.91779
326.2923 -45.98454
326.2972 -46.04932
326.3091 -46.16847
326.2571 -46.23149
>           South Atlantic Ocean: SOUTH AMERICA PLATE, set 01 isochron: 31
327.4839 -46.97662
327.4952 -47.16591
327.5040 -47.31389
327.5088 -47.41768
327.5070 -47.50101
327.5121 -47.57947
327.5276 -47.65726
327.5459 -47.73538
327.5566 -47.81297
327.5631 -47.88675
327.5799 -47.95755
327.6036 -48.02820
327.6310 -48.10197
327.6485 -48.17526
327.6668 -48.24889
327.6802 -48.32014
327.6941 -48.37697
327.7102 -48.44574
327.7093 -48.53757
>           South Atlantic Ocean: AFRICA PLATE, set 02 isochron: 31
357.9674  -6.23814
358.0023  -6.35646
358.0344  -6.45885
358.0642  -6.54598
358.0961  -6.61781
358.1210  -6.69455
358.1390  -6.77481
358.1599  -6.87029
358.1905  -6.96772
358.2183  -7.05755
358.2362  -7.12528
358.2621  -7.24004
358.2898  -7.31941
358.3302  -7.41457
358.3705  -7.50972
358.4053  -7.59937
358.4268  -7.68221
358.4385  -7.76166
358.4530  -7.84247
358.4717  -7.92251
358.4967  -8.00179
358.5098  -8.07495
358.5228  -8.14119
358.5410  -8.25091
358.5773  -8.35694
358.5938  -8.42655
358.6118  -8.50856
358.6237  -8.60235
358.6397  -8.69399
358.6591  -8.77802
358.6814  -8.86542
358.7008  -8.95145
358.7154  -9.02926
358.7275  -9.07671
>           South Atlantic Ocean: AFRICA PLATE, set 02 isochron: 31
356.9063 -10.20976
356.9243 -10.28927
356.9472 -10.37078
356.9749 -10.45017
356.9943 -10.52962
357.0088 -10.60429
357.0212 -10.68102
357.0469 -10.76376
357.0796 -10.85809
357.1110 -10.96266
357.1374 -11.06110
357.1562 -11.14725
357.1762 -11.22170
357.1901 -11.30032
357.2116 -11.38771
357.2297 -11.47720
357.2526 -11.56386
357.2644 -11.64307
357.2836 -11.70716
357.3088 -11.81286
357.3211 -11.87833
357.3425 -11.93824
357.3598 -12.02003
357.4087 -12.06052
>           South Atlantic Ocean: AFRICA PLATE, set 02 isochron: 31
358.4378 -11.84763
358.4370 -11.91869
358.4730 -12.00028
358.4972 -12.06969
358.5270 -12.14586
358.5624 -12.22808
358.5970 -12.29460
358.6407 -12.38284
358.6620 -12.44195
358.6938 -12.52070
358.7377 -12.61840
358.7836 -12.71128
358.8252 -12.79462
358.8612 -12.86778
358.8909 -12.93555
358.9144 -13.00064
358.9337 -13.06573
358.9481 -13.13290
358.9646 -13.20480
358.9826 -13.27937
359.0054 -13.35321
359.0262 -13.42974
359.0463 -13.50897
359.0644 -13.59702
359.0853 -13.69111
359.1069 -13.79330
359.1286 -13.89341
359.1474 -13.98402
359.1654 -14.06242
359.1784 -14.12662
359.1903 -14.22533
359.2084 -14.30899
359.2320 -14.39065
359.2444 -14.46286
359.2650 -14.52957
359.2961 -14.59818
359.3239 -14.68571
359.3503 -14.76378
359.3775 -14.86541
359.4156 -14.93385
359.4504 -15.03062
359.4691 -15.10728
359.4896 -15.15426
>           South Atlantic Ocean: AFRICA PLATE, set 02 isochron: 31
  0.1241 -16.32723
  0.1607 -16.39317
  0.1960 -16.46245
  0.2293 -16.54110
  0.2661 -16.62769
  0.3057 -16.71490
  0.3495 -16.79804
  0.3904 -16.87848
  0.4313 -16.96022
  0.4639 -17.03667
  0.4923 -17.11046
  0.5165 -17.18159
  0.5435 -17.25932
  0.5734 -17.33968
  0.5990 -17.42268
  0.6268 -17.50231
  0.6545 -17.57925
  0.6843 -17.65480
  0.7092 -17.72837
  0.7223 -17.80003
  0.7250 -17.86644
  0.7186 -17.93027
>           South Atlantic Ocean: AFRICA PLATE, set 02 isochron: 31
  1.5235 -17.82102
  1.5449 -17.88126
  1.5669 -17.94280
  1.5897 -18.00963
  1.6132 -18.08305
  1.6388 -18.16174
  1.6680 -18.24368
  1.6992 -18.32423
  1.7318 -18.40605
  1.7609 -18.48323
  1.7900 -18.56369
  1.8144 -18.64877
  1.8374 -18.74245
>           South Atlantic Ocean: AFRICA PLATE, set 02 isochron: 31
  1.4821 -20.12685
  1.5091 -20.20457
  1.5396 -20.27895
  1.5749 -20.35195
  1.6095 -20.42166
  1.6421 -20.49462
  1.6768 -20.57536
  1.7158 -20.66647
  1.7618 -20.76009
  1.8020 -20.84129
  1.8339 -20.91145
  1.8539 -20.97713
  1.8698 -21.04996
  1.8844 -21.12867
>           South Atlantic Ocean: AFRICA PLATE, set 02 isochron: 31
  2.2899 -21.07808
  2.3162 -21.15661
  2.3391 -21.23580
  2.3606 -21.31236
  2.3808 -21.39021
  2.4085 -21.46662
  2.4418 -21.54556
  2.4772 -21.62443
  2.5078 -21.70394
  2.5342 -21.78540
  2.5585 -21.86749
  2.5835 -21.94756
  2.6071 -22.02244
  2.6299 -22.09145
  2.6506 -22.15852
  2.6741 -22.22423
  2.6990 -22.29054
  2.7232 -22.35425
  2.7458 -22.47410
>           South Atlantic Ocean: AFRICA PLATE, set 02 isochron: 31
  1.1532 -23.17745
  1.1900 -23.25729
  1.2212 -23.33649
  1.2462 -23.41634
  1.2684 -23.49234
  1.2878 -23.56512
  1.3065 -23.63274
  1.3244 -23.69779
  1.3424 -23.76536
  1.3697 -23.86792
  1.3842 -23.86078
>           South Atlantic Ocean: AFRICA PLATE, set 02 isochron: 31
356.9730 -33.58660
357.0413 -33.76982
357.0935 -33.91653
357.1279 -34.02098
357.1447 -34.10229
357.1613 -34.17316
357.1821 -34.23815
357.2119 -34.29955
357.2403 -34.36323
357.2597 -34.43153
357.2749 -34.49751
357.2915 -34.55885
357.3191 -34.61432
357.3461 -34.67202
357.3821 -34.79948
357.3973 -34.86574
357.4111 -34.93025
357.4469 -35.03793
357.4868 -35.13912
357.5125 -35.20671
357.5348 -35.28795
357.5509 -35.36575
357.5641 -35.43895
357.5766 -35.50584
357.5925 -35.57266
357.6099 -35.64053
357.6265 -35.70721
357.6411 -35.77103
357.6673 -35.89178
357.7018 -36.01509
357.7370 -36.13371
357.7792 -36.25374
357.8222 -36.38873
357.8438 -36.46149
357.8633 -36.53249
357.8806 -36.60290
357.8945 -36.67271
357.9126 -36.74520
357.9349 -36.81927
357.9621 -36.89326
>           South Atlantic Ocean: AFRICA PLATE, set 02 isochron: 31
358.5295 -36.80350
358.5632 -36.91080
358.5913 -37.01250
358.6159 -37.10741
358.6460 -37.20218
358.6768 -37.29294
358.7034 -37.38028
358.7278 -37.45483
358.7521 -37.52435
358.7791 -37.58711
358.7979 -37.66092
358.8195 -37.74014
358.8454 -37.82752
358.8761 -37.90598
358.9054 -37.98216
358.9312 -38.05826
358.9591 -38.14468
358.9879 -38.23764
>           South Atlantic Ocean: AFRICA PLATE, set 02 isochron: 31
358.1828 -38.88135
358.1940 -38.95874
358.2066 -39.03499
358.2227 -39.10899
358.2449 -39.17963
358.2727 -39.25014
358.2992 -39.32114
358.3187 -39.38994
358.3347 -39.45497
358.3582 -39.52040
358.3881 -39.58945
358.4167 -39.66330
358.4403 -39.73604
358.4640 -39.81030
358.4898 -39.88712
358.5115 -39.96764
358.5332 -40.04434
358.5561 -40.11296
358.5832 -40.17403
358.6095 -40.23184
>           South Atlantic Ocean: AFRICA PLATE, set 02 isochron: 31
358.9654 -40.21964
359.0370 -40.37305
359.0897 -40.49626
359.1247 -40.58923
359.1492 -40.67099
359.1751 -40.75476
359.1983 -40.83688
359.2214 -40.91415
359.2402 -40.98715
359.2612 -41.06529
359.2829 -41.14754
359.3060 -41.23178
359.3263 -41.30757
359.3451 -41.37544
359.3631 -41.43958
359.3833 -41.50363
359.4069 -41.56915
359.4367 -41.63354
359.4659 -41.69940
359.4916 -41.76578
359.5118 -41.83417
359.5383 -41.90347
359.5696 -41.97424
359.6071 -42.04230
359.6398 -42.10515
359.6959 -42.21988
359.7395 -42.33348
359.7575 -42.38948
>           South Atlantic Ocean: AFRICA PLATE, set 11 isochron: 31
 13.4761 -42.13269
 13.5019 -42.20784
 13.5277 -42.27879
 13.5555 -42.34659
 13.5853 -42.41275
 13.6249 -42.47878
 13.6687 -42.54265
 13.7083 -42.60596
 13.7430 -42.67026
 13.7785 -42.73654
 13.8119 -42.80737
 13.8357 -42.88533
 13.8478 -42.97047
>           South Atlantic Ocean: AFRICA PLATE, set 11 isochron: 31
 14.0619 -43.67123
 14.1201 -43.73576
 14.1798 -43.80322
 14.2417 -43.87611
 14.3044 -43.95192
 14.3698 -44.02713
 14.4344 -44.09625
 14.4984 -44.16031
>           South Atlantic Ocean: AFRICA PLATE, set 12 isochron: 31
 16.2618 -43.80064
 16.3081 -43.97528
 16.3430 -44.11227
 16.3719 -44.21155
 16.3999 -44.29315
 16.4321 -44.36917
 16.4628 -44.44557
 16.4928 -44.52383
 16.5250 -44.61093
 16.5586 -44.69688
 16.5874 -44.78276
 16.6085 -44.86459
 16.6220 -44.94638
 16.6416 -45.02260
 16.6626 -45.09575
 16.6856 -45.16339
 16.6989 -45.23248
 16.7143 -45.30440
 16.7298 -45.38406
 16.7516 -45.46649
 16.7713 -45.54834
 16.7917 -45.62521
 16.8105 -45.69565
 16.8273 -45.76115
 16.8385 -45.82419
 16.8462 -45.88960
 16.8533 -45.96315
 16.8654 -46.04382
 16.8747 -46.12970
 16.8847 -46.20920
 16.8939 -46.28523
 16.9107 -46.35580
 16.9296 -46.42532
 16.9492 -46.49142
>           South Atlantic Ocean: ANTARCTICA PLATE, set 03 isochron: 31
339.0801 -64.00475
338.8800 -64.04951
338.6927 -64.08981
338.5103 -64.12852
338.3326 -64.16293
338.1506 -64.19516
337.9783 -64.22038
337.8053 -64.24529
337.6343 -64.26895
337.4620 -64.29440
337.3000 -64.31703
337.1464 -64.34085
336.9998 -64.36584
336.8552 -64.39018
336.7106 -64.41331
336.5653 -64.43643
336.4187 -64.46339
336.2777 -64.49332
336.1423 -64.52318
335.8692 -64.57689
335.5718 -64.62523
335.4244 -64.64787
335.1426 -64.68710
335.0021 -64.70551
334.8588 -64.72154
334.7065 -64.73909
334.5486 -64.75723
334.3853 -64.77808
334.2275 -64.80060
334.0760 -64.82339
333.9308 -64.84824
333.7828 -64.87540
333.6320 -64.90288
333.4813 -64.93144
333.3340 -64.95648
333.1845 -64.98093
333.0260 -65.00041
332.8606 -65.02222
332.6932 -65.04811
332.5295 -65.08218
332.3672 -65.11882
332.2048 -65.15425
332.0449 -65.18146
331.8842 -65.20166
331.7235 -65.21571
331.5592 -65.22881
>           South Atlantic Ocean: ANTARCTICA PLATE, set 03 isochron: 31
329.2462 -65.43652
328.9727 -65.47997
328.7485 -65.51743
328.5679 -65.54716
328.4019 -65.57487
328.2267 -65.59714
328.0522 -65.61533
327.8817 -65.62978
327.7184 -65.64703
327.5571 -65.66829
327.3966 -65.69238
327.2333 -65.71622
327.0735 -65.74055
326.9060 -65.76292
326.7302 -65.78534
326.5349 -65.80605
326.3312 -65.82748
>           South Atlantic Ocean: ANTARCTICA PLATE, set 03 isochron: 31
324.3431 -66.03682
324.1856 -66.06178
324.0312 -66.08185
323.8787 -66.09288
323.5595 -66.10065
323.3903 -66.10272
323.2231 -66.10394
323.0572 -66.10431
322.7318 -66.10419
322.5639 -66.10880
322.3879 -66.11652
322.2119 -66.12762
322.0350 -66.13562
321.8658 -66.14134
321.5390 -66.14542
321.3738 -66.14665
321.2038 -66.14761
321.0361 -66.15332
320.8691 -66.16267
320.7076 -66.17506
320.5489 -66.18599
>           Indian Ocean: AFRICA PLATE, set 03 isochron: 31
 21.3159 -46.86458
 21.4431 -46.89191
 21.5592 -46.91449
 21.6677 -46.93474
 21.7768 -46.94975
 21.8963 -46.96469
 22.0227 -46.97482
 22.1540 -46.98341
>           Indian Ocean: AFRICA PLATE, set 03 isochron: 31
 23.1501 -48.36900
 23.2669 -48.39748
 23.3797 -48.42543
 23.4904 -48.45618
 23.6038 -48.48640
 23.7179 -48.51614
 23.8285 -48.53758
 23.9390 -48.55122
 24.0550 -48.55884
 24.1813 -48.56175
 24.3138 -48.56134
>           Indian Ocean: AFRICA PLATE, set 03 isochron: 31
 24.8185 -46.82986
 24.9844 -46.90401
 25.0711 -46.96288
 25.1558 -47.02928
 25.2418 -47.09181
 25.3313 -47.15096
 25.4229 -47.21094
 25.5158 -47.27132
 25.6067 -47.33023
 25.7003 -47.38295
 25.7904 -47.43373
 25.8743 -47.48779
 25.9507 -47.54654
>           Indian Ocean: AFRICA PLATE, set 09 isochron: 31
 57.4927 -12.29229
 57.6004 -12.38908
 57.7040 -12.49333
 57.8097 -12.59688
 57.9120 -12.70446
 58.0108 -12.81133
 58.0999 -12.92571
>           Indian Ocean: AFRICA PLATE, set 09 isochron: 31
 56.9598 -15.06727
 57.1397 -15.20225
 57.2905 -15.32716
 57.4178 -15.44675
 57.5381 -15.56364
 57.6709 -15.68712
 57.8107 -15.81248
>           Indian Ocean: AFRICA PLATE, set 10 isochron: 31
 52.9766 -17.44694
 53.0871 -17.58454
 53.1999 -17.71741
 53.3140 -17.84091
 53.4253 -17.96034
 53.5339 -18.07706
>           Indian Ocean: AFRICA PLATE, set 10 isochron: 31
 51.5541 -20.78249
 51.6598 -20.92255
 51.7684 -21.04365
 51.8866 -21.14704
 52.0089 -21.26006
 52.1389 -21.37751
 52.2641 -21.49683
 52.3879 -21.60311
 52.5075 -21.70675
 52.6305 -21.80576
 52.7557 -21.90340
>           Indian Ocean: ANTARCTICA PLATE, set 04 isochron: 31
 14.0278 -57.64972
 14.1435 -57.69415
 14.2593 -57.74295
 14.3780 -57.79726
 14.4899 -57.85518
 14.5954 -57.90863
 14.6843 -57.95839
 14.7730 -58.00037
 14.9339 -58.08421
 15.0781 -58.17308
 15.2419 -58.26126
>           Indian Ocean: ANTARCTICA PLATE, set 04 isochron: 31
 18.0166 -58.41550
 18.1606 -58.45561
 18.2971 -58.49133
 18.4253 -58.52193
 18.5479 -58.54890
 18.6684 -58.57585
>           Indian Ocean: ANTARCTICA PLATE, set 04 isochron: 31
 21.8986 -58.28201
 22.0188 -58.29501
 22.1418 -58.30431
 22.2675 -58.30986
>           Indian Ocean: ANTARCTICA PLATE, set 10 isochron: 31
 50.4624 -44.48059
 50.7182 -44.60352
 50.9491 -44.71260
 51.1553 -44.80853
 51.3468 -44.90233
 51.5361 -45.00526
 51.7212 -45.11681
 51.8981 -45.23010
 52.0744 -45.33295
 52.2501 -45.42441
 52.4278 -45.51077
 52.6014 -45.59799
 52.7757 -45.68654
 52.9576 -45.77354
 53.1449 -45.86572
 53.3363 -45.96643
 53.5236 -46.06987
 53.7082 -46.16972
 53.8791 -46.26405
 54.0390 -46.35861
>           Indian Ocean: ANTARCTICA PLATE, set 10 isochron: 31
 53.9214 -49.33905
 54.1209 -49.41940
 54.3302 -49.50995
 54.5479 -49.60886
 54.7580 -49.71202
 54.9557 -49.80823
 55.1382 -49.90414
 55.3131 -49.99542
 55.4832 -50.08609
 55.6554 -50.16635
 55.8308 -50.24106
>           Indian Ocean: ANTARCTICA PLATE, set 10 isochron: 31
 54.7267 -51.51059
 54.9727 -51.62027
 55.2097 -51.72052
 55.4337 -51.81616
 55.6486 -51.91197
 55.8552 -52.00975
 56.0571 -52.09793
 56.2577 -52.17827
 56.4631 -52.25674
 56.6753 -52.34064
 56.8883 -52.42648
 57.0916 -52.51126
 57.2769 -52.59956
 57.4486 -52.69354
>           Indian Ocean: AUSTRALIA PLATE, set 13 isochron: 31
 91.6381   4.84340
 91.8003   4.83593
 91.9577   4.82286
 92.1136   4.81743
 92.2674   4.82101
 92.4233   4.83572
 92.5751   4.84207
 92.7234   4.84283
>           Indian Ocean: AUSTRALIA PLATE, set 14 isochron: 31
 91.8762 -18.85522
 92.0710 -18.86752
 92.2436 -18.87787
 92.3940 -18.89226
 92.5347 -18.89881
 92.6816 -18.90270
 92.8389 -18.89664
 93.0052 -18.89112
>           Indian Ocean: AUSTRALIA PLATE, set 14 isochron: 31
 93.4505 -17.82973
 93.7921 -17.78584
 94.0670 -17.75784
 94.2693 -17.74545
 94.4246 -17.74599
 94.5694 -17.74591
 94.7101 -17.74582
>           Indian Ocean: AUSTRALIA PLATE, set 14 isochron: 31
 96.2648 -14.71604
 96.5224 -14.63194
 96.7356 -14.56812
 96.8990 -14.53150
 97.0347 -14.51125
 97.1615 -14.49711
 97.2876 -14.47622
 97.4136 -14.45197
 97.5452 -14.42499
 97.6768 -14.40610
 97.8119 -14.39259
 97.9490 -14.38513
 98.0911 -14.37897
>           Indian Ocean: AUSTRALIA PLATE, set 14 isochron: 31
 98.9442  -6.79684
 99.3127  -6.75557
 99.5995  -6.72082
 99.8031  -6.69756
 99.9632  -6.67733
100.1142  -6.66269
100.2562  -6.64880
100.3885  -6.63079
100.5222  -6.61486
100.6587  -6.59269
100.8013  -6.56979
100.9405  -6.54135
101.0763  -6.52609
101.2073  -6.52331
>           Indian Ocean: AUSTRALIA PLATE, set 16 isochron: 31
152.4929 -39.94096
152.5660 -40.07249
152.6440 -40.20657
152.7351 -40.34474
152.8331 -40.48430
152.9354 -40.61887
153.0274 -40.74829
153.1229 -40.87643
153.2308 -41.00658
153.3576 -41.13722
>           Indian Ocean: AUSTRALIA PLATE, set 16 isochron: 31
153.9370 -43.61401
154.0377 -43.77597
154.1265 -43.92557
154.2032 -44.06285
>           Indian Ocean: AUSTRALIA PLATE, set 16 isochron: 31??
151.2884 -35.51164
151.4159 -35.78325
151.5254 -36.00188
151.6211 -36.16816
151.7103 -36.30701
151.8023 -36.44561
151.8915 -36.58173
151.9760 -36.71587
152.0576 -36.85030
152.1274 -36.98771
152.1916 -37.12817
152.2476 -37.26389
152.3051 -37.39393
>           Indian Ocean: AUSTRALIA PLATE, set 16 isochron: 31??
153.4787 -41.70125
153.6524 -41.94690
153.8005 -42.15674
153.9217 -42.32616
154.0280 -42.46518
154.1277 -42.59410
154.2213 -42.71765
>           Indian Ocean: AUSTRALIA PLATE, set 17 isochron: 31
158.6107 -37.30225
158.7645 -37.48698
158.8963 -37.64751
159.0091 -37.78608
159.1081 -37.91709
159.2001 -38.05385
159.2817 -38.19421
>           Indian Ocean: AUSTRALIA PLATE, set 17 isochron: 31
160.2613 -38.89807
160.3795 -39.02287
160.5102 -39.15356
160.6575 -39.29172
160.8117 -39.43073
160.9633 -39.56728
161.1082 -39.69977
>           Indian Ocean: AUSTRALIA PLATE, set 17 isochron: 31
159.3940 -42.52199
159.5762 -42.72334
159.7393 -42.89861
159.8734 -43.04622
159.9806 -43.17599
160.0721 -43.30193
>           Indian Ocean: AUSTRALIA PLATE, set 17 isochron: 31
161.3888 -45.27783
161.5311 -45.42827
161.6595 -45.56616
161.7702 -45.69048
161.8652 -45.80719
