>           Pacific Ocean: PACIFIC PLATE, set 06 isochron: 18
198.1978 -53.84941
198.2923 -53.79274
198.3888 -53.73640
198.4804 -53.67915
198.5741 -53.62431
198.6699 -53.56610
198.7796 -53.50282
198.8934 -53.42992
199.0072 -53.35896
199.1133 -53.29584
199.2202 -53.24469
199.3298 -53.18971
199.4465 -53.12711
199.5673 -53.05313
199.6880 -52.97905
199.8108 -52.90613
199.9341 -52.83640
>           Pacific Ocean: PACIFIC PLATE, set 06 isochron: 18
206.9047 -52.22742
206.9694 -52.16725
207.0333 -52.10229
207.0923 -52.03209
207.1576 -51.96095
207.2222 -51.89227
207.2916 -51.82564
207.3583 -51.75761
207.4277 -51.68733
207.4986 -51.61606
207.5673 -51.54599
207.6305 -51.47623
207.6889 -51.40636
207.7500 -51.33725
207.8194 -51.27023
207.8972 -51.20531
207.9777 -51.14204
208.0513 -51.07912
208.1172 -51.01653
208.1818 -50.95255
208.2527 -50.88760
208.3304 -50.82213
208.4108 -50.75702
>           Pacific Ocean: PACIFIC PLATE, set 06 isochron: 18
223.1440 -50.34460
223.2377 -50.22852
>           Pacific Ocean: PACIFIC PLATE, set 06 isochron: 18
225.2567 -47.84187
225.2978 -47.76649
225.3304 -47.69337
225.3638 -47.62912
225.4659 -47.52769
225.5270 -47.47734
225.5908 -47.42838
225.6949 -47.33075
225.7436 -47.27501
225.8033 -47.21213
225.8603 -47.14394
225.9255 -47.07903
225.9901 -47.01830
226.0582 -46.96129
226.1276 -46.89851
226.2012 -46.82562
226.2818 -46.74265
226.3589 -46.65953
226.4345 -46.58446
226.5066 -46.51695
>           Pacific Ocean: PACIFIC PLATE, set 09 isochron: 18
173.1524 -62.91455
173.4196 -62.87799
173.5563 -62.85522
173.6929 -62.83275
173.8288 -62.81152
173.9640 -62.79214
>           Pacific Ocean: PACIFIC PLATE, set 09 isochron: 18
184.8745 -59.22415
184.9974 -59.20113
185.1189 -59.17519
185.2417 -59.14813
185.3673 -59.12039
185.4971 -59.09366
185.6254 -59.06943
185.7518 -59.04410
185.8781 -59.01910
186.0099 -58.99052
186.1487 -58.96120
186.2930 -58.93257
186.4388 -58.90105
186.5866 -58.86661
186.7344 -58.83179
186.8821 -58.80486
187.0243 -58.78476
187.1631 -58.76390
187.3020 -58.73799
187.4380 -58.70987
187.5725 -58.68571
187.7058 -58.66264
187.8495 -58.63849
188.0007 -58.61215
188.1526 -58.58940
188.2941 -58.57170
188.4232 -58.55650
188.5467 -58.53879
188.6682 -58.51814
188.7903 -58.49715
188.9097 -58.47829
189.1456 -58.44130
189.2656 -58.42171
189.3877 -58.40063
189.5168 -58.37846
189.6500 -58.35374
189.7895 -58.32753
189.9290 -58.30240
190.0650 -58.27724
190.1961 -58.25276
190.3315 -58.22833
190.4758 -58.20534
190.6277 -58.18050
190.7714 -58.15633
190.9046 -58.12994
191.0274 -58.10577
191.1565 -58.07716
191.2939 -58.04742
191.4424 -58.01659
191.5909 -57.99084
191.7379 -57.96870
>           Pacific Ocean: PACIFIC PLATE, set 11 isochron: 18
229.0461 -41.30161
229.0868 -41.39627
229.1269 -41.48517
>           Pacific Ocean: PACIFIC PLATE, set 11 isochron: 18
218.6255 -23.47511
218.6531 -23.56025
218.6808 -23.64088
218.7071 -23.71892
218.7361 -23.80264
218.7623 -23.88569
218.7865 -23.96548
218.8010 -24.03630
218.8120 -24.10580
218.8217 -24.17270
218.8382 -24.24466
218.8589 -24.31911
218.8859 -24.39864
218.9170 -24.47495
218.9495 -24.54739
218.9799 -24.61344
218.9986 -24.67565
219.0304 -24.79108
219.0677 -24.92033
219.0884 -24.98681
219.1099 -25.05261
219.1430 -25.18032
219.1506 -25.24854
219.1602 -25.31672
219.1656 -25.38864
219.1732 -25.46619
219.1758 -25.55124
219.1778 -25.63686
219.1784 -25.72057
>           Pacific Ocean: PACIFIC PLATE, set 11 isochron: 18
220.9350 -18.10882
220.9508 -18.18115
220.9709 -18.25681
220.9971 -18.33773
221.0248 -18.41797
221.0517 -18.50014
221.0752 -18.58359
221.0945 -18.67495
221.1152 -18.77022
221.1380 -18.86809
221.1670 -18.96919
221.1981 -19.07422
221.2299 -19.17785
221.2603 -19.27020
221.2859 -19.34801
221.3080 -19.41721
221.3267 -19.48376
>           Pacific Ocean: PACIFIC PLATE, set 11 isochron: 18
222.6251 -13.81329
222.6347 -13.91096
222.6443 -14.01402
222.6587 -14.11773
222.6752 -14.21394
222.6994 -14.30470
222.7215 -14.39474
222.7464 -14.48677
222.7671 -14.57337
222.7920 -14.65385
222.8114 -14.73022
222.8279 -14.80927
222.8375 -14.89506
222.8533 -14.98888
222.8727 -15.08269
222.9017 -15.17242
222.9273 -15.25402
222.9536 -15.33355
222.9680 -15.41709
222.9811 -15.50462
222.9949 -15.59618
223.0197 -15.67896
223.0446 -15.75632
223.0674 -15.82625
223.0847 -15.89548
223.1027 -15.96268
223.1158 -16.03319
223.1275 -16.10905
223.1419 -16.19093
223.1613 -16.27009
223.1758 -16.34454
223.1826 -16.41291
223.1853 -16.48125
223.1901 -16.55025
>           Pacific Ocean: PACIFIC PLATE, set 11 isochron: 18
225.7526   5.00275
225.7469   4.91358
225.7482   4.82718
225.7578   4.74703
225.7758   4.66824
225.8021   4.58525
225.8395   4.49110
225.8830   4.39276
225.9287   4.29369
225.9689   4.19880
226.0069   4.10461
226.0360   4.01527
226.0601   3.92316
226.0774   3.82895
226.0960   3.72775
226.1160   3.63351
226.1375   3.54553
226.1596   3.46105
226.1852   3.37167
226.2142   3.27738
226.2488   3.18307
226.2765   3.08738
226.2944   2.99308
226.2999   2.89879
>           Pacific Ocean: PACIFIC PLATE, set 11 isochron: 18
229.7792  24.71613
229.8041  24.63042
229.8296  24.54720
229.8538  24.46901
229.8759  24.39715
229.8939  24.32778
229.9098  24.25839
>           Pacific Ocean: PACIFIC PLATE, set 11 isochron: 18
211.0580  51.20590
211.0302  51.14065
211.0093  51.07505
210.9971  51.01054
210.9816  50.88886
210.9669  50.76867
210.9487  50.64470
210.9333  50.58169
210.9211  50.51701
210.9117  50.44963
210.9080  50.38236
210.8895  50.25296
210.8736  50.18873
210.8593  50.12321
210.8464  50.05584
210.8330  49.98787
210.8194  49.91914
210.8065  49.84975
210.7964  49.77935
210.7837  49.70717
210.7671  49.63425
210.7477  49.56254
210.7316  49.49427
210.7189  49.42880
210.7095  49.36387
210.6971  49.29858
210.6844  49.22952
210.6696  49.15829
210.6592  49.08339
210.6499  49.00923
210.6422  48.93054
210.6310  48.85035
210.6171  48.77013
210.6030  48.69670
210.5934  48.62761
210.5884  48.55924
210.5850  48.49108
210.5789  48.42309
210.5691  48.35543
210.5566  48.28618
>           Pacific Ocean: PACIFIC PLATE, set 11 isochron: 18
211.1860  43.47410
211.1927  43.34791
211.1924  43.21170
211.1939  43.14003
211.1971  43.06746
211.1993  42.99382
211.1997  42.92036
211.1980  42.84782
211.1952  42.77896
211.1922  42.71356
211.1898  42.65044
211.1891  42.58664
211.1895  42.51957
211.1904  42.45066
211.1900  42.38228
211.1879  42.31824
211.1846  42.25751
211.1818  42.19750
211.1813  42.07363
211.1867  41.94979
211.1868  41.82102
211.1829  41.75283
211.1793  41.68277
211.1775  41.61420
211.1769  41.54733
211.1783  41.41813
211.1809  41.28380
211.1806  41.21618
211.1787  41.14972
211.1769  41.08441
211.1761  41.01881
211.1769  40.95330
211.1794  40.88790
211.1813  40.82224
211.1821  40.75410
211.1811  40.68268
211.1801  40.61100
211.1783  40.54189
211.1761  40.41244
>           Pacific Ocean: PACIFIC PLATE, set 11 isochron: 18
210.1770  55.72092
210.1551  55.65102
210.1326  55.57986
210.1149  55.50900
210.0972  55.43720
210.0871  55.36645
210.0680  55.29281
210.0454  55.22022
210.0047  55.14513
209.9620  55.07228
209.9145  54.99972
209.8774  54.93060
209.8465  54.85853
209.8233  54.78193
209.7986  54.69995
209.7732  54.62025
209.7443  54.54402
209.7148  54.47049
209.6811  54.39436
209.6475  54.31526
209.6151  54.23519
209.5884  54.15703
209.5659  54.08114
209.5475  54.00551
209.5311  53.92852
209.5162  53.85142
209.4992  53.77207
209.4793  53.69217
209.4568  53.61088
209.4321  53.53402
209.4068  53.45782
209.3779  53.38191
209.3449  53.30379
209.3133  53.22760
209.2824  53.14792
209.2536  53.06099
209.2206  52.96517
>           Pacific Ocean: PACIFIC PLATE, set 11 isochron: 18
213.4869  57.95952
213.4753  57.88295
213.4673  57.80925
213.4642  57.73575
213.4665  57.65652
213.4689  57.57114
213.4698  57.48635
213.4652  57.40851
213.4600  57.33759
213.4513  57.26955
213.4420  57.20292
213.4298  57.13726
213.4184  57.07227
213.4070  57.00683
>           Pacific Ocean: PACIFIC PLATE, set 11 isochron: 18
214.3755  59.42017
214.3716  59.35490
214.3643  59.28885
214.3557  59.22272
214.3435  59.15928
214.3299  59.09432
214.3213  59.02561
214.3244  58.95066
214.3386  58.87234
214.3492  58.79130
214.3466  58.71046
214.3309  58.63416
214.3042  58.56495
214.2633  58.43918
214.2508  58.31475
214.2317  58.24927
214.2002  58.18118
>           Pacific Ocean: PACIFIC PLATE, set 11 isochron: 18
213.4120  47.12844
213.4186  47.04914
213.4259  46.96788
213.4339  46.88414
213.4384  46.79979
213.4395  46.71864
213.4350  46.64408
213.4291  46.57567
213.4219  46.50954
213.4168  46.44235
213.4130  46.37412
213.4086  46.30581
213.4035  46.23452
213.3962  46.15685
213.3896  46.07135
213.3823  45.98525
213.3779  45.90434
213.3748  45.82769
213.3703  45.74846
213.3651  45.66478
213.3585  45.58045
213.3547  45.49994
213.3468  45.42075
213.3388  45.34195
213.3309  45.26306
213.3271  45.18304
213.3282  45.10342
213.3313  45.02170
213.3380  44.94284
213.3376  44.86583
213.3283  44.79419
213.3087  44.72543
>           Pacific Ocean: PACIFIC PLATE, set 11 isochron: 18
223.1995  30.12822
223.2275  29.95083
223.2507  29.81575
223.2678  29.71995
223.2800  29.64102
223.2916  29.55838
223.3060  29.47689
223.3196  29.40265
223.3354  29.33444
223.3498  29.27106
223.3670  29.20091
223.3841  29.12156
223.4033  29.02562
223.4246  28.92780
223.4479  28.83234
223.4734  28.75209
223.4975  28.67976
223.5160  28.61167
223.5283  28.54171
223.5364  28.46862
223.5446  28.39426
>           Pacific Ocean: PACIFIC PLATE, set 11 isochron: 18
223.6420  27.44941
223.6689  27.37614
223.6895  27.29726
223.7086  27.21150
223.7307  27.13190
223.7589  27.05784
223.7858  26.98933
223.8106  26.91079
223.8318  26.81908
223.8468  26.71860
223.8632  26.62303
223.8741  26.53614
223.8933  26.45355
223.9077  26.37215
223.9311  26.29196
223.9551  26.21167
223.9855  26.12947
224.0164  26.04406
224.0468  25.96111
224.0750  25.88186
224.1005  25.80508
224.1225  25.72635
224.1543  25.65137
224.1825  25.58326
224.2419  25.49177
224.2738  25.46081
>           Pacific Ocean: PACIFIC PLATE, set 11 isochron: 18
225.9238  32.79019
225.9465  32.71848
225.9671  32.64554
225.9877  32.57434
226.0070  32.50365
226.0262  32.43231
226.0406  32.35679
226.0529  32.28181
226.0651  32.20796
226.0802  32.13343
226.0911  32.05589
226.0957  31.97651
226.0955  31.89945
226.0981  31.82530
226.1048  31.75404
226.1102  31.68451
226.1134  31.61491
226.1112  31.54112
226.1116  31.46129
226.1093  31.37843
226.1098  31.30028
226.1068  31.22626
226.1108  31.14974
226.1181  31.06358
226.1255  30.96957
226.1252  30.87608
226.1187  30.78791
226.1116  30.70510
>           Pacific Ocean: PACIFIC PLATE, set 11 isochron: 18?
225.2825  -3.68034
225.3150  -3.75783
225.3392  -3.83392
225.3578  -3.90650
225.3744  -3.97768
225.3917  -4.05235
225.4062  -4.13606
225.4193  -4.22466
225.4372  -4.31116
225.4579  -4.38928
225.4912  -4.45764
225.5334  -4.51765
225.5875  -4.57209
>           Pacific Ocean: EURASIA PLATE, set 04 isochron: 18
120.1273   2.01150
120.2957   2.09903
120.4489   2.17535
120.5910   2.24817
120.7296   2.32167
120.8704   2.39726
121.0048   2.46028
121.1331   2.51074
121.2565   2.55350
>           Pacific Ocean: NAZCA PLATE, set 06 isochron: 18
287.0503 -31.66873
287.0807 -31.73819
287.1126 -31.80704
287.1472 -31.87585
287.1866 -31.94698
287.2295 -32.02042
287.2759 -32.09675
287.3236 -32.16949
287.3694 -32.23862
287.4116 -32.30299
>           Pacific Ocean: NAZCA PLATE, set 06 isochron: 18
279.9674 -24.98672
280.0248 -25.06837
280.0622 -25.13544
280.1030 -25.20375
280.1473 -25.27203
280.1923 -25.34087
280.2353 -25.41034
280.2705 -25.48036
280.3024 -25.54783
280.3328 -25.61337
280.3702 -25.67825
280.4117 -25.74686
280.4588 -25.81670
280.5059 -25.89278
280.5509 -25.97005
280.5903 -26.04794
280.6242 -26.11759
280.6560 -26.18343
280.6892 -26.24986
280.7253 -26.32063
280.7626 -26.39326
280.7993 -26.46271
280.8353 -26.52898
280.8692 -26.59148
280.9018 -26.65268
280.9343 -26.71136
280.9710 -26.77190
281.0104 -26.83425
281.0533 -26.90093
281.0928 -26.96571
281.1364 -27.03294
281.1814 -27.10075
281.2312 -27.17102
281.2728 -27.23316
281.3206 -27.31203
281.3580 -27.36726
281.3968 -27.42805
281.4314 -27.49747
281.4729 -27.55386
281.5221 -27.59785
281.5581 -27.66655
281.6072 -27.71544
281.6474 -27.76985
281.6841 -27.83844
281.7395 -27.89835
281.7804 -27.92493
>           Pacific Ocean: NAZCA PLATE, set 06 isochron: 18
280.1600 -14.05550
280.2258 -14.11861
280.2784 -14.19862
280.3241 -14.28333
280.3622 -14.36736
280.4037 -14.43509
280.4369 -14.50619
280.4681 -14.57116
280.4951 -14.63409
280.5629 -14.75721
280.6038 -14.83495
280.6446 -14.91740
280.6917 -14.99781
280.7387 -15.07613
280.7844 -15.15649
280.8253 -15.23207
280.8612 -15.30290
280.8979 -15.36967
280.9326 -15.42294
280.9714 -15.48024
280.9824 -15.52808
>           Pacific Ocean: ANTARCTICA PLATE, set 01 isochron: 18
231.2150 -60.77040
231.3242 -60.70750
231.4297 -60.64793
231.5248 -60.58752
231.6082 -60.52390
231.6859 -60.46021
231.7595 -60.40187
231.8352 -60.34862
231.9032 -60.29282
231.9727 -60.23346
232.0429 -60.17023
232.1200 -60.10719
232.2061 -60.04231
232.2964 -59.97559
232.3899 -59.90630
>           Pacific Ocean: ANTARCTICA PLATE, set 01 isochron: 18
237.8442 -61.07207
237.9423 -61.01280
238.0417 -60.95549
238.1479 -60.90179
238.2582 -60.84937
238.3755 -60.79820
238.4964 -60.74492
238.6269 -60.68611
238.7693 -60.62103
238.9199 -60.55278
239.0656 -60.48607
239.2009 -60.42160
239.3293 -60.35699
239.4633 -60.28886
239.6029 -60.21744
239.7438 -60.14417
239.8805 -60.07175
240.0130 -60.00301
240.1435 -59.93936
240.2649 -59.87938
240.3843 -59.82002
240.5009 -59.75740
240.6294 -59.69432
240.7571 -59.63045
240.8778 -59.56741
240.9812 -59.50323
241.0743 -59.43823
241.1673 -59.37311
241.2603 -59.30786
241.3513 -59.24211
241.4422 -59.17555
241.5472 -59.10564
241.6666 -59.03345
241.7916 -58.95786
241.9040 -58.88245
242.0074 -58.80833
242.1067 -58.73839
242.2128 -58.67340
242.3237 -58.61189
>           Pacific Ocean: ANTARCTICA PLATE, set 01 isochron: 18
250.9262 -58.52843
251.0012 -58.46626
>           Pacific Ocean: ANTARCTICA PLATE, set 01 isochron: 18
257.9978 -59.48059
258.1028 -59.36340
258.1981 -59.23230
258.2460 -59.16174
258.2961 -59.08891
258.3384 -59.01878
258.3781 -58.94997
258.4114 -58.88313
258.4490 -58.81909
258.4907 -58.75708
258.5345 -58.69603
258.5804 -58.63272
258.6241 -58.56709
258.6777 -58.50064
258.7249 -58.43513
258.7777 -58.36842
258.8208 -58.29974
258.8708 -58.22617
258.9153 -58.15135
258.9611 -58.07536
>           Pacific Ocean: ANTARCTICA PLATE, set 01 isochron: 18
261.6109 -55.84004
261.5046 -55.95940
>           Pacific Ocean: ANTARCTICA PLATE, set 01 isochron: 18
261.7400 -55.02600
261.7894 -54.95767
261.8388 -54.88605
261.8854 -54.81030
261.9355 -54.73120
261.9835 -54.65439
262.0349 -54.58147
262.0850 -54.50920
262.1392 -54.43597
262.1941 -54.36102
262.2525 -54.28757
262.3094 -54.21643
262.3678 -54.14392
262.4213 -54.07169
262.4714 -53.99646
262.5179 -53.92523
262.5666 -53.85426
262.6187 -53.78482
262.6660 -53.71445
262.7119 -53.64519
262.7536 -53.57828
262.8050 -53.51379
262.8592 -53.45126
262.9120 -53.39113
262.9982 -53.27432
263.0510 -53.21434
263.1066 -53.15179
263.1656 -53.08786
263.2143 -53.02386
263.2622 -52.95934
263.3088 -52.89218
263.3609 -52.82031
263.4164 -52.74501
>           Pacific Ocean: ANTARCTICA PLATE, set 06 isochron: 18
282.4416 -62.82541
282.3460 -62.88438
282.2516 -62.94293
282.1564 -63.00262
282.0634 -63.06598
281.9676 -63.13577
281.8628 -63.20827
281.7509 -63.27902
281.6391 -63.34302
281.5397 -63.40221
281.4445 -63.45662
281.3479 -63.50877
>           Pacific Ocean: ANTARCTICA PLATE, set 06 isochron: 18
284.5413 -61.60666
284.4069 -61.65918
284.2792 -61.71254
284.1584 -61.76683
284.0487 -61.82268
283.9431 -61.87874
283.8416 -61.93506
>           Pacific Ocean: ANTARCTICA PLATE, set 08 isochron: 18
279.5526 -57.79364
279.7856 -57.79901
279.9111 -57.80907
280.0394 -57.82283
280.1697 -57.83955
280.2980 -57.85811
280.4283 -57.87849
280.5580 -57.89816
280.6870 -57.91669
280.8126 -57.93336
280.9353 -57.95296
281.0566 -57.97147
281.1773 -57.99289
281.2972 -58.01137
281.4165 -58.03462
281.5350 -58.05640
281.6536 -58.08220
281.7729 -58.10652
281.8921 -58.13556
282.0113 -58.16681
282.1298 -58.20280
282.2470 -58.24203
282.3648 -58.27939
282.4834 -58.31783
282.6088 -58.35294
282.7378 -58.39021
282.8695 -58.42123
282.9958 -58.44933
283.1178 -58.47302
283.3619 -58.51566
283.4908 -58.53604
283.6253 -58.56078
283.7591 -58.58876
283.8909 -58.61850
284.0191 -58.64680
284.1515 -58.67616
284.2909 -58.70262
284.4324 -58.72507
284.5684 -58.74062
284.6932 -58.75330
284.9338 -58.77686
285.0580 -58.78987
285.3063 -58.81223
>           Pacific Ocean: ANTARCTICA PLATE, set 08 isochron: 18
276.4225 -55.58916
276.5410 -55.62578
276.6560 -55.66158
276.7690 -55.69733
276.8820 -55.73305
276.9958 -55.77028
277.1089 -55.80824
>           Pacific Ocean: ANTARCTICA PLATE, set 08 isochron: 18
274.7403 -53.51129
274.8589 -53.54488
>           Pacific Ocean: ANTARCTICA PLATE, set 08 isochron: 18
272.9186 -52.79306
273.0253 -52.82973
273.1320 -52.86719
273.2387 -52.90419
273.3517 -52.94705
273.4661 -52.99068
273.5840 -53.03889
273.6977 -53.08536
273.8108 -53.13303
>           Pacific Ocean: ANTARCTICA PLATE, set 08 isochron: 18
269.2361 -52.50632
269.3122 -52.56181
269.3856 -52.61893
269.4514 -52.67975
269.5104 -52.74222
>           Pacific Ocean: ANTARCTICA PLATE, set 08 isochron: 18
267.5538 -50.30986
267.6424 -50.36278
267.7284 -50.41786
>           Pacific Ocean: AUSTRALIA PLATE, set 10 isochron: 18?
167.5862 -19.27416
167.4637 -19.39219
167.3369 -19.50883
167.2058 -19.62407
>           Pacific Ocean: PHILIPPINE PLATE, set 05 isochron: 18
130.5789  17.37212
130.7142  17.29718
130.8447  17.22616
130.9709  17.15643
131.0972  17.08867
131.2277  17.01623
131.3609  16.94576
131.4927  16.87728
131.6266  16.81544
131.7640  16.75361
131.9062  16.69441
132.0470  16.63923
132.1871  16.59470
132.3272  16.55688
132.4652  16.52837
132.6026  16.50857
132.7405  16.49813
132.8910  16.48706
133.0464  16.46662
133.2046  16.43078
133.3481  16.38218
133.4820  16.32616
>           Pacific Ocean: PHILIPPINE PLATE, set 05 isochron: 18
129.7633  15.39512
129.8840  15.30994
130.0006  15.22940
130.1116  15.14680
130.2130  15.05537
130.3213  14.95047
130.4407  14.83810
130.5684  14.72098
130.6968  14.60378
130.8203  14.49261
130.9459  14.39625
131.0742  14.32285
131.2067  14.26834
131.3378  14.22803
131.4662  14.19377
131.5931  14.16222
131.7186  14.13134
131.8449  14.09233
131.9767  14.05470
132.1147  14.01097
132.2555  13.97604
132.3887  13.93701
132.5150  13.90678
132.6349  13.87247
132.7543  13.83950
132.8743  13.79434
132.9971  13.74308
133.1226  13.68571
133.2482  13.63103
133.3724  13.57835
>           North Atlantic Ocean: NORTH AMERICA PLATE, set 03 isochron: 18
333.5448  67.38805
333.3612  67.28075
333.2501  67.22165
333.1369  67.15969
333.0280  67.09627
332.9197  67.03373
332.8065  66.97214
332.6836  66.90953
332.5468  66.84763
332.3989  66.78334
332.2440  66.71944
332.0857  66.65009
331.9252  66.58001
331.7670  66.50748
331.6136  66.43896
331.4713  66.37051
331.3324  66.30243
331.1964  66.23250
331.0611  66.16435
330.9313  66.09686
330.8035  66.02975
330.6694  65.95963
330.5278  65.89104
330.3897  65.82452
330.2641  65.76270
330.1594  65.70046
330.0657  65.63721
329.9790  65.57035
329.8936  65.50127
329.8076  65.42973
329.7258  65.35828
329.6432  65.28664
329.5656  65.21626
329.4872  65.14658
329.4193  65.08644
329.3327  65.01616
329.2585  64.95656
329.1788  64.88177
329.1011  64.81059
329.0269  64.74401
328.9464  64.68947
328.8610  64.62406
328.8014  64.57108
328.7236  64.51080
328.6418  64.43446
328.5885  64.36061
328.5128  64.28655
328.4205  64.21102
328.3538  64.15204
328.2781  64.08962
328.2025  64.02706
328.1269  63.96681
328.0540  63.90364
327.9763  63.83696
327.8965  63.76828
327.8091  63.70222
327.7245  63.63972
327.6412  63.57828
327.5601  63.51518
327.4761  63.44786
327.3935  63.37886
327.3179  63.30811
327.2451  63.23781
327.1652  63.16420
327.0722  63.08786
326.9667  63.01039
326.8557  62.93652
326.7440  62.86563
326.6294  62.79679
326.5078  62.72939
326.3780  62.66311
326.2517  62.59730
326.1323  62.53167
326.0212  62.46817
325.9129  62.40712
325.8088  62.34755
325.7074  62.28625
325.6033  62.22321
325.4929  62.15675
325.3734  62.08886
325.2436  62.02017
325.1144  61.95262
324.9958  61.88754
324.8933  61.82401
>           North Atlantic Ocean: EURASIA PLATE, set 11 isochron: 18
358.1278  66.12290
358.0200  66.06606
357.9151  66.01220
357.8033  65.95965
357.6894  65.89928
357.5651  65.83051
357.4415  65.75611
357.3257  65.68035
357.2181  65.60698
357.1176  65.53545
357.0072  65.46980
356.8843  65.40862
356.7468  65.35339
356.5995  65.29771
356.4467  65.24162
356.2876  65.18015
356.1265  65.11351
355.9619  65.04349
355.7980  64.97539
355.6307  64.91509
355.4627  64.85998
355.2932  64.80948
355.1314  64.76154
354.9737  64.71652
354.8195  64.67023
354.6632  64.62237
354.5083  64.57321
354.3528  64.52850
354.1902  64.48492
354.0178  64.44061
353.8393  64.39505
353.6685  64.35274
353.5067  64.32033
353.3518  64.29453
353.1963  64.27316
>           South Atlantic Ocean: AFRICA PLATE, set 02 isochron: 18
  8.7092 -51.17494
  8.7860 -51.21767
  8.8572 -51.26038
  9.0170 -51.33517
  9.1111 -51.37242
  9.2054 -51.41486
>           Indian Ocean: AFRICA PLATE, set 03 isochron: 18
 37.7487 -41.71527
 37.9067 -41.70856
 38.0681 -41.70433
 38.2372 -41.69745
 38.4118 -41.69366
 38.5913 -41.68723
 38.7714 -41.68323
>           Indian Ocean: ANTARCTICA PLATE, set 05 isochron: 18
 79.6542 -51.34273
 79.8441 -51.45209
 80.0413 -51.56548
 80.2442 -51.68161
 80.4410 -51.79271
 80.6321 -51.89665
>           Indian Ocean: ANTARCTICA PLATE, set 05 isochron: 18
 82.5169 -52.66328
 82.6973 -52.76685
 82.8772 -52.87560
 83.0641 -52.98785
 83.2482 -53.10690
 83.4344 -53.22603
 83.6007 -53.33443
 83.7638 -53.42604
 83.9186 -53.50174
 84.0934 -53.59012
 84.2801 -53.69432
>           Indian Ocean: ANTARCTICA PLATE, set 05 isochron: 18
 94.8298 -57.86775
 95.0288 -57.95679
 95.2268 -58.04410
 95.4306 -58.12938
 95.6412 -58.21365
>           Indian Ocean: ANTARCTICA PLATE, set 05 isochron: 18
 89.2220 -57.97018
 89.4535 -58.02104
 89.6820 -58.06653
 89.9057 -58.10896
 90.1273 -58.15208
 90.3474 -58.19844
 90.5677 -58.24506
 90.7875 -58.29111
>           Indian Ocean: ANTARCTICA PLATE, set 05 isochron: 18
110.0701 -60.98483
110.3485 -60.96884
110.6248 -60.95091
110.9019 -60.92853
111.1747 -60.90845
111.4470 -60.88432
111.7180 -60.85883
111.9883 -60.82993
112.2591 -60.80336
112.5243 -60.78183
112.7921 -60.76538
113.0584 -60.75301
113.3276 -60.73991
113.5880 -60.72337
113.8407 -60.70372
114.0885 -60.68442
114.3370 -60.66815
114.5909 -60.65532
114.8446 -60.64621
115.1030 -60.64359
115.3606 -60.64708
115.6245 -60.65265
115.8863 -60.65514
116.1497 -60.65286
116.4047 -60.64952
116.6557 -60.64377
116.8991 -60.63594
117.1419 -60.62540
117.3840 -60.61383
117.6324 -60.60300
117.8855 -60.59218
118.1483 -60.58449
118.4116 -60.58087
118.6776 -60.58099
118.9401 -60.58452
119.2026 -60.58734
119.4630 -60.59085
119.7201 -60.59058
119.9751 -60.58894
120.2254 -60.58388
120.4764 -60.57745
120.7294 -60.57207
120.9865 -60.56842
121.2414 -60.56848
121.4888 -60.56677
121.7301 -60.56335
121.9699 -60.55891
122.2172 -60.55829
122.4726 -60.56351
122.7336 -60.57043
122.9885 -60.57626
123.2365 -60.57729
123.4833 -60.57597
123.7377 -60.57097
123.9977 -60.56458
124.2542 -60.55681
124.5044 -60.55273
124.7489 -60.55241
124.9933 -60.55754
125.2349 -60.56366
125.4738 -60.57080
125.7086 -60.57518
125.9427 -60.57787
126.1768 -60.57918
126.4116 -60.58153
126.6457 -60.58557
126.8789 -60.59164
127.1185 -60.59810
127.3726 -60.60437
127.6441 -60.60934
127.9246 -60.61298
128.2029 -60.62030
128.4769 -60.62965
128.7432 -60.64474
129.0034 -60.65739
129.2533 -60.66762
129.5069 -60.67143
129.7668 -60.66920
130.0441 -60.66434
130.3226 -60.66113
130.6057 -60.66679
130.8790 -60.67885
131.1475 -60.69289
131.4072 -60.70111
131.6649 -60.70325
131.9257 -60.69522
132.1847 -60.67830
132.4446 -60.65224
132.7031 -60.62410
132.9664 -60.59462
133.2328 -60.56238
133.5062 -60.52335
133.7838 -60.48087
134.0605 -60.44106
134.3314 -60.40799
134.5981 -60.38382
134.8701 -60.36514
135.1429 -60.34885
135.4173 -60.32567
135.6849 -60.29384
135.9499 -60.25577
136.2098 -60.22108
136.4682 -60.19501
136.7234 -60.17921
136.9772 -60.16997
137.2267 -60.16483
137.4776 -60.16280
137.7289 -60.16734
137.9897 -60.17818
138.2532 -60.19348
138.5231 -60.20639
138.7834 -60.21785
139.0401 -60.22754
139.2906 -60.24104
139.5456 -60.26006
139.7984 -60.28693
140.0455 -60.32021
140.2853 -60.35635
>           Indian Ocean: ANTARCTICA PLATE, set 05 isochron: 18
174.8466 -69.68164
175.0455 -69.55251
175.2593 -69.42293
175.4866 -69.29265
175.7088 -69.16351
175.9179 -69.03352
176.1144 -68.90550
176.3082 -68.77800
176.5089 -68.65358
176.7143 -68.52844
176.9190 -68.40361
177.1161 -68.27597
177.3120 -68.14713
177.5071 -68.01628
177.7028 -67.88702
177.8907 -67.75992
178.0738 -67.63551
178.2505 -67.51306
178.4230 -67.39209
178.5841 -67.27263
178.7348 -67.15381
>           Indian Ocean: AUSTRALIA PLATE, set 02 isochron: 18
100.0839 -33.62166
100.2242 -33.71781
100.3646 -33.80923
100.5071 -33.89593
100.6517 -33.98370
100.7976 -34.07943
100.9428 -34.17735
101.0914 -34.27750
101.2498 -34.37242
101.4192 -34.47243
101.5913 -34.57402
101.7566 -34.67431
101.9116 -34.76247
102.0619 -34.83908
102.2122 -34.90993
102.3647 -34.98121
>           Indian Ocean: AUSTRALIA PLATE, set 02 isochron: 18
103.4166 -35.79187
103.5735 -35.87550
103.7361 -35.95676
103.9023 -36.03400
104.0651 -36.10384
104.2231 -36.16183
104.3812 -36.21136
104.5447 -36.26200
104.7138 -36.31937
104.8821 -36.38113
105.0463 -36.44116
105.2078 -36.50225
105.3719 -36.56499
105.5374 -36.63492
105.7001 -36.70866
105.8566 -36.78065
106.0091 -36.83865
106.1604 -36.88262
>           Indian Ocean: AUSTRALIA PLATE, set 02 isochron: 18
107.4752 -38.23206
107.6359 -38.28578
107.7953 -38.34047
107.9534 -38.39610
>           Indian Ocean: AUSTRALIA PLATE, set 02 isochron: 18
112.2483 -37.37888
112.4036 -37.41779
112.5624 -37.45937
112.7233 -37.49979
112.8822 -37.53795
113.0377 -37.57104
>           Indian Ocean: AUSTRALIA PLATE, set 02 isochron: 18
114.2515 -37.68054
114.4041 -37.70991
114.5568 -37.74139
114.7122 -37.77232
114.8739 -37.80158
115.0413 -37.82747
>           Indian Ocean: AUSTRALIA PLATE, set 02 isochron: 18
117.0343 -38.33398
117.2267 -38.30641
117.4169 -38.28525
117.6029 -38.26782
117.7818 -38.25467
117.9545 -38.24312
118.1238 -38.23317
118.2930 -38.22159
118.4588 -38.20996
118.6210 -38.20377
118.7845 -38.20253
118.9542 -38.20680
119.1328 -38.21172
119.3191 -38.21834
119.5081 -38.22166
119.6923 -38.22768
119.8633 -38.23575
120.0420 -38.24394
120.2353 -38.24686
120.4501 -38.24391
120.6572 -38.24518
120.8545 -38.25128
121.0379 -38.26440
121.2171 -38.27638
121.3908 -38.28830
121.5653 -38.29535
121.7425 -38.30458
121.9314 -38.31723
122.1328 -38.33273
122.3447 -38.34120
122.5492 -38.33755
122.7399 -38.32396
122.9197 -38.30374
123.1002 -38.28355
123.2792 -38.26714
123.4560 -38.25562
123.6301 -38.24573
123.8084 -38.23151
123.9896 -38.21457
124.1679 -38.19594
124.3449 -38.17896
124.5363 -38.16435
124.7576 -38.15112
125.0009 -38.14243
125.2406 -38.13853
125.4567 -38.14204
125.6498 -38.15195
125.8291 -38.16121
126.0016 -38.16548
126.1680 -38.15877
126.3310 -38.14986
126.4912 -38.13927
126.6506 -38.13251
126.7921 -38.12663
126.9169 -38.12225
127.0271 -38.11835
127.1588 -38.11301
127.3175 -38.11172
127.5010 -38.11378
>           Indian Ocean: AUSTRALIA PLATE, set 02 isochron: 18
130.2424 -38.24680
130.4134 -38.25394
130.5851 -38.26152
130.7554 -38.26961
130.9319 -38.27776
131.1140 -38.28488
131.3031 -38.28986
131.4818 -38.29362
131.6556 -38.29791
131.8238 -38.30544
131.9969 -38.31627
132.1663 -38.33415
132.3370 -38.35696
132.5084 -38.38252
132.6826 -38.40533
132.8493 -38.42426
132.9931 -38.43803
133.1004 -38.44493
133.1968 -38.44411
133.2817 -38.46068
133.3891 -38.46057
133.4937 -38.45987
133.5814 -38.47807
133.6577 -38.47658
133.7539 -38.47963
133.8613 -38.47897
134.0455 -38.48289
134.1910 -38.48260
134.3546 -38.48082
134.5195 -38.47795
134.6838 -38.47398
134.8460 -38.46945
135.0055 -38.46107
135.1637 -38.44504
135.3214 -38.42021
>           Indian Ocean: AUSTRALIA PLATE, set 02 isochron: 18
149.9459 -51.88539
150.2849 -51.77872
150.5817 -51.69351
150.8400 -51.62726
151.0859 -51.56822
151.3324 -51.50648
151.5742 -51.44376
151.8048 -51.38214
152.0257 -51.31865
152.2381 -51.26199
152.4485 -51.20699
152.6630 -51.15675
152.8852 -51.10129
153.1087 -51.04659
153.3244 -50.99704
153.5319 -50.95087
153.7351 -50.90814
153.9384 -50.86009
154.1368 -50.81636
154.3351 -50.77348
154.5354 -50.73674
154.7406 -50.69601
154.9404 -50.64990
155.1328 -50.59665
155.3182 -50.54375
155.5028 -50.49345
155.6929 -50.44580
155.8879 -50.39813
156.0871 -50.34865
156.2815 -50.29552
156.4746 -50.23788
156.6692 -50.17711
156.8693 -50.11406
157.0702 -50.05048
157.2660 -49.98898
157.4568 -49.93037
>           Indian Ocean: AUSTRALIA PLATE, set 02 isochron: 18
160.1683 -48.43091
160.3858 -48.37881
160.6044 -48.32515
160.8292 -48.27139
161.0642 -48.21745
