>           Pacific Ocean: PACIFIC PLATE, set 06 isochron: 32
185.6420 -50.04124
185.7545 -50.00198
185.8746 -49.96625
186.0009 -49.93091
186.1209 -49.89372
186.2368 -49.85159
186.3506 -49.81168
186.4609 -49.77036
186.5720 -49.73262
186.6885 -49.69397
186.8155 -49.65755
186.9453 -49.62109
187.0695 -49.58459
187.1923 -49.54944
187.3137 -49.50926
187.4331 -49.46632
187.5448 -49.42154
187.6544 -49.38582
187.7633 -49.35185
187.8771 -49.32152
187.9888 -49.28798
188.1026 -49.25989
188.2129 -49.23222
188.3219 -49.20680
188.4267 -49.17908
188.5300 -49.15273
188.6341 -49.12453
188.7396 -49.10181
188.8443 -49.07770
188.9477 -49.05815
189.0518 -49.02670
189.1608 -48.99203
189.2725 -48.94728
189.3863 -48.91028
189.4925 -48.87048
189.5966 -48.83203
189.6896 -48.78343
189.7770 -48.73155
189.8450 -48.67271
189.9033 -48.61104
189.9491 -48.54605
189.9970 -48.48193
190.0484 -48.41632
190.1123 -48.34927
190.1886 -48.28401
190.2663 -48.22514
190.3454 -48.17505
190.4238 -48.12581
190.5148 -48.07422
190.6147 -48.01839
190.7216 -47.96484
190.8263 -47.91496
190.9277 -47.86501
191.0262 -47.81175
191.1268 -47.75375
191.2267 -47.70322
191.3162 -47.65869
191.4730 -47.59352
191.6416 -47.53062
191.7270 -47.49867
191.8997 -47.44038
191.9928 -47.41075
192.0927 -47.37450
192.1995 -47.33488
>           Pacific Ocean: PACIFIC PLATE, set 06 isochron: 32
195.2364 -47.25317
195.3295 -47.18269
195.4260 -47.11595
195.5156 -47.05385
195.6009 -46.99356
195.6752 -46.93272
195.7585 -46.87184
195.8481 -46.81377
195.9474 -46.75703
196.0431 -46.69930
196.1361 -46.63957
196.2201 -46.58073
196.3027 -46.52327
196.3853 -46.46143
196.4735 -46.39519
196.5582 -46.32503
196.6331 -46.25426
196.7019 -46.18341
196.7762 -46.11734
196.8574 -46.05844
196.9413 -46.00381
197.0198 -45.94040
197.1018 -45.87158
197.1879 -45.79735
197.2809 -45.72787
197.3760 -45.65881
197.4731 -45.58916
197.5703 -45.51897
197.6612 -45.44521
197.7487 -45.37332
197.8272 -45.30038
197.9070 -45.23618
197.9749 -45.17827
198.0790 -45.07901
>           Pacific Ocean: PACIFIC PLATE, set 06 isochron: 32?
201.3136 -44.19749
201.3803 -44.14954
201.4552 -44.11058
201.5385 -44.08058
>           Pacific Ocean: PACIFIC PLATE, set 06 isochron: 32?
203.4162 -45.39224
203.5010 -45.33304
203.5885 -45.27574
203.6786 -45.22035
>           Pacific Ocean: PACIFIC PLATE, set 06 isochron: 32A
196.3223 -47.62726
196.3821 -47.55490
196.4564 -47.48199
196.5411 -47.40901
196.6251 -47.33591
196.6966 -47.26601
196.7618 -47.19981
196.8208 -47.13493
196.8847 -47.07092
196.9445 -47.00638
197.0097 -46.94415
197.0667 -46.88039
197.1299 -46.81607
197.1917 -46.74931
197.2660 -46.68295
197.3403 -46.61217
197.4153 -46.53795
197.4799 -46.45834
197.5458 -46.38297
197.6048 -46.31134
197.6673 -46.24829
197.7257 -46.18611
197.7944 -46.12291
197.8673 -46.05431
197.9388 -45.98320
198.0041 -45.91345
198.0575 -45.84604
198.1103 -45.78635
198.1658 -45.73193
198.2353 -45.68234
198.3096 -45.62537
198.3797 -45.56149
198.4387 -45.49072
198.4929 -45.41888
198.5526 -45.34305
198.6235 -45.26465
198.6992 -45.18616
198.7686 -45.11444
198.8282 -45.04855
>           Pacific Ocean: PACIFIC PLATE, set 09 isochron: 32
166.6168 -57.69409
166.7349 -57.65512
166.8536 -57.62132
166.9709 -57.59270
167.0868 -57.56740
167.3193 -57.51079
167.4338 -57.47906
167.5455 -57.44769
167.6552 -57.41441
167.7697 -57.37813
167.8898 -57.33992
168.0161 -57.30582
168.1423 -57.27771
168.2700 -57.25522
168.3929 -57.23457
168.5129 -57.21695
168.7426 -57.18016
168.8620 -57.15495
168.9897 -57.12898
169.1215 -57.10301
169.2568 -57.07889
169.3894 -57.05022
169.5150 -57.01886
169.6329 -56.98822
169.7439 -56.96213
169.8521 -56.93861
>           Pacific Ocean: PACIFIC PLATE, set 09 isochron: 32
171.6971 -56.29651
171.8401 -56.26770
171.9810 -56.23724
172.1142 -56.20248
172.2397 -56.16924
172.3583 -56.13441
172.4742 -56.10342
172.5866 -56.07243
172.8044 -56.02672
172.9140 -56.00732
173.0243 -55.98482
173.1380 -55.96193
173.2567 -55.93939
173.3830 -55.91452
173.5120 -55.88690
173.6375 -55.85846
173.7561 -55.83391
173.8698 -55.81165
>           Pacific Ocean: PACIFIC PLATE, set 09 isochron: 32
174.3763 -54.68329
174.4907 -54.68462
174.6072 -54.69077
174.7216 -54.69888
174.8347 -54.70943
174.9429 -54.71310
175.0504 -54.71272
>           Pacific Ocean: PACIFIC PLATE, set 09 isochron: 32
178.5970 -53.56245
178.7095 -53.51704
178.8247 -53.47571
178.9447 -53.44139
179.0695 -53.41162
179.1923 -53.38512
179.3075 -53.35860
179.4150 -53.33247
179.5225 -53.30803
179.6398 -53.28400
179.7688 -53.25786
179.9034 -53.22919
180.0345 -53.19717
180.1594 -53.16510
180.2787 -53.12801
180.3946 -53.09004
180.5063 -53.04910
180.6187 -53.01192
180.7317 -52.97763
180.8462 -52.94583
180.9606 -52.91570
181.0758 -52.88553
181.1917 -52.85747
181.3054 -52.82935
181.4157 -52.80165
181.5267 -52.77605
181.6405 -52.74916
181.7584 -52.72520
181.8763 -52.69914
181.9928 -52.68022
182.1101 -52.66005
182.2273 -52.64240
182.3439 -52.62050
182.4555 -52.59814
182.5506 -52.57364
182.6595 -52.54024
182.7704 -52.49879
182.8752 -52.47385
182.9675 -52.43486
183.0827 -52.40480
183.1742 -52.37553
183.3137 -52.33611
183.4976 -52.28644
183.6058 -52.25456
183.7147 -52.22437
183.8216 -52.19241
183.9271 -52.15318
184.0311 -52.11093
184.1358 -52.07162
184.2412 -52.03955
>           Pacific Ocean: PACIFIC PLATE, set 09 isochron: 32A
168.0594 -57.54073
168.2877 -57.52711
168.4057 -57.52232
168.5292 -57.51607
168.6541 -57.50381
168.7790 -57.48817
168.9032 -57.47217
169.0295 -57.45804
169.1579 -57.44614
169.2849 -57.43648
169.4139 -57.42833
169.5416 -57.42241
169.6706 -57.41718
>           Pacific Ocean: PACIFIC PLATE, set 09 isochron: 32A
175.6744 -55.13809
175.9006 -55.11482
176.0102 -55.09738
176.1233 -55.07275
176.2426 -55.04333
176.3668 -55.01108
176.4882 -54.98160
176.6046 -54.95564
>           Pacific Ocean: PACIFIC PLATE, set 09 isochron: 32A
178.4782 -53.84807
178.6898 -53.84167
178.8015 -53.82820
178.9194 -53.81186
179.0394 -53.79262
179.1664 -53.76720
179.3017 -53.73602
179.4432 -53.70564
179.5791 -53.68179
179.7019 -53.66370
179.8164 -53.64604
179.9294 -53.62672
180.0474 -53.60408
180.1694 -53.58269
180.2936 -53.56584
180.4177 -53.55682
180.5370 -53.55193
180.6528 -53.54539
180.7645 -53.53802
180.8783 -53.52652
180.9935 -53.51418
181.1093 -53.49603
181.2217 -53.47995
181.3334 -53.46553
181.4458 -53.45026
181.5623 -53.42879
181.6789 -53.39191
181.7941 -53.34543
181.9044 -53.28891
182.0148 -53.23401
182.1272 -53.18073
182.2410 -53.13235
182.3464 -53.08519
182.4442 -53.04047
182.5399 -52.99655
182.6447 -52.95848
182.7571 -52.92081
182.8723 -52.88223
182.9882 -52.83730
183.1054 -52.79405
183.2261 -52.75412
183.3461 -52.71878
183.4634 -52.67918
183.5751 -52.63956
183.6826 -52.59735
183.7874 -52.55721
183.8915 -52.51364
183.9976 -52.47133
184.1072 -52.42981
184.2224 -52.38870
184.3403 -52.34796
184.4597 -52.30675
184.5769 -52.26591
184.6963 -52.22165
184.8163 -52.18079
184.9383 -52.14926
185.0589 -52.12878
>           Pacific Ocean: PACIFIC PLATE, set 10 isochron: 32
205.8205 -44.51941
205.9059 -44.48816
205.9926 -44.45540
206.0794 -44.42111
206.1689 -44.37985
206.2550 -44.33504
206.3431 -44.29021
206.4333 -44.24536
206.5263 -44.20296
206.6158 -44.15453
206.7040 -44.10805
206.7970 -44.05705
206.9004 -44.01103
207.0086 -43.96497
207.1155 -43.92287
207.2154 -43.87872
207.3153 -43.83356
207.4160 -43.78484
207.5208 -43.73859
207.6227 -43.69482
207.7240 -43.65506
207.8219 -43.61426
207.9191 -43.57039
208.0134 -43.53003
208.1015 -43.48863
208.1806 -43.45531
208.3256 -43.38907
208.4082 -43.34505
208.4998 -43.29182
>           Pacific Ocean: PACIFIC PLATE, set 10 isochron: 32
209.4542 -44.07306
209.5424 -44.03708
209.6347 -43.99754
209.7297 -43.95749
209.8241 -43.92039
209.9184 -43.88983
210.0142 -43.85774
210.1114 -43.82010
210.2141 -43.77287
210.3259 -43.72211
210.4459 -43.67433
210.5638 -43.63254
210.6783 -43.59729
210.7893 -43.55746
210.8954 -43.51862
210.9933 -43.47469
211.0862 -43.43932
211.1785 -43.39886
211.2736 -43.35890
211.3715 -43.30725
211.4812 -43.25607
211.5943 -43.20691
211.7108 -43.16837
211.8169 -43.13435
211.9217 -43.10236
212.0209 -43.06731
212.1243 -43.02814
212.2284 -42.98540
212.3332 -42.94057
212.4345 -42.89825
212.5330 -42.85898
212.6302 -42.82225
212.7252 -42.78804
212.8224 -42.75177
212.9209 -42.71086
213.0216 -42.66431
213.1145 -42.62077
213.2026 -42.58595
213.2887 -42.55573
213.3803 -42.52496
213.4754 -42.48854
213.5718 -42.45313
213.6689 -42.41151
213.7696 -42.37141
213.8723 -42.32512
213.9729 -42.28394
214.0749 -42.24068
214.1797 -42.20255
214.2872 -42.16284
214.3871 -42.12671
214.4808 -42.08694
214.5737 -42.05234
214.6716 -42.01460
214.7701 -41.98099
214.8659 -41.94269
214.9582 -41.90436
215.0505 -41.86549
215.1455 -41.82661
215.2413 -41.79289
215.3329 -41.75291
215.4155 -41.71341
215.4946 -41.66713
215.5820 -41.63074
215.6812 -41.59642
215.7846 -41.56206
215.8804 -41.52400
215.9685 -41.48386
216.0531 -41.45102
216.1399 -41.41553
216.2267 -41.38004
216.3134 -41.34293
216.3973 -41.31001
216.4806 -41.27757
216.5673 -41.24306
216.6638 -41.20433
216.7707 -41.16557
216.8803 -41.12048
216.9830 -41.07323
217.0774 -41.02440
217.1662 -40.98448
217.2543 -40.95348
217.3416 -40.92929
>           Pacific Ocean: PACIFIC PLATE, set 10 isochron: 32A
213.0506 -43.32272
213.1506 -43.27461
213.2478 -43.22849
213.3415 -43.18790
213.4331 -43.15186
213.5288 -43.11734
213.6302 -43.07822
213.7343 -43.03549
213.8342 -42.98967
213.9299 -42.94484
214.0222 -42.90202
214.1145 -42.86378
214.2089 -42.82756
214.3053 -42.78978
214.4053 -42.75198
214.5010 -42.71056
214.5954 -42.67374
214.6835 -42.63431
214.7716 -42.60564
214.8458 -42.57437
214.9756 -42.52362
215.0617 -42.49646
215.1693 -42.45491
215.2921 -42.41537
215.3982 -42.37268
215.4912 -42.33925
215.5737 -42.30376
215.6688 -42.26927
215.7639 -42.23064
215.8589 -42.19194
215.9456 -42.15428
216.0352 -42.11662
216.1275 -42.07632
216.2247 -42.03343
216.3197 -41.99361
216.4147 -41.95844
216.5070 -41.92323
216.6028 -41.88333
216.6965 -41.84082
216.7901 -41.80139
216.8797 -41.76299
216.9713 -41.72247
217.0650 -41.67619
217.1621 -41.63094
217.2565 -41.58565
217.3488 -41.54501
217.4376 -41.50488
217.5243 -41.46838
217.6062 -41.43080
217.6860 -41.39320
217.7657 -41.35506
>           Pacific Ocean: PACIFIC PLATE, set 11 isochron: 32
211.3722 -28.64799
211.4212 -28.75510
211.4628 -28.85238
211.5050 -28.94344
211.5513 -29.02956
211.5998 -29.11437
211.6364 -29.19241
211.6676 -29.27038
211.6994 -29.34951
211.7395 -29.42981
211.7762 -29.50516
211.8143 -29.57380
211.8440 -29.63814
211.8689 -29.70181
211.8827 -29.76669
>           Pacific Ocean: PACIFIC PLATE, set 11 isochron: 32
213.9552 -34.71472
213.9973 -34.80009
214.0464 -34.87227
214.0991 -34.93578
214.1552 -34.99754
214.2057 -35.07123
214.2514 -35.15169
214.2963 -35.23833
214.3413 -35.31981
214.3877 -35.39662
214.4244 -35.46711
214.4535 -35.53642
>           Pacific Ocean: PACIFIC PLATE, set 11 isochron: 32
209.6158  39.17258
209.6538  39.09619
209.6897  39.01918
209.7206  38.94427
209.7475  38.87037
209.7743  38.79802
209.8033  38.72723
209.8329  38.65915
>           Pacific Ocean: PACIFIC PLATE, set 11 isochron: 32
212.8961  35.36549
212.9415  35.23257
212.9759  35.12582
213.0020  35.05096
213.0227  34.99032
213.0489  34.93249
213.0716  34.86603
213.0894  34.79607
213.1059  34.72262
213.1279  34.65024
213.1582  34.57203
213.1892  34.48626
213.2202  34.39522
213.2462  34.30872
213.2710  34.22848
213.2937  34.15219
213.3199  34.07584
213.3481  34.00060
213.3770  33.92815
213.4032  33.85623
213.4301  33.78251
213.4590  33.70348
213.4921  33.61507
213.5223  33.51667
213.5526  33.41468
213.5787  33.32076
213.6055  33.23432
213.6323  33.14952
213.6584  33.06290
213.6810  32.97503
213.6996  32.88706
213.7215  32.79725
213.7484  32.70854
213.7765  32.61557
213.7999  32.52608
213.8170  32.44535
213.8521  32.35098
213.8824  32.27716
213.9149  32.21687
213.9494  32.15593
213.9513  32.08435
213.9705  32.01624
214.0147  31.94745
214.0042  31.88995
>           Pacific Ocean: PACIFIC PLATE, set 11 isochron: 32??
215.8564  21.20580
215.8806  21.14258
215.9040  21.07347
215.9268  20.99715
215.9496  20.91362
215.9697  20.83202
215.9855  20.75493
215.9979  20.68108
216.0103  20.60392
216.0234  20.51755
216.0337  20.42656
216.0399  20.33685
216.0433  20.25887
216.0494  20.18610
216.0577  20.11460
216.0680  20.03847
216.0762  19.96295
216.0852  19.89005
216.0955  19.81643
216.1079  19.74410
216.1203  19.66911
216.1299  19.59672
216.1396  19.51835
216.1499  19.43731
216.1630  19.35164
216.1761  19.26919
216.1905  19.18869
216.2043  19.11080
216.2153  19.03551
216.2208  18.96085
216.2200  18.88155
216.2158  18.79493
>           Pacific Ocean: PACIFIC PLATE, set 11 isochron: 32??
216.8207  18.26363
216.8338  18.19128
216.8462  18.12089
216.8759  18.00793
216.8966  17.91285
216.9332  17.80173
216.9547  17.73917
216.9685  17.67458
216.9802  17.60797
216.9954  17.54267
217.0154  17.47800
217.0348  17.40999
217.0541  17.33594
217.0734  17.25385
217.0948  17.16840
217.1142  17.08557
217.1314  17.00604
217.1459  16.92850
217.1611  16.84957
217.1749  16.77263
217.1866  16.69968
217.1955  16.63206
217.2059  16.56240
217.2183  16.48736
217.2327  16.40757
217.2458  16.33179
217.2589  16.26136
217.2721  16.19089
217.2879  16.11298
217.3052  16.02770
>           Pacific Ocean: PACIFIC PLATE, set 11 isochron: 32??
212.7193  36.84808
212.7232  36.75860
212.7514  36.66564
212.8046  36.56975
212.8529  36.47487
212.8859  36.39059
212.9050  36.31638
212.9340  36.24936
212.9637  36.18174
212.9870  36.11291
212.9959  36.04179
213.0068  35.97005
213.0253  35.89878
213.0522  35.82746
213.0805  35.75606
213.1094  35.68517
213.1355  35.61819
213.1589  35.55458
>           Pacific Ocean: PACIFIC PLATE, set 11 isochron: 32??
206.6389  29.07014
206.6519  29.00229
206.6648  28.93504
206.6730  28.86833
206.6867  28.80099
206.6982  28.68887
206.7056  28.59379
206.7165  28.52932
206.7399  28.45499
206.7584  28.37814
206.7784  28.30554
206.7941  28.23413
206.8099  28.16451
206.8264  28.09116
206.8470  28.01280
206.8690  27.92945
206.8924  27.84789
206.9130  27.76812
206.9342  27.68396
206.9562  27.58981
206.9830  27.48691
207.0133  27.38392
207.0428  27.28456
207.0690  27.19318
207.0882  27.11171
207.1081  27.03825
207.1274  26.96538
207.1535  26.88433
207.1810  26.79449
207.2106  26.70334
207.2367  26.61336
207.2615  26.52518
207.2862  26.43381
207.3145  26.34738
207.3400  26.26653
207.3620  26.19191
207.3770  26.11345
207.3997  26.02804
207.4286  25.93941
207.4624  25.84505
207.4927  25.75311
207.5195  25.65609
207.5449  25.56846
207.5676  25.47824
207.5910  25.39426
207.6129  25.30643
207.6315  25.22359
207.6458  25.13880
207.6630  25.05713
207.6822  24.97284
207.7063  24.89168
207.7269  24.81047
207.7468  24.73682
207.7591  24.66568
207.7748  24.59512
207.7955  24.52007
207.8182  24.44115
207.8311  24.35772
207.8406  24.27298
207.8446  24.19713
207.8617  24.08165
207.8850  23.97179
207.9008  23.91363
207.8999  23.84458
207.9094  23.77101
207.9078  23.69230
207.9201  23.62634
207.9511  23.52058
207.9606  23.43592
207.9562  23.33901
207.9602  23.27094
207.9684  23.20413
207.9952  23.10512
208.0115  22.99315
208.0134  22.92104
208.0216  22.85146
208.0276  22.78187
>  Pacific Ocean: PAC PLATE, set 11 or PAC PLATE, set 12 isochron: 32A
195.4916  47.97275
195.5869  47.96362
195.6826  47.95237
195.7801  47.94021
195.8809  47.92332
195.9858  47.90904
196.0937  47.89587
196.1973  47.88747
196.2966  47.87879
196.3892  47.86786
196.4818  47.85072
196.5742  47.82563
196.6690  47.79638
196.7630  47.76360
196.8573  47.72840
196.9558  47.68280
197.0637  47.62378
197.1757  47.55161
197.2787  47.47229
197.3645  47.38857
197.4314  47.30315
197.4861  47.21625
197.5325  47.13437
197.5776  47.04816
197.6226  46.95852
197.6678  46.85854
197.7148  46.76348
197.7642  46.67274
197.8125  46.59363
197.8556  46.51896
197.8892  46.45063
197.9167  46.38290
197.9398  46.31480
197.9637  46.24511
197.9890  46.17623
198.0135  46.11122
198.0402  46.04948
198.0679  45.98824
198.1021  45.92382
198.1348  45.85629
198.1715  45.78402
198.2107  45.70735
198.2563  45.62528
198.3045  45.54216
198.3488  45.46176
198.3937  45.38490
198.4395  45.31287
198.4902  45.24321
>           Pacific Ocean: PACIFIC PLATE, set 11 isochron: 32A
198.0933  44.33936
198.1279  44.27048
198.1619  44.20029
198.1903  44.13010
198.2147  44.05449
198.2364  43.97850
198.2624  43.90079
198.2850  43.82904
198.3059  43.75817
198.3246  43.68371
198.3502  43.60243
198.3761  43.51914
198.4021  43.44021
198.4256  43.36245
198.4542  43.28261
198.4868  43.19977
198.5224  43.11965
198.5543  43.04557
198.5818  42.97787
198.6038  42.91303
198.6265  42.84653
198.6510  42.77704
198.6777  42.70356
198.7038  42.62933
198.7290  42.55344
198.7530  42.47972
198.7753  42.40756
198.7954  42.33924
198.8168  42.27214
198.8397  42.20654
198.8660  42.14054
198.8910  42.07414
198.9111  42.00644
198.9251  41.93810
>           Pacific Ocean: PACIFIC PLATE, set 11 isochron: 32A
196.7700  41.21478
196.7850  41.15047
196.8078  41.07942
196.8374  41.00158
196.8749  40.92192
196.9125  40.84616
196.9509  40.77426
196.9872  40.70065
197.0229  40.61895
197.0606  40.52848
197.1018  40.43784
197.1449  40.35409
197.1855  40.27627
197.2174  40.20084
197.2462  40.12434
197.2702  40.04982
197.2990  39.97651
197.3288  39.90446
197.3669  39.83359
197.4073  39.76565
197.4459  39.69867
197.4766  39.63070
197.5041  39.55525
197.5328  39.47394
197.5662  39.38636
197.5992  39.30042
197.6313  39.21644
>  Pacific Ocean: PAC PLATE, set 11 or PAC PLATE, set 12 isochron: 32B
195.3748  47.12385
195.4646  47.12476
195.5575  47.12472
195.6543  47.12074
195.7519  47.11736
195.8477  47.11098
195.9401  47.10733
196.1231  47.09946
196.2167  47.09043
196.3110  47.07541
196.4044  47.05622
196.4971  47.02656
196.5808  46.98526
196.6532  46.92850
196.7097  46.86584
196.7595  46.79959
196.8046  46.73269
196.8430  46.66337
196.8743  46.59375
196.9005  46.52682
196.9325  46.46305
196.9698  46.39947
197.0104  46.33000
197.0513  46.25103
197.0932  46.16220
197.1374  46.07294
197.1815  45.98660
197.2254  45.90650
197.2702  45.82688
197.3138  45.74778
197.3564  45.67012
197.4008  45.59510
197.4563  45.52480
197.5260  45.45793
197.6061  45.39426
>           Pacific Ocean: PACIFIC PLATE, set 11 isochron: 32B
197.1871  44.18230
197.2162  44.12214
197.2504  44.05870
197.2858  43.99174
197.3209  43.92595
197.3480  43.85923
197.3734  43.79023
197.3995  43.71797
197.4309  43.64399
197.4641  43.57150
197.4960  43.49795
197.5313  43.42366
197.5714  43.34730
197.6159  43.27303
197.6566  43.20192
197.6924  43.13366
197.7266  43.06565
197.7612  42.99757
197.7971  42.92907
197.8351  42.85823
197.8740  42.78276
197.9171  42.70072
197.9592  42.61728
198.0014  42.53732
198.0355  42.46314
198.0660  42.38891
198.0947  42.31106
198.1308  42.23141
198.1710  42.15552
198.2142  42.08408
>           Pacific Ocean: PACIFIC PLATE, set 11 isochron: 32B
195.9004  41.10571
195.9324  41.03582
195.9705  40.96647
196.0144  40.89931
196.0573  40.83139
196.0994  40.76144
196.1387  40.68679
196.1784  40.60871
196.2159  40.52922
196.2556  40.45063
196.2927  40.37431
196.3285  40.30095
196.3587  40.22855
196.3903  40.15844
196.4218  40.08758
196.4582  40.01758
196.4980  39.94375
196.5439  39.87149
196.5881  39.79983
196.6293  39.73116
196.6613  39.66186
196.6915  39.59015
196.7174  39.51908
196.7445  39.44658
196.7703  39.37333
196.7969  39.29663
>           Pacific Ocean: PACIFIC PLATE, set 12 isochron: 32A
173.2696  47.44004
173.4483  47.44308
173.6228  47.43304
173.7977  47.42969
173.9758  47.43494
174.1611  47.43678
174.3511  47.43767
174.5384  47.43832
174.7176  47.43923
>           Pacific Ocean: PACIFIC PLATE, set 12 isochron: 32A
177.8056  45.50793
177.9091  45.51089
178.0086  45.50983
178.1075  45.50324
178.2050  45.49636
178.3052  45.49100
178.4016  45.49212
178.4954  45.49572
178.6765  45.50272
178.8561  45.49866
179.0419  45.50284
179.1379  45.50613
179.3107  45.51042
179.4482  45.50988
179.6006  45.50488
179.6864  45.50454
>           Pacific Ocean: PACIFIC PLATE, set 12 isochron: 32A
182.8413  46.46731
183.0193  46.45281
183.2072  46.44632
183.3016  46.43989
183.4850  46.43071
183.5757  46.42886
183.7618  46.42752
183.8586  46.42439
183.9580  46.42124
184.0574  46.41838
184.2467  46.42154
184.4232  46.41455
184.5968  46.39941
184.6895  46.39180
184.7879  46.38351
184.8877  46.37793
184.9827  46.37632
185.0725  46.37477
185.1592  46.37477
185.2468  46.37204
185.4303  46.36679
185.5253  46.36459
185.6191  46.36422
185.7125  46.36960
185.8073  46.37406
185.9037  46.37487
185.9999  46.36720
186.1909  46.34673
186.2863  46.33997
186.4679  46.33019
186.6395  46.31866
>           Pacific Ocean: PACIFIC PLATE, set 12 isochron: 32A
187.2786  47.82594
187.3791  47.81231
187.4853  47.80034
187.6008  47.79153
187.7220  47.78439
187.8429  47.78257
187.9568  47.78228
188.0686  47.78320
188.1746  47.78447
188.2828  47.78780
188.3903  47.79113
188.5020  47.78999
188.6123  47.78444
188.7216  47.77566
188.8297  47.76837
188.9334  47.76435
189.0320  47.76717
189.1241  47.77036
189.2149  47.77238
189.3992  47.76609
189.5871  47.76211
189.6852  47.75846
189.7885  47.75299
189.8965  47.74571
190.0054  47.73485
190.1147  47.72725
190.2228  47.72201
190.3307  47.72504
190.4367  47.72514
190.5397  47.72379
190.6429  47.71654
190.7475  47.70840
190.8559  47.70168
190.9610  47.69765
191.0631  47.69572
191.2584  47.69284
191.3596  47.69477
191.4692  47.69542
191.5773  47.68842
191.6871  47.67784
191.7907  47.66940
191.8927  47.66983
191.9931  47.67235
192.0953  47.67575
192.2009  47.67525
192.3060  47.67300
192.4106  47.66691
192.5116  47.65820
192.6109  47.64801
192.7084  47.63992
192.8047  47.63422
192.9001  47.63146
193.0862  47.62304
193.1771  47.61438
>           Pacific Ocean: PACIFIC PLATE, set 12 isochron: 32A??
179.8219  45.56950
179.9928  45.57633
180.0823  45.57846
180.1729  45.57750
180.2649  45.57161
180.3589  45.56570
180.4543  45.55884
180.5475  45.55385
180.6376  45.54701
>           Pacific Ocean: PACIFIC PLATE, set 12 isochron: 32A??
180.4219  45.79214
180.5227  45.79205
180.6199  45.78918
180.7113  45.78332
180.8860  45.77688
181.0658  45.76641
181.1639  45.76324
181.2716  45.75997
181.3842  45.75909
181.4919  45.75549
181.5952  45.75286
181.6951  45.74936
181.7980  45.74766
181.8970  45.74906
181.9926  45.75232
182.1751  45.75988
182.2697  45.75674
182.3689  45.74775
182.4743  45.73806
182.5775  45.72961
182.6750  45.72212
182.7665  45.71498
>           Pacific Ocean: PACIFIC PLATE, set 12 isochron: 32B
172.6620  46.62019
172.8431  46.60729
173.0191  46.60073
173.1903  46.60180
173.3593  46.60635
173.5281  46.60400
173.6987  46.60105
173.7847  46.60176
173.9606  46.60545
>           Pacific Ocean: PACIFIC PLATE, set 12 isochron: 32B
176.8323  44.76896
176.9253  44.77547
177.0205  44.77757
177.1191  44.77932
177.2158  44.77391
177.3108  44.76821
177.4003  44.75696
177.4887  44.75195
177.6627  44.75600
177.8435  44.76933
178.0250  44.77298
178.2013  44.76143
178.3944  44.75562
178.4940  44.76015
178.5909  44.76685
>           Pacific Ocean: PACIFIC PLATE, set 12 isochron: 32B
183.0144  45.49963
183.1110  45.51217
183.2115  45.51882
183.3137  45.52142
183.4137  45.52618
183.5063  45.53288
183.6835  45.54391
183.8672  45.55026
183.9615  45.55571
184.0576  45.56421
184.1586  45.57237
184.2604  45.57743
184.3616  45.57789
184.4598  45.58176
184.5585  45.58870
184.6573  45.59870
184.7561  45.60839
184.8500  45.61783
185.0314  45.63677
185.1265  45.63914
185.2263  45.63564
185.3328  45.63543
185.4393  45.63829
185.5420  45.64241
185.6358  45.64540
185.8095  45.65826
185.9807  45.67179
186.1625  45.67478
186.2594  45.67744
186.3564  45.68499
186.4512  45.69317
186.5451  45.70106
186.6428  45.70034
186.7447  45.69216
>           Pacific Ocean: PACIFIC PLATE, set 12 isochron: 32B
186.7378  46.87115
186.9244  46.86987
187.0195  46.86918
187.1163  46.86848
187.2127  46.86478
187.3094  46.86108
187.4070  46.86127
187.5052  46.86595
187.6049  46.87511
187.7009  46.87891
187.7961  46.87913
187.9835  46.87209
188.1754  46.87549
188.3644  46.88193
188.5575  46.89732
188.6619  46.90375
188.7689  46.90893
188.8715  46.91116
188.9652  46.90688
189.1329  46.88534
189.3006  46.87881
189.4841  46.87152
189.5865  46.86628
189.6946  46.86367
189.8085  46.86009
189.9141  46.86288
190.0071  46.86639
190.1273  46.87531
190.2222  46.86712
190.3298  46.87591
190.4274  46.87431
190.5935  46.87803
190.6898  46.87343
190.7852  46.86404
190.9641  46.84958
191.0574  46.85071
191.1587  46.85627
191.2648  46.86088
191.3726  46.85946
191.4763  46.85298
191.5756  46.84745
191.6724  46.84403
191.7709  46.84061
191.8733  46.83386
191.9770  46.82768
192.0781  46.82572
192.1776  46.82829
192.2793  46.82875
192.3852  46.82405
192.4915  46.81664
192.5939  46.80986
192.6907  46.80555
192.7839  46.80158
192.8759  46.79942
193.0574  46.80560
>           Pacific Ocean: PACIFIC PLATE, set 12 isochron: 32R
176.8913  44.37439
176.9845  44.38724
177.0810  44.39342
177.1792  44.39142
177.2781  44.39097
177.3763  44.39336
177.4772  44.39948
177.5763  44.40279
177.6727  44.40268
177.7647  44.40105
177.8558  44.39788
178.0405  44.38835
178.1311  44.38485
178.3042  44.38642
178.4727  44.38267
>           Pacific Ocean: PACIFIC PLATE, set 12 isochron: 32R
182.9689  45.20315
183.0594  45.21922
183.1500  45.23186
183.3312  45.24475
183.5160  45.26101
183.6122  45.27358
183.7106  45.28487
183.8107  45.29425
>           Pacific Ocean: ANTARCTICA PLATE, set 01 isochron: 32
239.9572 -66.94255
240.0831 -66.88753
240.2122 -66.83784
240.3448 -66.79193
240.4906 -66.74892
240.6468 -66.70367
240.8113 -66.65527
240.9716 -66.60207
241.1253 -66.54517
>           Pacific Ocean: ANTARCTICA PLATE, set 01 isochron: 32
255.3312 -64.28168
255.4898 -64.21317
255.6355 -64.15143
255.7688 -64.09439
255.8917 -64.03479
256.0090 -63.97141
256.1222 -63.90759
256.2353 -63.84608
256.3603 -63.78600
256.4908 -63.72607
256.6283 -63.66571
256.7636 -63.60555
256.9004 -63.54305
257.0316 -63.47949
257.1502 -63.41327
257.2606 -63.34848
257.3620 -63.28293
257.4703 -63.21976
257.5806 -63.15831
257.7007 -63.10211
257.8229 -63.04704
257.9541 -62.99313
258.0860 -62.93690
258.2171 -62.88120
258.3427 -62.82539
258.4674 -62.77075
>           Pacific Ocean: ANTARCTICA PLATE, set 01 isochron: 32A
240.1014 -66.57957
240.2412 -66.52596
240.3794 -66.47220
240.5245 -66.42116
240.6758 -66.37027
240.8438 -66.32152
241.0230 -66.26875
241.2152 -66.21504
241.4081 -66.16122
241.5926 -66.11176
241.7717 -66.06276
241.9432 -66.00772
242.1133 -65.94548
242.2736 -65.87910
242.4262 -65.81628
242.5698 -65.75786
242.7114 -65.70363
242.8599 -65.65071
243.0168 -65.59769
243.1751 -65.54279
243.3305 -65.48837
243.4825 -65.43559
243.6373 -65.38528
243.7962 -65.33173
243.9601 -65.27307
244.1253 -65.21227
244.2841 -65.15453
244.4396 -65.10019
244.5937 -65.04660
244.7415 -64.99112
244.8774 -64.93878
244.9996 -64.88544
245.1274 -64.83052
245.2635 -64.76720
245.4086 -64.70343
245.5522 -64.64342
245.6945 -64.58951
245.8367 -64.53609
245.9794 -64.48044
>           Pacific Ocean: ANTARCTICA PLATE, set 01 isochron: 32A
254.1075 -64.32729
254.2321 -64.27150
254.3446 -64.21472
254.4438 -64.15445
254.5418 -64.09073
254.6439 -64.02260
254.7452 -63.95493
254.8452 -63.88647
254.9515 -63.81845
255.0814 -63.74788
255.2230 -63.67799
255.3639 -63.61136
255.4923 -63.54733
255.6158 -63.48535
255.7338 -63.42165
255.8428 -63.35779
255.9442 -63.29320
256.0476 -63.22910
256.1539 -63.16672
256.2615 -63.10516
256.3649 -63.04378
256.4718 -62.98035
256.5836 -62.91556
256.7006 -62.84999
>           North Atlantic Ocean: EURASIA PLATE, set 09 isochron: 32
337.0440  54.50272
337.0462  54.43331
337.0478  54.35731
337.0507  54.27549
337.0550  54.19517
337.0628  54.12245
337.0720  54.05697
337.0839  53.99303
337.0951  53.92691
337.1070  53.85867
337.1176  53.79029
337.1323  53.72181
337.1505  53.65113
337.1715  53.58078
337.1911  53.51196
337.2037  53.44762
337.2156  53.37938
337.2276  53.30520
337.2507  53.22002
337.2814  53.13388
337.3198  53.04885
337.3596  52.97207
337.3979  52.90018
337.4370  52.83110
337.4836  52.76024
337.5373  52.68630
337.5944  52.61099
337.6479  52.53558
>           North Atlantic Ocean: AFRICA PLATE, set 01 isochron: 32
337.1710  37.09465
337.0861  36.92240
337.0119  36.78247
336.9523  36.68326
336.9017  36.61028
336.8538  36.54284
336.8065  36.47249
336.7643  36.39762
336.7275  36.32213
>           North Atlantic Ocean: AFRICA PLATE, set 01 isochron: 32
336.2268  36.50380
336.1301  36.27260
336.0525  36.09483
335.9936  35.97156
335.9430  35.87408
335.8972  35.78388
335.8549  35.69754
335.8132  35.61738
335.7702  35.53712
335.7230  35.45562
335.6723  35.36834
335.6167  35.27869
335.5640  35.19523
335.5148  35.11971
>           North Atlantic Ocean: AFRICA PLATE, set 01 isochron: 32
334.3329  34.43045
334.2050  34.31654
334.1043  34.21638
334.0342  34.13065
333.9850  34.05238
333.9412  33.97578
333.8996  33.90146
333.8579  33.83054
333.8177  33.76538
333.7760  33.70309
333.7330  33.64133
333.6837  33.57659
333.6343  33.51122
333.5837  33.44287
333.5365  33.37157
333.4893  33.29729
333.4490  33.22586
333.4137  33.15792
333.3852  33.09285
333.3540  33.02832
333.3207  32.96549
333.2832  32.90440
>           North Atlantic Ocean: AFRICA PLATE, set 01 isochron: 32
332.9266  32.88804
332.8613  32.78151
332.7925  32.68316
332.7161  32.59354
332.6460  32.51737
332.5815  32.44764
332.5280  32.38556
332.4710  32.32283
332.4098  32.25946
332.3418  32.19250
332.2730  32.12608
332.2050  32.06017
332.1376  31.99840
332.0703  31.94074
332.0015  31.88720
>           North Atlantic Ocean: AFRICA PLATE, set 01 isochron: 32
329.8873  31.22424
329.8582  31.14815
329.8326  31.07444
329.8132  31.00306
329.7924  30.93403
329.7737  30.86676
329.7514  30.80065
329.7292  30.73147
329.7029  30.65681
329.6731  30.57367
329.6356  30.48381
329.5884  30.39204
329.5356  30.30503
329.4808  30.22518
329.4287  30.14709
329.3753  30.06831
329.3232  29.98886
329.2746  29.91362
329.2309  29.83891
329.1934  29.76477
329.1545  29.68754
329.1185  29.61025
329.0789  29.53167
329.0435  29.45243
329.0046  29.37375
328.9665  29.29621
328.9290  29.22106
328.9034  29.14832
328.8882  29.07740
>           North Atlantic Ocean: AFRICA PLATE, set 01 isochron: 32
328.3561  29.30209
328.3430  29.23672
328.3270  29.16581
328.3104  29.08876
328.2862  29.00612
328.2591  28.92465
328.2245  28.84311
328.1898  28.76334
328.1537  28.68534
328.1197  28.61343
328.0850  28.54764
328.0503  28.48549
>           North Atlantic Ocean: AFRICA PLATE, set 01 isochron: 32
327.5246  28.56219
327.4412  28.38418
327.3774  28.24549
327.3310  28.14243
327.2894  28.04790
327.2408  27.94462
327.1895  27.84124
327.1381  27.74769
327.0895  27.66707
327.0451  27.59508
327.0062  27.52802
326.9695  27.45594
326.9319  27.37820
326.8889  27.29045
326.8466  27.20078
326.8036  27.10916
326.7633  27.02246
326.7266  26.94321
326.6925  26.87136
326.6585  26.80386
326.6259  26.73632
326.5968  26.66809
326.5725  26.59485
326.5413  26.51277
326.5017  26.41872
326.4573  26.32143
326.4178  26.22345
326.3838  26.12791
326.3540  26.03167
326.3284  25.93977
326.3090  25.85788
326.2945  25.78540
326.2820  25.71856
>           North Atlantic Ocean: AFRICA PLATE, set 01 isochron: 32
326.0567  25.78065
326.0498  25.68853
326.0374  25.59068
326.0194  25.48642
326.0001  25.38271
325.9835  25.28207
325.9662  25.18898
325.9489  25.09325
325.9308  24.99681
325.9121  24.89330
325.8858  24.79351
325.8456  24.69744
325.8004  24.60767
325.7560  24.51845
325.7228  24.42599
325.6943  24.33350
325.6729  24.24603
325.6541  24.16747
325.6389  24.09461
>           North Atlantic Ocean: AFRICA PLATE, set 01 isochron: 32
324.6442  24.04134
324.5455  23.83759
324.4741  23.68885
324.4290  23.59324
324.3943  23.52389
324.3575  23.45255
324.3207  23.38181
324.2860  23.31103
324.2541  23.23636
324.2194  23.16165
324.1792  23.09142
324.1320  23.02950
>           North Atlantic Ocean: AFRICA PLATE, set 01 isochron: 32
325.5836  22.92727
325.5746  22.84272
325.5685  22.75686
325.5651  22.67418
325.5609  22.59532
325.5554  22.51770
325.5471  22.43681
325.5396  22.35521
325.5292  22.27747
325.5161  22.20291
325.4988  22.13026
325.4828  22.05820
325.4669  21.98937
325.4538  21.91530
325.4357  21.83338
325.4156  21.73904
325.3886  21.64140
325.3623  21.53913
325.3409  21.43810
325.3235  21.34352
325.3104  21.25672
325.2931  21.17377
325.2785  21.08295
325.2578  20.99207
325.2377  20.90178
325.2148  20.82191
325.2010  20.74724
325.1941  20.67714
325.1872  20.60567
325.1726  20.52632
325.1525  20.43638
325.1359  20.33327
325.1270  20.22948
325.1153  20.12954
325.0993  20.04204
325.0744  19.95842
325.0543  19.87804
325.0398  19.79697
325.0329  19.71588
325.0274  19.63211
325.0157  19.53905
325.0004  19.44064
324.9818  19.33620
324.9679  19.23702
324.9548  19.13776
324.9417  19.04840
324.9264  18.96296
324.9133  18.88674
324.9022  18.80983
324.8904  18.73286
324.8759  18.65390
324.8593  18.57222
324.8399  18.48186
324.8192  18.37813
324.7949  18.26904
324.7748  18.16589
324.7575  18.06998
324.7458  17.97739
324.7333  17.88473
324.7167  17.79868
324.6959  17.71527
324.6710  17.63246
324.6488  17.54627
324.6280  17.46074
324.6107  17.36578
324.5885  17.25806
324.5657  17.13823
324.5407  17.02436
324.5248  16.92048
324.5117  16.82460
324.5056  16.72801
324.4980  16.63605
324.4925  16.54742
324.4828  16.46614
324.4697  16.38480
324.4538  16.31083
324.4392  16.23886
324.4282  16.17158
324.4185  16.10359
324.4081  16.03827
324.3956  15.97157
324.3797  15.90013
324.3610  15.82192
324.3395  15.73221
324.3180  15.63774
324.2972  15.54053
324.2772  15.45410
324.2564  15.37302
324.2384  15.29596
324.2190  15.22227
324.1940  15.10794
324.1600  14.99353
324.1441  14.91972
324.1198  14.84115
324.1151  14.73479
324.1325  14.71111
>           North Atlantic Ocean: AFRICA PLATE, set 01 isochron: 32??
335.2646  35.06273
335.1575  34.92271
335.0805  34.81247
335.0271  34.73198
334.9834  34.66637
334.9327  34.59953
334.8855  34.53150
334.8390  34.46168
334.7890  34.39297
334.7278  34.32534
334.6584  34.25938
>           North Atlantic Ocean: AFRICA PLATE, set 01 isochron: 32??
331.7637  31.92429
331.6935  31.85407
331.6296  31.79037
331.5789  31.73201
331.5255  31.67658
331.4796  31.61993
331.4012  31.50597
>           South Atlantic Ocean: SOUTH AMERICA PLATE, set 01 isochron: 32
325.8547 -34.54010
325.8681 -34.63350
325.8787 -34.72057
325.8836 -34.79786
325.8871 -34.87279
325.8879 -34.94366
325.8879 -35.01451
325.8817 -35.08247
325.8761 -35.15494
325.8755 -35.23640
325.8820 -35.32567
325.8919 -35.41655
325.8997 -35.49544
325.8997 -35.56354
325.8899 -35.68995
325.8858 -35.76072
325.8838 -35.83424
325.8775 -35.90266
325.8727 -35.97154
325.8588 -36.04326
325.8409 -36.12170
325.8153 -36.20300
>           South Atlantic Ocean: SOUTH AMERICA PLATE, set 01 isochron: 32
326.6287 -34.50286
326.6290 -34.59984
326.6292 -34.68816
326.6280 -34.76726
326.6266 -34.84283
326.6225 -34.91721
326.6198 -34.99436
326.6164 -35.07088
326.6165 -35.15243
326.6167 -35.23334
326.6189 -35.31527
326.6190 -35.38920
326.6197 -35.45737
326.6196 -35.52319
326.6210 -35.59408
326.6197 -35.66831
326.6156 -35.73967
326.6050 -35.86528
326.6001 -35.99062
326.5945 -36.05497
>           South Atlantic Ocean: SOUTH AMERICA PLATE, set 01 isochron: 32
325.5063 -40.64949
325.5106 -40.72549
325.5149 -40.79881
325.5177 -40.86890
325.5157 -40.93579
325.5102 -41.00056
>           South Atlantic Ocean: SOUTH AMERICA PLATE, set 01 isochron: 32
325.7082 -41.40482
325.6910 -41.47955
325.6780 -41.55476
325.6739 -41.63034
325.6803 -41.70680
325.6937 -41.78470
>           South Atlantic Ocean: SOUTH AMERICA PLATE, set 01 isochron: 32
324.6591 -44.18533
324.6653 -44.35660
324.6716 -44.48546
324.6830 -44.57085
324.6991 -44.70055
324.7006 -44.76732
324.7111 -44.83397
324.7215 -44.89856
324.7410 -44.96497
324.7530 -45.03920
324.7624 -45.12222
324.7634 -45.20766
324.7643 -45.28462
324.7664 -45.35318
324.7748 -45.47775
324.7784 -45.53970
324.7860 -45.60156
324.7861 -45.66486
324.7917 -45.72852
324.7953 -45.79504
324.8071 -45.86192
324.8135 -45.93213
324.8186 -46.00323
324.8153 -46.07671
324.8106 -46.14867
324.7996 -46.21962
324.7838 -46.28909
>           South Atlantic Ocean: SOUTH AMERICA PLATE, set 01 isochron: 32
325.7492 -46.58488
325.7592 -46.66315
325.7732 -46.73851
325.7921 -46.80896
325.8165 -46.87642
325.8416 -46.94046
325.8639 -47.00633
325.8849 -47.07639
325.9024 -47.15254
325.9221 -47.22952
325.9383 -47.30219
325.9558 -47.37518
325.9692 -47.45140
325.9828 -47.53362
325.9928 -47.61153
326.0047 -47.68321
326.0090 -47.74875
326.0120 -47.81563
326.0107 -47.88570
326.0193 -47.95935
326.0299 -48.03239
326.0446 -48.10440
326.0531 -48.17635
326.0610 -48.25096
326.0627 -48.32553
326.0671 -48.40134
326.0729 -48.47704
326.0856 -48.55441
326.1011 -48.62614
326.1186 -48.69276
>           South Atlantic Ocean: AFRICA PLATE, set 11 isochron: 32
 12.6098 -41.73320
 12.6197 -41.87889
 12.6253 -42.00581
 12.6265 -42.11700
 12.6249 -42.22078
 12.6280 -42.31718
 12.6339 -42.40619
 12.6397 -42.49352
 12.6436 -42.58688
 12.6460 -42.67860
 12.6484 -42.76712
 12.6480 -42.85347
 12.6469 -42.94733
 12.6460 -43.04616
 12.6471 -43.14584
 12.6495 -43.23473
 12.6518 -43.31181
 12.6533 -43.38625
 12.6529 -43.46815
 12.6513 -43.56712
 12.6489 -43.67049
 12.6487 -43.77119
 12.6511 -43.85812
 12.6562 -43.94141
 12.6641 -44.02452
 12.6748 -44.11252
 12.6869 -44.19687
 12.6975 -44.27664
 12.7053 -44.34935
 12.7117 -44.41948
 12.7188 -44.49051
 12.7272 -44.56244
 12.7343 -44.63528
 12.7400 -44.70605
 12.7450 -44.77823
 12.7535 -44.85129
 12.7640 -44.91635
 12.7809 -44.99709
 12.7916 -45.07820
 12.8082 -45.13609
 12.8173 -45.20277
 12.8307 -45.28310
 12.8370 -45.34425
 12.8520 -45.43657
 12.8583 -45.50490
 12.8765 -45.57013
 12.8974 -45.63918
 12.9073 -45.71111
 12.9144 -45.78151
 12.9453 -45.87344
 12.9771 -45.98895
 12.9967 -46.05464
>           South Atlantic Ocean: AFRICA PLATE, set 12 isochron: 32
 17.0262 -43.47318
 17.0612 -43.56174
 17.0906 -43.64777
 17.1166 -43.73219
 17.1438 -43.81247
 17.1726 -43.89612
 17.2027 -43.98416
 17.2405 -44.07552
 17.2825 -44.16173
 17.3202 -44.24237
 17.3468 -44.31995
 17.3651 -44.40295
 17.3828 -44.48537
 17.4066 -44.56664
 17.4331 -44.63985
 17.4597 -44.71294
 17.4841 -44.79187
 17.5109 -44.88597
 17.5433 -44.98827
 17.5709 -45.08748
 17.5989 -45.16937
 17.6233 -45.23694
 17.6497 -45.29948
 17.6734 -45.36880
 17.6972 -45.44635
 17.7232 -45.52866
 17.7491 -45.60843
 17.7743 -45.68616
 17.7960 -45.75893
 17.8156 -45.83162
 17.8331 -45.90276
 17.8500 -45.97527
 17.8647 -46.04916
 17.8795 -46.12535
 17.8936 -46.20337
 17.9105 -46.27838
 17.9273 -46.34753
 17.9454 -46.41512
 17.9616 -46.48744
 17.9764 -46.56923
 17.9899 -46.65283
 18.0062 -46.73344
 18.0216 -46.80630
 18.0363 -46.87717
 18.0476 -46.94801
>           South Atlantic Ocean: ANTARCTICA PLATE, set 03 isochron: 32
357.8437 -60.61630
357.1886 -61.02808
>           South Atlantic Ocean: ANTARCTICA PLATE, set 03 isochron: 32
352.8426 -63.18594
352.7133 -63.26532
352.5877 -63.34270
352.4659 -63.41800
>           South Atlantic Ocean: ANTARCTICA PLATE, set 03 isochron: 32
345.1219 -63.79453
344.9143 -63.87085
344.7282 -63.94313
344.5639 -64.01149
>           South Atlantic Ocean: ANTARCTICA PLATE, set 03 isochron: 32
340.1260 -64.48132
339.9241 -64.50830
339.7448 -64.53326
339.5870 -64.55658
339.4355 -64.58020
339.2764 -64.60414
339.1028 -64.63110
338.9195 -64.65956
338.7313 -64.69093
338.5562 -64.71718
338.3921 -64.74129
338.2365 -64.76355
338.0802 -64.79175
337.9266 -64.81691
337.7757 -64.83884
337.6219 -64.85425
337.4606 -64.87263
337.2952 -64.89130
337.1345 -64.91022
336.9828 -64.92705
336.8347 -64.94298
336.6824 -64.96184
336.5109 -64.98579
336.3200 -65.01628
336.1186 -65.04761
335.9310 -65.07295
335.7606 -65.09236
335.6000 -65.10999
335.4312 -65.13144
335.2493 -65.16025
335.0556 -65.19022
334.8625 -65.22246
334.6819 -65.24675
334.5157 -65.27068
334.3600 -65.28990
334.2064 -65.31316
334.0542 -65.33699
333.9019 -65.35992
333.7483 -65.37965
333.5932 -65.39764
333.4368 -65.41881
333.2845 -65.43907
333.1279 -65.45529
332.9609 -65.46524
332.7752 -65.47641
332.5847 -65.49101
332.4039 -65.50871
332.2349 -65.52695
332.0647 -65.54747
331.8846 -65.57108
>           South Atlantic Ocean: ANTARCTICA PLATE, set 03 isochron: 32
330.2079 -65.74019
329.9607 -65.75961
329.7509 -65.78067
329.5744 -65.80243
329.4083 -65.82529
329.2330 -65.84337
329.0549 -65.85886
328.8824 -65.86975
328.7119 -65.88208
328.5429 -65.89496
328.3711 -65.90926
328.1958 -65.92471
328.0102 -65.94049
327.8142 -65.95798
327.6190 -65.97797
327.4334 -66.00015
327.2576 -66.02400
327.0894 -66.04443
326.9273 -66.06169
326.7680 -66.07587
326.6080 -66.09114
326.4425 -66.10783
326.2792 -66.12703
326.1137 -66.14735
325.9470 -66.16937
325.7678 -66.19337
325.5761 -66.21967
325.3734 -66.24957
325.1663 -66.28127
>           Indian Ocean: AFRICA PLATE, set 03 isochron: 32
 21.3793 -46.39958
 21.4703 -46.40863
 21.6461 -46.42480
 21.7426 -46.43428
 21.8427 -46.45476
 21.9428 -46.47379
 22.0367 -46.49237
 22.1278 -46.50664
 22.2174 -46.51945
>           Indian Ocean: AFRICA PLATE, set 03 isochron: 32
 23.1858 -47.66490
 23.3421 -47.69824
 23.4771 -47.72925
 23.5870 -47.75150
 23.6837 -47.76492
 23.8747 -47.78435
 23.9713 -47.80013
 24.0707 -47.81821
 24.1708 -47.83676
 24.2710 -47.85529
 24.3655 -47.87010
 24.5432 -47.87971
>           Indian Ocean: AFRICA PLATE, set 03 isochron: 32
 24.9741 -46.21678
 25.0777 -46.31474
 25.1681 -46.39490
 25.2438 -46.45778
 25.3151 -46.50719
 25.3899 -46.55893
 25.4765 -46.61006
 25.5638 -46.66589
 25.6477 -46.71646
 25.7183 -46.76610
 25.7951 -46.80948
 25.8685 -46.85712
 25.9302 -46.90762
 25.9690 -46.96394
>           Indian Ocean: AFRICA PLATE, set 03 isochron: 32
 39.7036 -36.68793
 39.8638 -36.73643
 40.0268 -36.78256
 40.1885 -36.82362
 40.3468 -36.86069
>           Indian Ocean: AFRICA PLATE, set 03 isochron: 32
 36.2067 -38.62457
 36.3647 -38.61317
 36.5213 -38.60493
 36.6772 -38.60376
 36.8317 -38.60258
 36.9870 -38.60194
 37.1422 -38.59805
 37.2981 -38.59959
 37.4554 -38.60004
 37.6155 -38.59935
 37.7783 -38.59367
>           Indian Ocean: AFRICA PLATE, set 03 isochron: 32??
 38.8617 -36.72158
 39.0171 -36.76060
 39.1711 -36.79838
 39.3238 -36.83495
>           Indian Ocean: AFRICA PLATE, set 07 isochron: 32
 49.7344 -24.55536
 49.8698 -24.67119
 50.0060 -24.79321
 50.1396 -24.92650
 50.2725 -25.06216
 50.4053 -25.19770
 50.5389 -25.32615
 50.6711 -25.45446
 50.7984 -25.58452
 50.9236 -25.71948
 51.0399 -25.85557
 51.1513 -25.99466
 51.2585 -26.13486
 51.3762 -26.28296
 51.4994 -26.43147
 51.6310 -26.57976
 51.7611 -26.71667
 51.8891 -26.84659
 52.0061 -26.97020
 52.1141 -27.09312
>           Indian Ocean: AFRICA PLATE, set 09 isochron: 32
 57.9478 -13.99993
 58.0884 -14.21203
 58.2214 -14.38761
 58.3438 -14.52264
 58.4558 -14.63266
 58.5588 -14.74132
 58.6556 -14.85268
>           Indian Ocean: AFRICA PLATE, set 10 isochron: 32
 51.5711 -18.59274
 51.7837 -18.81335
 51.9549 -18.98978
 52.0892 -19.12015
 52.1977 -19.23605
 52.3000 -19.35455
 52.3913 -19.47763
>           Indian Ocean: AFRICA PLATE, set 10 isochron: 32
 50.6034 -21.75680
 50.7708 -21.90533
 50.9272 -22.04213
 51.0698 -22.17176
 51.2026 -22.29616
 51.3264 -22.42436
 51.4454 -22.54348
 51.5602 -22.65481
 51.6784 -22.75703
 51.7987 -22.85851
>           Indian Ocean: ANTARCTICA PLATE, set 04 isochron: 32
 12.7755 -57.84612
 12.9081 -57.91277
 13.0345 -57.97266
 13.1540 -58.02513
 13.2713 -58.07974
 13.3914 -58.13719
 13.5165 -58.19855
 13.6458 -58.25943
 13.7750 -58.31618
 13.8965 -58.36850
 14.0069 -58.41498
 14.1027 -58.46324
 14.1929 -58.51294
 14.2804 -58.57056
 14.3784 -58.62735
 14.4860 -58.68149
 14.6053 -58.72752
 14.7275 -58.77345
 14.8505 -58.82146
>           Indian Ocean: ANTARCTICA PLATE, set 04 isochron: 32
 17.8491 -58.91081
 17.9874 -58.93034
 18.1208 -58.94514
 18.2514 -58.95457
 18.3833 -58.95969
 18.5180 -58.96255
>           Indian Ocean: ANTARCTICA PLATE, set 04 isochron: 32
 21.7319 -58.83110
 21.8645 -58.83415
 21.9991 -58.84073
 22.1332 -58.85086
 22.2632 -58.86420
>           Indian Ocean: ANTARCTICA PLATE, set 04 isochron: 32
 34.1361 -51.42067
 34.3378 -51.52472
 34.5427 -51.62074
 34.7463 -51.70538
 34.9492 -51.78206
 35.1489 -51.85550
>           Indian Ocean: ANTARCTICA PLATE, set 04 isochron: 32
 38.3433 -49.75256
 38.5409 -49.83537
 38.7389 -49.90990
 38.9370 -49.97612
>           Indian Ocean: ANTARCTICA PLATE, set 05 isochron: 32-33
104.1601 -62.94141
104.4502 -62.94798
104.7407 -62.94608
105.0230 -62.93587
105.3005 -62.92340
105.5764 -62.91382
105.8607 -62.90614
106.1504 -62.90039
106.4402 -62.89496
106.7271 -62.89235
107.0117 -62.89256
107.2984 -62.89566
107.5511 -62.90193
107.7733 -62.90964
107.9581 -62.91817
108.1859 -62.92325
108.4277 -62.92393
108.6599 -62.92088
108.8138 -62.91682
108.9711 -62.91603
109.1580 -62.92047
109.3479 -62.92023
109.5343 -62.91771
109.7276 -62.91711
109.9234 -62.92856
110.1152 -62.93112
110.3068 -62.94070
110.4619 -62.94386
110.7027 -62.95097
110.9955 -62.96016
111.3161 -62.96846
111.6351 -62.97891
111.9466 -62.98932
112.2429 -62.99902
112.5367 -63.00183
112.8278 -63.00082
113.1230 -62.99762
113.4078 -62.99593
113.6884 -62.99579
113.9730 -62.99794
114.2687 -63.00140
114.5699 -63.00642
114.8635 -63.01295
115.1465 -63.02226
115.4247 -63.03441
115.7056 -63.04657
115.9893 -63.05905
116.2731 -63.06929
116.5556 -63.07768
116.8417 -63.08044
117.1328 -63.07944
117.4232 -63.07561
117.7134 -63.07491
118.0037 -63.07422
118.3024 -63.07359
118.6062 -63.06610
118.9108 -63.05446
119.2078 -63.03836
119.4916 -63.02219
119.7712 -63.00729
120.0487 -62.99457
120.3344 -62.98315
120.6181 -62.97203
120.9025 -62.96025
121.1759 -62.94716
121.4433 -62.92831
121.7033 -62.90251
121.9682 -62.86977
122.2394 -62.83578
122.5197 -62.80083
122.8020 -62.76614
123.0851 -62.72890
123.3675 -62.69031
123.6540 -62.65204
123.9466 -62.61726
124.2411 -62.58948
124.5264 -62.56667
124.8000 -62.54601
125.0736 -62.52446
125.3582 -62.50330
125.6518 -62.48436
125.9467 -62.46925
126.2372 -62.45795
126.5298 -62.45021
126.8153 -62.44498
127.0968 -62.43968
127.3685 -62.43535
127.6422 -62.43135
127.9152 -62.43024
128.1888 -62.43105
128.4596 -62.43503
128.7302 -62.44226
129.0008 -62.45169
129.2680 -62.46176
129.5372 -62.47026
129.8154 -62.48042
130.1073 -62.49353
130.4040 -62.51270
130.6944 -62.53371
130.9799 -62.55598
131.2608 -62.57251
131.5405 -62.58420
131.8105 -62.58911
132.0750 -62.59560
132.3372 -62.60497
132.6021 -62.61911
132.8657 -62.63261
133.1255 -62.63907
133.3862 -62.63632
133.6568 -62.62535
133.9370 -62.61377
134.2220 -62.60411
134.5098 -62.59575
134.7997 -62.58675
135.0918 -62.57359
135.3713 -62.56030
135.6489 -62.54517
135.9222 -62.53351
136.2016 -62.52315
136.4740 -62.51817
136.7430 -62.51253
137.0176 -62.50537
137.2986 -62.49280
137.5927 -62.48125
137.8839 -62.47028
138.1745 -62.46088
138.4498 -62.45108
138.7181 -62.44351
138.9808 -62.43849
139.2435 -62.43405
139.5048 -62.42844
>           Indian Ocean: ANTARCTICA PLATE, set 10 isochron: 32
 52.5236 -50.70700
 52.7098 -50.80080
 52.9006 -50.89003
 53.0982 -50.97906
 53.3007 -51.06967
 53.5004 -51.16966
 53.6938 -51.27026
 53.8837 -51.37546
 54.0758 -51.47478
 54.2693 -51.57388
 54.4632 -51.66885
>           Indian Ocean: ANTARCTICA PLATE, set 10 isochron: 32
 53.2676 -52.72923
 53.5124 -52.82840
 53.7459 -52.92464
 53.9711 -53.02104
 54.1970 -53.12267
 54.4201 -53.22528
 54.6345 -53.32059
 54.8411 -53.41234
 55.0512 -53.50185
 55.2666 -53.60271
 55.4895 -53.70947
 55.7126 -53.82219
 55.9379 -53.92682
 56.1624 -54.02374
>           Indian Ocean: AUSTRALIA PLATE, set 02 isochron: 32-33
115.7513 -37.11942
115.9178 -37.10556
116.0961 -37.09283
116.2820 -37.08066
116.4637 -37.06564
116.6310 -37.04828
116.7900 -37.02808
116.9461 -37.01119
117.1044 -36.99210
117.2592 -36.97739
117.4098 -36.96098
117.5554 -36.95232
117.7010 -36.94476
117.8486 -36.94167
117.9990 -36.94195
118.1540 -36.95226
118.3122 -36.97262
118.4767 -36.99802
118.6441 -37.01846
118.8157 -37.03115
118.9860 -37.03715
119.1509 -37.03809
119.3089 -37.03730
119.4663 -37.03376
119.6284 -37.03360
119.7933 -37.03343
119.9547 -37.03268
120.1129 -37.02246
120.2692 -37.00113
120.4255 -36.97367
120.5777 -36.94673
120.7285 -36.91975
120.8794 -36.88665
121.0324 -36.85078
121.1894 -36.81884
121.3519 -36.79529
121.5213 -36.77737
121.6871 -36.76050
121.8473 -36.75137
122.0019 -36.74332
122.1571 -36.74586
122.3115 -36.74895
122.4638 -36.75759
122.6147 -36.76511
122.7650 -36.76872
122.9146 -36.77121
123.0678 -36.76817
123.2272 -36.76744
123.3963 -36.76119
123.5710 -36.75390
123.7480 -36.73658
123.9230 -36.71420
124.0918 -36.68619
124.2613 -36.65820
124.4343 -36.63303
124.6120 -36.61011
124.7841 -36.59101
124.9493 -36.57297
125.1104 -36.55267
125.2707 -36.53236
125.4283 -36.51200
125.5817 -36.49553
125.7372 -36.47572
125.9032 -36.45435
126.0803 -36.43026
126.2587 -36.40783
126.4274 -36.38473
126.5871 -36.36266
126.7433 -36.34565
126.9035 -36.33369
127.0685 -36.32458
127.2391 -36.31441
127.4119 -36.30255
127.5908 -36.29134
127.7815 -36.28080
127.9915 -36.27496
128.2104 -36.27418
128.4292 -36.27898
128.6349 -36.28367
128.8345 -36.28550
129.0236 -36.28332
129.2051 -36.28607
129.3739 -36.29941
129.5349 -36.32162
129.6924 -36.34940
129.8513 -36.37664
130.0164 -36.40730
130.1864 -36.43407
130.3551 -36.45856
130.5218 -36.47408
130.6873 -36.48233
130.8592 -36.48003
131.0297 -36.47543
131.1989 -36.46859
131.3589 -36.46838
131.5140 -36.47149
131.6640 -36.48964
131.8167 -36.51511
131.9803 -36.55129
132.1536 -36.58865
132.3186 -36.62586
132.4436 -36.65318
132.5514 -36.66972
132.6230 -36.69885
132.6561 -36.70919
>           Indian Ocean: AUSTRALIA PLATE, set 14 isochron: 32
 91.8868 -20.07277
 92.2209 -20.06027
 92.4793 -20.04974
 92.6622 -20.03893
 92.8077 -20.02708
 92.9608 -20.00407
 93.1214 -19.97244
>           Indian Ocean: AUSTRALIA PLATE, set 14 isochron: 32
 93.4617 -19.20886
 93.7769 -19.17661
 94.0340 -19.15027
 94.2286 -19.13146
 94.3879 -19.11684
 94.5362 -19.10949
 94.6776 -19.10806
>           Indian Ocean: AUSTRALIA PLATE, set 14 isochron: 32
 96.0203 -16.13178
 96.2406 -16.08859
 96.4338 -16.05547
 96.6035 -16.03116
 96.7691 -16.01560
 96.9361 -16.00739
 97.0982 -16.00790
 97.2479 -16.00579
 97.3865 -16.00240
 97.5161 -15.99438
 97.6415 -15.98368
 97.7662 -15.96627
>           Indian Ocean: AUSTRALIA PLATE, set 14 isochron: 32
 99.7585  -7.83167
100.0350  -7.81787
100.2567  -7.81117
100.4286  -7.80819
100.5859  -7.79633
100.7473  -7.78443
100.9053  -7.78085
101.0550  -7.78283
101.2026  -7.77722
101.3488  -7.75919
101.4908  -7.73911
101.6230  -7.72253
101.7477  -7.70942
>           Indian Ocean: AUSTRALIA PLATE, set 16 isochron: 32
150.8423 -35.72121
150.9262 -35.87591
151.0131 -36.02707
151.1030 -36.17471
>           Indian Ocean: AUSTRALIA PLATE, set 16 isochron: 32
151.2145 -36.60407
151.2882 -36.74965
151.3585 -36.89446
151.4283 -37.03462
151.5043 -37.16846
151.5894 -37.29995
151.6809 -37.43298
>           Indian Ocean: AUSTRALIA PLATE, set 16 isochron: 32
151.5206 -39.18462
151.5566 -39.42238
151.5921 -39.62068
151.6254 -39.77995
151.6611 -39.92012
151.6996 -40.05684
151.7486 -40.18703
151.8053 -40.31329
151.8696 -40.44148
151.9365 -40.57526
152.0104 -40.71042
152.0960 -40.84439
152.1935 -40.97449
152.2993 -41.10231
152.4082 -41.22789
>           Indian Ocean: AUSTRALIA PLATE, set 16 isochron: 32
152.6362 -41.74074
152.8371 -42.05084
153.0186 -42.32942
>           Indian Ocean: AUSTRALIA PLATE, set 16 isochron: 32
152.6886 -43.34036
152.8090 -43.52388
152.9183 -43.68333
153.0219 -43.82028
153.1208 -43.94632
153.2238 -44.07065
153.3262 -44.19073
153.4317 -44.30766
>           Indian Ocean: AUSTRALIA PLATE, set 17 isochron: 32
158.7133 -35.21362
158.8298 -35.33739
>           Indian Ocean: AUSTRALIA PLATE, set 17 isochron: 32
158.4829 -36.73133
158.6715 -36.90672
158.8408 -37.06107
158.9891 -37.19055
159.1265 -37.30476
159.2659 -37.42154
159.4113 -37.54813
159.5601 -37.68278
159.7075 -37.81774
159.8517 -37.94586
159.9947 -38.06773
>           Indian Ocean: AUSTRALIA PLATE, set 17 isochron: 32
160.7164 -38.16290
160.8470 -38.29240
160.9764 -38.42441
161.1057 -38.55838
161.2456 -38.69113
161.3913 -38.82045
>           Indian Ocean: AUSTRALIA PLATE, set 17 isochron: 32
160.8181 -41.68478
161.0442 -41.93877
161.2305 -42.14691
161.3760 -42.31442
161.4933 -42.45966
161.5995 -42.60551
161.6872 -42.74370
161.7576 -42.87688
161.8204 -43.00615
161.8834 -43.13477
>           Indian Ocean: AUSTRALIA PLATE, set 17 isochron: 32??
161.2866 -39.11147
161.4248 -39.23878
161.5453 -39.36253
161.6481 -39.48274
