>           Pacific Ocean: PACIFIC PLATE, set 06 isochron: 12
200.2956 -54.58734
200.4186 -54.53577
200.5394 -54.47478
200.6560 -54.40475
200.7628 -54.32935
200.8669 -54.25870
200.9661 -54.19403
201.0619 -54.13702
201.1507 -54.07663
201.2410 -54.01082
201.3361 -53.94250
201.4395 -53.87737
201.5401 -53.81621
201.6365 -53.75618
201.7232 -53.70268
201.8071 -53.65532
>           Pacific Ocean: PACIFIC PLATE, set 06 isochron: 12
209.8445 -52.66109
209.9341 -52.59348
210.0091 -52.52704
210.0709 -52.46390
210.1362 -52.40408
210.2029 -52.34712
210.2702 -52.28842
210.3404 -52.22879
210.4105 -52.16864
210.4792 -52.11484
210.5278 -52.06392
210.6216 -51.96152
210.6869 -51.90356
210.7514 -51.84212
210.8118 -51.77927
210.8583 -51.71417
210.8972 -51.64595
210.9319 -51.57640
>           Pacific Ocean: PACIFIC PLATE, set 06 isochron: 12
227.3692 -51.29408
227.4754 -51.19211
>           Pacific Ocean: PACIFIC PLATE, set 06 isochron: 12
228.3078 -49.23903
228.3920 -49.15208
228.4642 -49.07185
228.5197 -49.00156
228.5712 -48.93436
228.6219 -48.86475
228.6733 -48.78954
228.7198 -48.71469
228.7629 -48.64388
228.8101 -48.57759
228.8573 -48.51535
228.9094 -48.45905
228.9594 -48.40730
229.0212 -48.35692
229.0851 -48.30042
229.1581 -48.23645
229.2219 -48.16728
229.2795 -48.09523
229.3282 -48.02118
229.3831 -47.94333
229.4442 -47.86395
229.5095 -47.78352
229.5748 -47.70108
229.6422 -47.61334
229.7151 -47.52499
229.7908 -47.43982
229.8686 -47.36015
229.9415 -47.27989
230.0054 -47.19759
230.0623 -47.11327
230.1179 -47.03215
230.1797 -46.95473
230.2457 -46.88385
230.3143 -46.81674
>           Pacific Ocean: PACIFIC PLATE, set 07 isochron: 12
136.7533   2.32050
136.8559   2.33256
136.9565   2.33066
137.0632   2.31831
137.1777   2.30250
>           Pacific Ocean: PACIFIC PLATE, set 07 isochron: 12
137.9896   1.73913
138.1151   1.74287
138.2378   1.75497
138.3578   1.78310
138.4784   1.83009
138.6039   1.88056
138.7342   1.91988
138.8652   1.94176
138.9942   1.95457
>           Pacific Ocean: PACIFIC PLATE, set 07 isochron: 12
144.9942   6.01338
145.1468   6.03453
145.2938   6.05911
145.4352   6.08784
145.5773   6.11587
145.7292   6.14117
145.8887   6.15883
146.0447   6.17162
146.1868   6.17674
146.3172   6.17977
146.4427   6.17724
146.5696   6.17680
146.6986   6.17844
146.8290   6.18562
>           Pacific Ocean: PACIFIC PLATE, set 07 isochron: 12
143.6190   1.71883
143.7418   1.71629
143.8687   1.70259
144.0047   1.68193
144.1565   1.65921
144.3195   1.64069
144.4853   1.61870
144.6448   1.59878
144.7987   1.57955
144.9513   1.57148
145.1031   1.56271
145.2515   1.56231
145.3965   1.56049
145.5358   1.56705
145.6718   1.57360
145.8049   1.58991
145.9394   1.61180
146.0753   1.64068
146.2098   1.66466
146.3436   1.69004
146.4802   1.71124
146.6203   1.73175
146.7603   1.74179
146.8956   1.74345
147.0246   1.73464
147.1487   1.71814
147.2694   1.70094
147.3908   1.68722
147.5142   1.68118
147.6411   1.68213
147.7694   1.68935
>           Pacific Ocean: PACIFIC PLATE, set 08 isochron: 12
159.6482 -57.37701
159.7580 -57.25677
159.8359 -57.19241
159.9346 -57.12379
160.0401 -57.05200
160.1379 -56.98236
160.2219 -56.91411
160.2981 -56.84691
>           Pacific Ocean: PACIFIC PLATE, set 11 isochron: 12
233.9287 -40.40802
233.9473 -40.47006
233.9715 -40.53578
233.9998 -40.60410
234.0302 -40.67392
234.0565 -40.74210
234.0835 -40.81177
234.1083 -40.88295
234.1387 -40.95670
234.1684 -41.03195
234.1982 -41.10657
234.2189 -41.18059
234.2334 -41.24979
234.2485 -41.31580
234.2692 -41.37860
234.2955 -41.44138
>           Pacific Ocean: PACIFIC PLATE, set 11 isochron: 12
227.5511 -34.28427
227.6106 -34.38045
227.6306 -34.45124
227.6562 -34.52081
227.6943 -34.58978
227.7434 -34.65410
227.7891 -34.71780
227.8237 -34.78027
227.8493 -34.84613
227.8790 -34.91251
227.9136 -34.98057
227.9462 -35.04799
227.9710 -35.11192
227.9994 -35.16842
228.0368 -35.21805
>           Pacific Ocean: PACIFIC PLATE, set 11 isochron: 12
223.7301 -24.75215
223.7453 -24.83389
223.7604 -24.90991
223.7756 -24.98019
223.7901 -25.04916
223.8052 -25.11997
223.8190 -25.19518
223.8301 -25.27348
223.8369 -25.35049
223.8424 -25.42175
223.8499 -25.49047
223.8589 -25.56167
223.8692 -25.63596
223.8774 -25.70770
223.8877 -25.77436
223.9001 -25.83784
223.9174 -25.90382
223.9326 -25.97161
223.9436 -26.04253
223.9491 -26.11400
223.9622 -26.18794
223.9822 -26.26184
224.0091 -26.33446
224.0312 -26.40453
224.0492 -26.47142
224.0609 -26.53638
224.0705 -26.60069
224.0795 -26.66496
224.0919 -26.72859
224.1050 -26.79465
224.1230 -26.86380
224.1416 -26.93851
224.1589 -27.01440
224.1685 -27.09522
224.1719 -27.17660
224.1780 -27.26163
224.1904 -27.34599
224.2090 -27.43400
224.2248 -27.51762
224.2413 -27.59869
224.2621 -27.67722
224.2876 -27.75879
224.3056 -27.84153
224.3117 -27.92175
224.3109 -28.00064
224.3150 -28.07764
224.3281 -28.15461
224.3446 -28.23212
224.3570 -28.30957
224.3673 -28.38268
224.3804 -28.44838
224.4164 -28.57044
224.4308 -28.63783
224.4460 -28.71193
224.4667 -28.78965
224.4881 -28.86366
224.5054 -28.93149
224.5213 -28.99439
224.5365 -29.05846
224.5530 -29.12495
224.5675 -29.19443
224.5792 -29.26568
224.5895 -29.34357
224.6033 -29.42748
224.6212 -29.52045
224.6405 -29.61452
224.6570 -29.70550
224.6736 -29.78671
224.6929 -29.85938
224.7178 -29.92534
224.7434 -29.99065
224.7683 -30.05713
224.7924 -30.12839
224.8201 -30.20441
224.8498 -30.28641
224.8816 -30.37134
224.9086 -30.45200
224.9328 -30.52899
224.9521 -30.60289
224.9762 -30.68034
225.0038 -30.75655
225.0370 -30.83329
225.0696 -30.90637
225.1042 -30.97881
225.1367 -31.04759
225.1651 -31.11693
225.1934 -31.18859
225.2203 -31.26141
225.2480 -31.33178
225.2702 -31.39794
>           Pacific Ocean: PACIFIC PLATE, set 11 isochron: 12
224.0451 -22.29240
224.0540 -22.35892
224.0629 -22.42607
224.0739 -22.49704
224.0877 -22.57381
224.1078 -22.65762
224.1312 -22.74587
224.1609 -22.83152
224.1844 -22.91068
224.1983 -22.97885
224.2003 -23.04057
>           Pacific Ocean: PACIFIC PLATE, set 11 isochron: 12
226.8381 -14.27419
226.8657 -14.35069
226.8947 -14.43328
226.9203 -14.52327
226.9410 -14.61659
226.9561 -14.70921
226.9734 -14.79908
226.9962 -14.89229
227.0217 -14.98209
227.0473 -15.06647
227.0653 -15.13934
227.0797 -15.20947
227.0914 -15.28969
227.1052 -15.39410
227.1176 -15.51800
227.1272 -15.64789
227.1340 -15.76089
227.1435 -15.86039
227.1552 -15.94640
227.1697 -16.02969
227.1814 -16.10690
227.1925 -16.17940
227.2035 -16.25654
227.2207 -16.34504
227.2421 -16.44558
227.2690 -16.54942
227.2939 -16.64653
227.3180 -16.74023
227.3353 -16.83187
227.3463 -16.93014
227.3503 -17.03102
227.3537 -17.13185
227.3584 -17.22597
227.3646 -17.32069
227.3693 -17.41136
227.3755 -17.50333
227.3865 -17.58859
227.4009 -17.67049
227.4182 -17.75766
227.4354 -17.85476
227.4505 -17.96577
227.4650 -18.07539
227.4794 -18.19090
227.4980 -18.31162
227.5166 -18.43495
227.5366 -18.53899
227.5580 -18.62443
227.5787 -18.69987
227.5925 -18.78520
227.5986 -18.87643
227.6020 -18.97356
227.6089 -19.04755
227.6330 -19.14658
227.6475 -19.20792
227.6641 -19.28246
227.6813 -19.37016
>           Pacific Ocean: PACIFIC PLATE, set 11 isochron: 12
233.0180  -1.56917
233.0269  -1.69292
233.0435  -1.79850
233.0600  -1.88799
233.0759  -1.97118
233.0835  -2.05366
233.0945  -2.13055
233.1048  -2.20325
233.1186  -2.27805
233.1331  -2.35701
233.1497  -2.44087
233.1663  -2.52264
233.1828  -2.60721
233.2008  -2.69454
233.2222  -2.79237
233.2436  -2.89297
233.2657  -2.99356
233.2850  -3.08507
233.3036  -3.17238
233.3181  -3.25620
233.3313  -3.34277
233.3423  -3.43006
233.3540  -3.52432
233.3664  -3.61855
233.3815  -3.72185
233.3994  -3.83143
233.4173  -3.95355
233.4346  -4.07147
233.4504  -4.17472
233.4718  -4.26751
233.4960  -4.35819
233.5244  -4.46002
233.5493  -4.55974
233.5714  -4.65736
233.5886  -4.74032
233.6024  -4.81631
233.6162  -4.88809
233.6300  -4.96266
233.6487  -5.04071
233.6687  -5.12083
233.6908  -5.20931
233.7081  -5.30473
233.7239  -5.40083
233.7384  -5.48646
233.7543  -5.56236
233.7667  -5.63477
233.7777  -5.70715
233.7908  -5.78091
233.8081  -5.85608
233.8247  -5.93887
233.8350  -6.02998
233.8404  -6.12873
233.8459  -6.22608
233.8562  -6.31994
233.8741  -6.40684
233.8955  -6.49163
233.9156  -6.57156
233.9301  -6.65075
233.9418  -6.73132
233.9570  -6.81885
233.9721  -6.91121
233.9880  -7.00146
233.9983  -7.08406
234.0079  -7.15901
234.0127  -7.23116
234.0175  -7.30679
234.0258  -7.38309
234.0417  -7.46008
234.0610  -7.53012
234.0804  -7.60085
234.0942  -7.67018
234.1073  -7.74294
234.1127  -7.81431
234.1231  -7.89122
234.1334  -7.97572
234.1541  -8.07683
234.1735  -8.18277
234.1928  -8.29144
234.2100  -8.38764
234.2210  -8.47895
234.2286  -8.56126
234.2285  -8.63940
234.2374  -8.71130
234.2512  -8.82949
234.2532  -8.92346
>           Pacific Ocean: PACIFIC PLATE, set 11 isochron: 12
231.3666   8.79905
231.3568   8.68781
231.3476   8.58138
>           Pacific Ocean: PACIFIC PLATE, set 11 isochron: 12
232.6854  16.63930
232.7068  16.49723
232.7260  16.37992
232.7412  16.28536
232.7467  16.20148
232.7473  16.11826
232.7444  16.03970
232.7478  15.96512
232.7533  15.89255
232.7636  15.82194
232.7677  15.75403
232.7696  15.62148
232.7772  15.55146
232.7882  15.47062
232.8006  15.38303
232.8088  15.28259
232.8198  15.18616
232.8329  15.09373
232.8522  15.01273
232.8681  14.93034
232.8784  14.83439
232.8839  14.72626
232.8885  14.60454
232.8954  14.48411
232.8980  14.35822
232.9014  14.24104
232.9054  14.12856
232.9122  14.02821
232.9184  13.93192
232.9225  13.84507
232.9286  13.76225
232.9327  13.68214
232.9396  13.59789
232.9492  13.51432
232.9637  13.43002
232.9823  13.34637
232.9975  13.26336
233.0078  13.18374
233.0119  13.10887
233.0166  13.03396
233.0249  12.95905
233.0324  12.88410
233.0358  12.81322
233.0399  12.74232
233.0482  12.66867
233.0599  12.58748
233.0737  12.50423
233.0867  12.42095
233.1005  12.33764
233.1102  12.25294
233.1170  12.16618
233.1273  12.07937
233.1376  11.99323
233.1459  11.90569
233.1499  11.82155
233.1519  11.73874
233.1609  11.66206
233.1685  11.58880
233.1822  11.51824
233.1933  11.44768
233.2063  11.37434
233.2153  11.30237
233.2242  11.23107
233.2332  11.15906
233.2435  11.07948
233.2539  10.99302
233.2635  10.90585
233.2745  10.82277
233.2855  10.74447
233.2972  10.66820
233.3069  10.59676
233.3158  10.52734
233.3226  10.45790
233.3274  10.38502
233.3308  10.31281
233.3342  10.24265
>           Pacific Ocean: PACIFIC PLATE, set 11 isochron: 12
234.2359  24.85439
234.2427  24.74719
234.2496  24.65520
234.2564  24.57837
234.2584  24.50722
234.2590  24.43539
234.2569  24.36224
234.2637  24.28841
234.2720  24.21583
234.2823  24.14638
234.2857  24.07688
234.2891  24.00478
234.2960  23.92244
234.3077  23.82982
234.3235  23.72817
234.3358  23.62517
234.3447  23.52723
234.3543  23.43177
234.3716  23.34073
234.3916  23.25474
234.4248  23.16294
234.4463  23.16614
>           Pacific Ocean: PACIFIC PLATE, set 11 isochron: 12
214.3100  55.19724
214.3037  55.06268
214.2999  54.99125
214.2871  54.91651
214.2853  54.83839
214.2724  54.75893
214.2630  54.67731
214.2439  54.59919
214.2234  54.52374
214.2016  54.45582
214.1797  54.39024
214.1541  54.25746
214.1454  54.18662
214.1354  54.11325
214.1351  54.03849
214.1403  53.96280
214.1489  53.88574
214.1492  53.80975
214.1433  53.73487
214.1291  53.66317
214.1134  53.59258
214.1014  53.52271
214.0948  53.45229
214.0882  53.38131
214.0803  53.31274
214.0723  53.24614
214.0651  53.18110
214.0544  53.11513
214.0353  53.04866
214.0079  52.98166
213.9743  52.91419
>           Pacific Ocean: PACIFIC PLATE, set 11 isochron: 12
216.7416  56.74894
216.7298  56.62428
216.7156  56.55959
>           Pacific Ocean: PACIFIC PLATE, set 11 isochron: 12
218.9562  58.56379
218.9470  58.41147
218.9360  58.29182
218.9237  58.20477
218.9150  58.13395
218.9077  58.06113
218.9038  57.98817
218.9021  57.91507
218.9010  57.84404
218.8958  57.77396
218.8822  57.70638
218.8639  57.64058
>           Pacific Ocean: PACIFIC PLATE, set 11 isochron: 12
216.3419  51.53133
216.3207  51.46150
216.3037  51.38678
216.2902  51.30807
216.2724  51.22966
216.2569  51.15503
216.2462  51.08291
216.2486  51.00760
216.2559  50.92645
216.2722  50.84032
216.2871  50.75669
216.3041  50.68087
216.3128  50.61330
216.3223  50.54874
216.3241  50.48365
216.3224  50.41713
216.3131  50.35052
216.3073  50.28200
216.3042  50.21209
216.3045  50.14207
216.3056  50.07595
216.3067  50.00932
216.3057  49.93671
216.2998  49.85597
216.2918  49.77416
216.2859  49.69904
216.2836  49.62779
216.2818  49.55598
216.2794  49.47729
216.2784  49.39438
216.2801  49.30772
216.2804  49.22181
216.2801  49.13896
216.2797  49.06144
216.2815  48.98654
216.2777  48.91152
216.2690  48.83683
216.2611  48.76529
216.2595  48.69451
216.2606  48.62225
216.2637  48.54622
216.2697  48.46867
216.2839  48.38545
216.2981  48.29791
216.3074  48.21073
216.3050  48.13366
216.2957  48.06577
>           Pacific Ocean: PACIFIC PLATE, set 11 isochron: 12
219.0410  47.24949
219.0296  47.17278
219.0251  47.09503
219.0276  47.01668
219.0405  46.93826
219.0540  46.86208
219.0711  46.79201
219.0833  46.72757
219.1029  46.60612
219.1052  46.48056
219.1172  46.35470
219.1232  46.28876
219.1292  46.21552
219.1379  46.13781
219.1494  46.05760
219.1608  45.97882
>           Pacific Ocean: PACIFIC PLATE, set 11 isochron: 12
217.9528  44.66796
217.8609  44.61296
217.7648  44.54747
217.6716  44.47441
217.5923  44.40275
217.5276  44.34351
217.4650  44.29216
217.4003  44.24328
217.3390  44.18531
217.2888  44.11827
217.2462  44.04664
217.2065  43.97495
217.1701  43.90566
217.1401  43.83580
217.1100  43.76128
217.0778  43.68164
217.0428  43.59533
217.0099  43.50639
216.9791  43.41476
216.9503  43.32707
216.9300  43.24891
216.9201  43.18079
216.9225  43.05498
216.9285  42.98918
216.9380  42.91919
216.9503  42.84762
216.9625  42.77647
216.9748  42.71037
216.9885  42.64676
217.0207  42.51727
217.0336  42.44725
217.0452  42.37150
217.0553  42.29463
217.0648  42.21769
217.0743  42.14582
217.0859  42.07748
217.1030  42.00854
217.1223  41.93487
217.1393  41.85433
217.1509  41.77320
217.1555  41.69613
217.1573  41.62262
217.1522  41.54694
217.1394  41.46490
217.1177  41.37863
>           Pacific Ocean: PACIFIC PLATE, set 11 isochron: 12
232.3156  33.60369
232.3168  33.51927
232.3186  33.44179
232.3191  33.37067
232.3259  33.30064
232.3284  33.22938
232.3324  33.15747
232.3280  33.08142
232.3257  33.00179
232.3241  32.92034
232.3294  32.83996
232.3375  32.75893
232.3428  32.67253
232.3467  32.58782
232.3528  32.50539
232.3616  32.42286
232.3703  32.33316
232.3742  32.23867
232.3802  32.15120
232.3842  32.07253
232.3868  32.00204
232.3858  31.92916
232.3842  31.85144
232.3854  31.76655
232.3831  31.68218
232.3821  31.59953
232.3771  31.52096
232.3727  31.44471
232.3683  31.37318
232.3681  31.30396
232.3700  31.23589
232.3712  31.16656
232.3690  31.09839
232.3688  31.03078
232.3700  30.95830
232.3781  30.87977
232.3855  30.79459
232.3950  30.71353
232.4010  30.63482
232.4077  30.55964
232.4089  30.48560
232.4143  30.41573
232.4246  30.34882
232.4417  30.27460
232.4547  30.18945
232.4662  30.08852
232.4819  29.98324
232.5003  29.87606
232.5166  29.77420
232.5275  29.67530
232.5404  29.58176
232.5520  29.48995
232.5614  29.39804
232.5667  29.30304
232.5665  29.20916
232.5676  29.10970
232.5666  29.00461
232.5726  28.89331
232.5737  28.79111
232.5769  28.69985
232.5801  28.61644
232.5896  28.53483
232.6019  28.45374
232.6142  28.37752
232.6244  28.30555
232.6305  28.23538
232.6351  28.15837
232.6446  28.07082
232.6596  27.97829
232.6823  27.88875
232.6973  27.80655
232.7068  27.72800
232.7115  27.65870
232.7445  27.54410
232.7698  27.41571
232.7821  27.33998
232.7861  27.25798
232.7949  27.18153
232.8002  27.10318
232.8132  27.02349
232.8220  26.93440
232.8287  26.83652
232.8333  26.73544
232.8316  26.63491
232.8258  26.54367
232.8138  26.47303
232.8088  26.40984
232.8393  26.39540
>           Pacific Ocean: NAZCA PLATE, set 06 isochron: 12
282.6468 -34.31902
282.6855 -34.38470
282.7222 -34.44976
282.7616 -34.51595
282.8017 -34.58263
282.8412 -34.65042
282.8744 -34.71585
282.9042 -34.78065
282.9325 -34.84483
282.9595 -34.90897
283.0134 -35.03193
283.0438 -35.09248
283.0812 -35.15585
283.1193 -35.22316
283.1608 -35.29327
283.2009 -35.36161
283.2376 -35.42761
283.2729 -35.49129
283.3047 -35.55659
283.3414 -35.62073
283.3774 -35.68425
283.4169 -35.74489
283.4514 -35.81114
283.4881 -35.88353
283.5233 -35.96095
283.5573 -36.03268
283.5898 -36.09925
283.6258 -36.16070
283.6715 -36.22154
283.7262 -36.27392
283.7885 -36.32065
283.8516 -36.36283
283.9146 -36.41341
283.9756 -36.47125
284.0449 -36.52909
284.1183 -36.58295
284.1945 -36.63342
284.2659 -36.68718
284.3373 -36.73924
284.4107 -36.78794
284.4870 -36.83491
284.5625 -36.88297
284.6346 -36.93600
284.7018 -36.99457
284.7655 -37.05869
>           Pacific Ocean: NAZCA PLATE, set 06 isochron: 12
275.9314 -28.35700
275.9701 -28.44114
276.0144 -28.52281
276.0608 -28.59767
276.1065 -28.66634
276.1508 -28.73312
276.2027 -28.80721
276.2602 -28.88860
276.3177 -28.97540
276.3661 -29.05786
276.4084 -29.13659
276.4519 -29.20978
276.5011 -29.28232
276.5482 -29.35418
276.5918 -29.41810
276.6735 -29.52453
276.7192 -29.58347
276.7698 -29.65329
276.8141 -29.72974
276.8584 -29.80733
276.9019 -29.88126
276.9525 -29.95814
277.0078 -30.03556
277.0674 -30.11958
277.1276 -30.20834
277.1851 -30.30305
277.2419 -30.39225
277.2931 -30.47057
277.3457 -30.53736
277.3977 -30.60292
277.4565 -30.67082
277.5189 -30.74171
277.5833 -30.81672
277.6470 -30.89587
277.7072 -30.97733
277.7640 -31.05516
277.8201 -31.12156
277.8679 -31.17834
277.9150 -31.23034
277.9572 -31.29300
278.0092 -31.36458
278.0569 -31.44147
278.1006 -31.51532
278.1379 -31.58850
278.1780 -31.66104
278.2203 -31.73235
278.2625 -31.80002
278.3020 -31.86588
278.3456 -31.92931
278.3913 -31.99332
278.4404 -32.05785
278.4847 -32.12587
278.5256 -32.19267
278.5650 -32.25824
278.6065 -32.32200
278.6495 -32.38923
278.6917 -32.45760
278.7353 -32.52827
278.7796 -32.59948
278.8253 -32.67356
278.8703 -32.74875
278.9201 -32.82330
278.9720 -32.89662
279.0267 -32.96870
279.0800 -33.03957
279.1327 -33.10863
279.1812 -33.17644
279.2262 -33.24071
279.2677 -33.30259
279.3058 -33.35860
279.3521 -33.47163
>           Pacific Ocean: NAZCA PLATE, set 06 isochron: 12
274.1252 -13.11971
274.1799 -13.20210
274.2305 -13.27700
274.2686 -13.34506
274.2969 -13.40901
274.3205 -13.47565
274.3481 -13.54432
274.3765 -13.61568
274.4048 -13.68771
274.4346 -13.76175
274.4685 -13.83916
274.5079 -13.92064
274.5543 -14.00954
274.6104 -14.10722
274.6733 -14.21300
274.7377 -14.31602
274.7959 -14.40954
274.8465 -14.48742
274.8901 -14.55783
274.9351 -14.62282
274.9781 -14.68913
275.0224 -14.75204
275.0570 -14.81559
275.0909 -14.88048
275.1262 -14.95210
275.1732 -15.02911
275.2279 -15.10678
275.2778 -15.18643
275.3235 -15.26470
275.3581 -15.34563
275.3962 -15.41911
275.4342 -15.49528
275.4848 -15.57343
275.5388 -15.66300
275.5963 -15.75523
275.6516 -15.84675
275.7105 -15.93419
275.7686 -16.02091
275.8275 -16.11230
275.8787 -16.20700
275.9237 -16.29829
275.9556 -16.36742
275.9957 -16.43584
276.0366 -16.49217
276.0649 -16.54379
276.1182 -16.67174
276.1541 -16.77016
276.1873 -16.86317
276.2150 -16.94478
276.2433 -17.01766
276.2724 -17.08517
276.3022 -17.15065
276.3381 -17.21544
276.3797 -17.28223
276.4205 -17.35098
276.4558 -17.42236
276.4877 -17.49306
276.5244 -17.56506
276.5645 -17.63637
276.6046 -17.71298
276.6483 -17.78358
276.6891 -17.84880
276.7307 -17.90472
276.7666 -17.96990
276.8082 -18.04370
276.8539 -18.12412
276.9010 -18.19721
276.9418 -18.25964
276.9965 -18.34063
277.0298 -18.40101
277.0699 -18.47331
277.1038 -18.52967
277.1336 -18.59196
277.1654 -18.64366
>           Pacific Ocean: ANTARCTICA PLATE, set 01 isochron: 12
221.9329 -64.35596
222.0122 -64.28842
222.0954 -64.22020
>           Pacific Ocean: ANTARCTICA PLATE, set 01 isochron: 12
227.3017 -60.21620
227.3609 -60.14211
227.4185 -60.07205
227.4727 -60.00642
227.5325 -59.94307
227.5964 -59.87750
227.6673 -59.80936
227.7346 -59.73898
227.7992 -59.67055
227.8596 -59.60233
227.9180 -59.53502
227.9826 -59.46619
228.0479 -59.39934
228.1090 -59.33379
228.1582 -59.26991
>           Pacific Ocean: ANTARCTICA PLATE, set 01 isochron: 12
235.0303 -60.05183
235.1193 -59.99448
235.2145 -59.93707
235.3082 -59.87746
235.4089 -59.81772
235.5040 -59.75754
235.6095 -59.69971
235.7081 -59.63931
235.8053 -59.57631
235.8914 -59.50969
235.9775 -59.44257
236.0670 -59.37888
236.1594 -59.31755
236.2559 -59.25824
236.3552 -59.19347
236.4552 -59.12428
236.5572 -59.05571
236.6523 -58.99059
236.7460 -58.93069
236.8321 -58.86636
236.9217 -58.80048
237.0154 -58.73199
237.1140 -58.66405
237.2154 -58.59636
237.3181 -58.52853
237.4202 -58.46275
237.5174 -58.39685
237.6125 -58.32933
237.7167 -58.25992
237.8271 -58.18851
237.9409 -58.12137
238.0415 -58.05887
238.1414 -58.00330
238.2386 -57.94835
238.3379 -57.89554
238.4183 -57.84746
238.4974 -57.79227
238.5786 -57.74554
238.6528 -57.70171
238.7112 -57.65446
238.8084 -57.61914
238.8916 -57.56398
238.9667 -57.50684
239.0695 -57.44402
239.2007 -57.36722
239.3665 -57.27711
>           Pacific Ocean: ANTARCTICA PLATE, set 01 isochron: 12
253.9351 -58.56931
253.9873 -58.49878
254.0381 -58.42450
254.0867 -58.34827
254.1361 -58.27336
254.1792 -58.20120
254.2216 -58.13109
254.2591 -58.06529
254.3363 -57.94252
254.4127 -57.81822
254.4642 -57.75145
254.5254 -57.68083
254.5935 -57.60561
254.6664 -57.53098
254.7400 -57.45584
254.8094 -57.38280
254.8732 -57.30966
>           Pacific Ocean: ANTARCTICA PLATE, set 01 isochron: 12
258.6276 -55.26402
258.5500 -55.34239
258.4722 -55.41829
258.3972 -55.49091
258.3271 -55.56297
258.2611 -55.63649
258.1924 -55.71338
258.1243 -55.79288
258.0548 -55.86754
257.9895 -55.93701
257.9242 -56.00163
257.8582 -56.06735
257.7888 -56.13216
257.7124 -56.19493
257.6388 -56.25487
257.5693 -56.31242
257.5068 -56.36871
257.4450 -56.42416
257.3838 -56.47957
>           Pacific Ocean: ANTARCTICA PLATE, set 01 isochron: 12
258.8535 -52.94632
258.8849 -52.87994
258.9231 -52.81267
258.9760 -52.74107
259.0351 -52.66643
259.0990 -52.58910
259.1615 -52.51631
259.2199 -52.44807
259.2762 -52.38312
259.3283 -52.31721
259.3839 -52.24953
259.4414 -52.18089
>           Pacific Ocean: ANTARCTICA PLATE, set 01 isochron: 12
263.4343 -49.45975
263.3455 -49.61763
263.2737 -49.74156
263.2166 -49.82924
263.1687 -49.90013
263.1165 -49.97223
263.0658 -50.04871
263.0067 -50.12863
262.9546 -50.20532
262.9059 -50.27654
262.8690 -50.34099
262.8245 -50.40356
262.7758 -50.46696
262.7189 -50.53247
262.6695 -50.59875
262.6223 -50.66496
262.5805 -50.72977
262.5388 -50.79535
262.4943 -50.85909
262.4428 -50.92055
262.3830 -50.97844
>           Pacific Ocean: ANTARCTICA PLATE, set 06 isochron: 12
283.4177 -64.61322
283.3498 -64.67271
283.2686 -64.73479
283.1714 -64.79936
283.0603 -64.86383
282.9415 -64.92253
282.8177 -64.97548
>           Pacific Ocean: ANTARCTICA PLATE, set 06 isochron: 12
283.8995 -64.05765
283.8018 -64.11261
283.6874 -64.16689
283.5597 -64.22162
283.4298 -64.27866
283.3060 -64.33801
>           Pacific Ocean: ANTARCTICA PLATE, set 08 isochron: 12
278.6195 -55.81590
278.7435 -55.84689
278.8690 -55.87701
278.9924 -55.90437
279.1124 -55.93094
279.2302 -55.95671
279.3509 -55.98517
279.4722 -56.01363
279.5921 -56.04283
279.7100 -56.07085
279.8285 -56.10002
279.9471 -56.12993
280.0635 -56.16330
280.1772 -56.19858
280.2895 -56.23384
280.4019 -56.26366
280.5156 -56.29112
280.6348 -56.31975
280.7624 -56.35068
280.8955 -56.37964
281.0301 -56.40512
281.1617 -56.43285
281.2962 -56.46637
281.4307 -56.50291
281.5666 -56.53676
281.6970 -56.56479
281.8253 -56.58899
281.9487 -56.61009
282.0680 -56.62776
282.1852 -56.64043
282.3031 -56.64967
282.4252 -56.65660
282.5452 -56.66391
282.6638 -56.67007
282.7803 -56.67778
282.8996 -56.68622
283.0251 -56.69739
283.1541 -56.70889
283.2824 -56.72075
283.4059 -56.73219
>           Pacific Ocean: ANTARCTICA PLATE, set 08 isochron: 12
278.0473 -54.44096
278.1284 -54.49924
>           Pacific Ocean: ANTARCTICA PLATE, set 08 isochron: 12
270.9497 -50.22340
271.0314 -50.27953
271.1118 -50.32983
271.1908 -50.37473
271.2740 -50.41559
>           Pacific Ocean: ANTARCTICA PLATE, set 08 isochron: 12
270.0768 -49.46330
270.1398 -49.50993
270.2091 -49.55696
270.2860 -49.60802
270.3700 -49.66261
>           Pacific Ocean: ANTARCTICA PLATE, set 08 isochron: 12??
274.3193 -51.14990
274.4751 -51.22937
274.5590 -51.27647
274.6456 -51.32916
274.7350 -51.37833
274.8203 -51.42397
274.9056 -51.46349
>           Pacific Ocean: AUSTRALIA PLATE, set 07 isochron: 12
171.9164 -24.31035
172.0585 -24.30636
172.2021 -24.30611
172.3470 -24.30959
>           Pacific Ocean: AUSTRALIA PLATE, set 07 isochron: 12
174.8110 -23.13329
174.6775 -23.25978
174.5403 -23.38103
174.4059 -23.49706
174.2749 -23.61296
174.1524 -23.73703
174.0305 -23.86673
173.9057 -23.98488
173.7747 -24.07622
173.6409 -24.13502
173.5043 -24.17154
173.3829 -24.19399
173.2914 -24.20430
173.2332 -24.20502
>           Pacific Ocean: AUSTRALIA PLATE, set 07 isochron: 12
177.7815 -22.86797
177.8467 -22.98660
177.9086 -23.10516
177.9635 -23.22429
178.0142 -23.34460
178.0553 -23.46481
178.0818 -23.58366
178.0986 -23.70177
178.1029 -23.82236
178.1072 -23.94855
178.1094 -24.07909
178.1116 -24.20886
178.1021 -24.33282
178.0648 -24.44973
177.9984 -24.56152
177.9056 -24.67198
177.8038 -24.78613
177.7040 -24.90647
177.6264 -25.03298
177.5883 -25.16244
177.5877 -25.29359
177.6045 -25.42271
177.6130 -25.54980
177.6083 -25.67426
177.6029 -25.79859
177.6127 -25.92402
177.6502 -26.05240
177.7085 -26.18373
177.7780 -26.31427
177.8476 -26.44223
>           Pacific Ocean: AUSTRALIA PLATE, set 07 isochron: 12??
172.4341 -24.01173
172.5624 -24.04213
172.6963 -24.06738
172.8398 -24.08623
172.9904 -24.09231
173.1457 -24.09066
>           Pacific Ocean: AUSTRALIA PLATE, set 09 isochron: 12
178.2283 -20.37038
178.1709 -20.49198
178.1177 -20.61809
178.0679 -20.74866
178.0160 -20.87977
177.9662 -21.01076
177.9226 -21.14554
177.8860 -21.28608
>           Pacific Ocean: AUSTRALIA PLATE, set 09 isochron: 12
180.7934 -20.30679
180.7055 -20.44875
180.6225 -20.58997
180.5449 -20.73039
180.4715 -20.87067
180.4017 -21.00758
180.3373 -21.13719
180.2763 -21.26214
180.2113 -21.38633
180.1393 -21.51367
180.0680 -21.64089
180.0022 -21.76675
>           North Atlantic Ocean: NORTH AMERICA PLATE, set 03 isochron: 12
332.8170  65.71848
332.6764  65.65927
332.5445  65.59907
332.4216  65.53639
332.3140  65.47128
332.2086  65.40340
332.0961  65.33420
331.9704  65.26569
331.8336  65.19933
331.7010  65.13425
331.5719  65.06632
331.4504  64.99474
331.3324  64.92179
331.2235  64.85220
331.1173  64.78720
331.0062  64.72380
330.8791  64.65667
330.7430  64.58186
330.6090  64.50204
330.4869  64.42353
330.3802  64.34962
330.2838  64.28036
330.1970  64.21275
330.1061  64.14743
330.0054  64.08041
329.8915  64.00922
329.7735  63.92987
329.6548  63.84726
329.5389  63.76720
329.4265  63.69371
329.3155  63.62342
329.2072  63.54982
329.1031  63.47197
329.0116  63.39240
328.9242  63.31731
328.8312  63.24645
328.7236  63.17883
328.6063  63.11009
328.4883  63.04181
328.3758  62.97305
328.2704  62.90575
328.1697  62.83764
328.0760  62.77064
327.9838  62.70416
327.8886  62.63752
327.7796  62.56684
327.6580  62.48987
327.5338  62.40850
327.4117  62.32758
327.3042  62.25034
327.1980  62.17974
327.0945  62.11324
326.9849  62.05213
326.8794  61.99054
326.7766  61.92718
326.6683  61.85877
326.5530  61.78725
326.4364  61.71620
326.3302  61.64633
326.2359  61.57829
326.1457  61.50945
326.0589  61.44078
325.9639  61.37198
325.8625  61.30369
325.7514  61.23522
325.6333  61.16425
325.5230  61.09075
325.4112  61.01235
325.3162  60.93444
325.2169  60.85873
325.1344  60.78967
325.0526  60.71941
324.9797  60.64626
324.9041  60.56919
324.8327  60.49781
324.7655  60.43212
324.7025  60.37115
>           North Atlantic Ocean: EURASIA PLATE, set 09 isochron: 12
341.0385  62.57277
340.9599  62.50903
340.8731  62.44388
340.7863  62.37729
340.7087  62.31219
340.6428  62.24693
340.5762  62.18122
340.4943  62.11473
340.3957  62.04907
340.2860  61.98486
340.1833  61.92249
340.0882  61.86032
339.9923  61.79737
339.8889  61.73232
339.7729  61.66680
339.6563  61.60179
339.5369  61.53896
339.4182  61.47501
339.2875  61.41058
339.1424  61.34472
338.9910  61.28200
338.8389  61.22186
338.6952  61.16260
338.5500  61.10730
338.4112  61.05460
338.2751  61.00856
338.1438  60.95974
338.0083  60.91189
337.8645  60.85751
337.7220  60.80162
337.5909  60.73782
337.4826  60.67184
337.3875  60.60200
337.3000  60.52996
337.2161  60.45535
337.1349  60.38057
337.0503  60.31050
336.9531  60.24509
336.8538  60.18302
336.7685  60.12220
336.7021  60.06200
>           South Atlantic Ocean: SOUTH AMERICA PLATE, set 02 isochron: 12
349.4616 -55.83398
349.4477 -55.92447
349.4308 -56.00397
349.4103 -56.07133
349.3407 -56.19456
349.2980 -56.25859
349.2573 -56.32326
349.2173 -56.38705
349.1772 -56.44925
>           South Atlantic Ocean: SOUTH AMERICA PLATE, set 02 isochron: 12
337.9290 -58.47659
337.8535 -58.56078
337.7875 -58.64258
337.7249 -58.72060
337.6596 -58.80098
337.5742 -58.88129
337.4746 -58.96297
>           South Atlantic Ocean: AFRICA PLATE, set 02 isochron: 12
  6.0682 -51.71288
  6.1584 -51.77480
  6.2416 -51.82683
  6.3953 -51.91014
  6.4715 -51.95775
  6.5465 -52.01175
>           South Atlantic Ocean: ANTARCTICA PLATE, set 03 isochron: 12
350.5817 -59.20280
350.4808 -59.29813
350.3801 -59.38124
350.2764 -59.45079
350.1782 -59.51375
350.0896 -59.57584
350.0142 -59.63849
>           South Atlantic Ocean: ANTARCTICA PLATE, set 03 isochron: 12
344.1400 -61.29153
343.9923 -61.39380
343.8729 -61.48309
343.7823 -61.55948
>           South Atlantic Ocean: ANTARCTICA PLATE, set 03 isochron: 12
331.9881 -63.15900
331.7774 -63.19641
331.5976 -63.23007
331.4489 -63.26071
331.3168 -63.28815
331.1853 -63.31458
>           South Atlantic Ocean: ANTARCTICA PLATE, set 03 isochron: 12
329.5107 -63.26852
329.2494 -63.33475
329.0315 -63.38240
328.8575 -63.41168
>           South Atlantic Ocean: ANTARCTICA PLATE, set 03 isochron: 12
323.7821 -64.19542
323.6090 -64.26506
323.4437 -64.33264
323.2863 -64.39822
>           South Atlantic Ocean: ANTARCTICA PLATE, set 03 isochron: 12
321.3517 -64.47383
321.0384 -64.53191
320.7802 -64.57800
320.5765 -64.60831
320.3993 -64.62991
320.2220 -64.64821
320.0489 -64.66795
319.8834 -64.68645
319.7262 -64.70462
319.5773 -64.72183
319.4332 -64.73927
>           Indian Ocean: AFRICA PLATE, set 03 isochron: 12
 37.7704 -42.37477
 37.9513 -42.36551
 38.1321 -42.35402
 38.3129 -42.34032
>           Indian Ocean: ANTARCTICA PLATE, set 04 isochron: 12
  2.0236 -55.68155
  2.1136 -55.72577
  2.2957 -55.80504
  2.3872 -55.84790
  2.4795 -55.89581
  2.5767 -55.94244
>           Indian Ocean: ANTARCTICA PLATE, set 04 isochron: 12
  3.0196 -55.91563
  3.1556 -55.98195
  3.2758 -56.04156
  3.3765 -56.09654
  3.4716 -56.14995
  3.5669 -56.20634
>           Indian Ocean: ANTARCTICA PLATE, set 05 isochron: 12
111.9990 -58.23944
112.2237 -58.25017
112.4593 -58.26955
112.7060 -58.29837
112.9576 -58.32497
113.2031 -58.34824
113.4438 -58.36496
113.6796 -58.38237
113.9181 -58.39943
114.1581 -58.41724
114.4015 -58.43246
114.6430 -58.44408
114.8837 -58.45277
115.1203 -58.46216
115.3548 -58.47189
115.5858 -58.48599
115.8202 -58.49974
116.0588 -58.51640
116.2993 -58.53484
116.5384 -58.55975
116.7527 -58.58202
116.9429 -58.59879
117.1034 -58.60713
117.2577 -58.61436
>           Indian Ocean: ANTARCTICA PLATE, set 05 isochron: 12
117.8576 -57.88652
118.1323 -57.91908
118.3977 -57.94540
118.6495 -57.96533
118.8944 -57.97858
119.1414 -57.99152
119.4016 -58.00343
119.6673 -58.01865
119.9287 -58.03452
120.1784 -58.05180
120.4227 -58.06650
120.6683 -58.08046
120.9132 -58.09404
121.1561 -58.10686
121.3976 -58.11787
121.6434 -58.12598
121.8989 -58.13304
122.1572 -58.13791
122.4114 -58.14050
122.6559 -58.14490
122.8988 -58.15077
123.1480 -58.16219
123.4034 -58.17216
123.6608 -58.18468
123.9133 -58.19643
124.1617 -58.20998
124.4045 -58.22533
124.6431 -58.24283
124.8738 -58.26683
125.1019 -58.28899
125.3357 -58.31013
125.5799 -58.32291
125.8284 -58.33386
126.0576 -58.34065
126.2522 -58.34537
126.3997 -58.34764
126.5740 -58.35663
126.7432 -58.35402
126.8790 -58.35481
126.9917 -58.36093
127.1303 -58.36215
127.3003 -58.35234
127.4590 -58.34940
127.6655 -58.34744
127.8969 -58.34665
128.1241 -58.34799
128.3514 -58.34755
128.5842 -58.34715
128.8372 -58.34474
129.1079 -58.34897
129.3883 -58.35393
129.6529 -58.36090
129.9002 -58.36343
130.1336 -58.36447
130.3683 -58.36914
130.6063 -58.38042
130.8476 -58.39822
131.0884 -58.41238
131.3300 -58.42258
131.5722 -58.43059
131.8171 -58.44293
132.0599 -58.45892
132.3048 -58.47382
132.5534 -58.48331
132.8041 -58.48627
133.0486 -58.48914
133.2848 -58.49089
133.5183 -58.49303
133.7567 -58.48941
134.0027 -58.48727
134.2542 -58.48770
134.5027 -58.49352
134.7458 -58.49675
134.9795 -58.49416
135.2104 -58.48647
135.4370 -58.48309
135.6663 -58.48305
135.8950 -58.48224
136.1268 -58.47055
136.3593 -58.45528
136.5951 -58.44217
136.8317 -58.44720
137.0667 -58.46494
137.2975 -58.49243
137.5255 -58.51553
137.7524 -58.53467
137.9813 -58.54980
138.2139 -58.56097
138.4527 -58.57002
138.6944 -58.57399
138.9348 -58.57578
139.1725 -58.57431
139.4095 -58.57355
139.6470 -58.57605
139.8817 -58.58282
140.1129 -58.59265
>           Indian Ocean: ANTARCTICA PLATE, set 05 isochron: 12
170.8543 -68.71750
171.0975 -68.57361
171.3453 -68.43523
171.5979 -68.30347
171.8546 -68.17690
172.1090 -68.05374
172.3584 -67.93246
172.5919 -67.81123
172.8080 -67.68851
173.0153 -67.56433
173.2255 -67.43901
173.4515 -67.31609
173.6894 -67.19933
173.9357 -67.08879
>           Indian Ocean: ANTARCTICA PLATE, set 05 isochron: 12
174.4793 -66.49631
174.6721 -66.35744
174.8758 -66.22122
175.1025 -66.09123
175.3602 -65.96750
175.6377 -65.85028
175.9204 -65.73360
176.1978 -65.61555
>           Indian Ocean: AUSTRALIA PLATE, set 02 isochron: 12
108.7727 -39.40701
108.9395 -39.46687
109.1133 -39.53091
109.2927 -39.59598
109.4673 -39.65613
109.6343 -39.70978
109.7944 -39.75856
109.9511 -39.80728
110.1050 -39.85384
110.2589 -39.90250
110.4149 -39.95271
110.5743 -40.00664
110.7323 -40.05891
110.8876 -40.10423
111.0397 -40.14250
>           Indian Ocean: AUSTRALIA PLATE, set 02 isochron: 12
121.8731 -40.07475
122.0374 -40.11385
122.2005 -40.14221
122.3609 -40.16148
122.5193 -40.17700
122.6755 -40.19772
>           Indian Ocean: AUSTRALIA PLATE, set 02 isochron: 12
123.3371 -39.87605
123.4986 -39.90588
123.6605 -39.92332
123.8205 -39.92688
123.9779 -39.92026
124.1339 -39.91629
124.2939 -39.91718
124.4628 -39.92296
124.6374 -39.92503
124.8099 -39.92706
124.9726 -39.93060
125.1283 -39.93997
125.2812 -39.95093
125.4369 -39.96349
125.5947 -39.97287
125.7554 -39.97803
125.9146 -39.98367
126.0746 -39.98776
126.2340 -39.98862
126.3991 -39.97890
126.5689 -39.97243
126.7456 -39.97026
126.9228 -39.97926
127.0971 -39.99358
127.2699 -40.01534
127.4413 -40.03761
127.6129 -40.05243
127.7790 -40.06236
127.9417 -40.07004
>           Indian Ocean: AUSTRALIA PLATE, set 02 isochron: 12
128.3814 -40.24606
128.5470 -40.24979
128.7271 -40.25249
128.9238 -40.25160
129.1290 -40.25020
129.3293 -40.24557
129.5219 -40.24355
129.7096 -40.24252
129.8926 -40.24147
130.0694 -40.23557
130.2413 -40.22910
130.4125 -40.22371
130.5864 -40.22153
130.7611 -40.21880
130.9371 -40.21664
131.1096 -40.21443
131.2766 -40.21266
131.4374 -40.21075
>           Indian Ocean: AUSTRALIA PLATE, set 02 isochron: 12
131.9131 -40.46771
132.1373 -40.44659
132.3369 -40.43825
132.5108 -40.43816
132.6757 -40.44119
132.8406 -40.43893
133.0103 -40.43831
133.1801 -40.43610
133.3548 -40.43340
133.5315 -40.43071
133.7101 -40.43544
133.8881 -40.44229
134.0667 -40.45128
134.2509 -40.45872
134.4411 -40.47203
134.6279 -40.48579
134.8058 -40.50053
134.9760 -40.51471
135.1482 -40.52997
135.3239 -40.54683
135.4968 -40.56311
135.6655 -40.58252
135.8293 -40.60400
135.9937 -40.63130
136.1567 -40.65909
136.3225 -40.68637
136.4926 -40.70844
136.6675 -40.72998
136.8438 -40.75153
137.0145 -40.77776
137.1823 -40.80920
137.3472 -40.84378
137.5144 -40.87573
137.6810 -40.89818
137.8477 -40.91316
>           Indian Ocean: AUSTRALIA PLATE, set 02 isochron: 12
151.1227 -54.23204
151.3543 -54.17776
151.5808 -54.12321
151.8009 -54.06851
152.0195 -54.02069
152.2381 -53.97360
152.4602 -53.92691
152.6866 -53.87447
152.9135 -53.82483
153.1354 -53.77998
153.3531 -53.74373
153.5695 -53.70410
153.7915 -53.66164
154.0220 -53.60930
154.2566 -53.56145
154.4959 -53.51236
154.7206 -53.47255
154.9201 -53.43498
155.0711 -53.40573
155.1824 -53.37996
155.3120 -53.34727
155.4309 -53.32735
155.5395 -53.30197
155.6606 -53.27707
155.7923 -53.24559
155.9531 -53.21056
156.1159 -53.17923
156.2711 -53.14659
156.3953 -53.10995
156.4977 -53.08530
156.6579 -53.05312
156.8605 -53.01115
157.0838 -52.96967
157.3044 -52.92517
157.5229 -52.88101
157.7354 -52.82925
157.9492 -52.77911
158.1622 -52.73018
158.3760 -52.68202
158.5828 -52.63164
158.7813 -52.58028
158.9734 -52.53082
>           Indian Ocean: AUSTRALIA PLATE, set 02 isochron: 12
161.5585 -49.68646
161.7348 -49.60278
>           Indian Ocean: AUSTRALIA PLATE, set 02 isochron: 12
111.4231 -39.40765
111.5880 -39.44133
111.7495 -39.47600
111.9083 -39.51283
112.0670 -39.55177
112.2272 -39.59502
112.3867 -39.63821
112.5462 -39.67119
112.7049 -39.69391
112.8635 -39.71179
113.0193 -39.73289
113.1745 -39.75401
113.3297 -39.77191
113.4897 -39.78763
113.6517 -39.79955
113.8145 -39.80878
113.9521 -39.81219
114.0495 -39.81801
114.1288 -39.82932
114.2011 -39.82782
114.2846 -39.84396
114.4161 -39.86739
114.5427 -39.88441
114.6958 -39.90016
114.8627 -39.91684
115.0262 -39.94052
115.1891 -39.97331
115.3555 -40.01143
115.5302 -40.05164
115.7113 -40.08749
115.8909 -40.11368
116.0592 -40.12604
116.2198 -40.13202
116.3783 -40.14017
116.5411 -40.15631
116.7060 -40.17616
116.8695 -40.19922
117.0288 -40.22231
117.1833 -40.24376
117.3350 -40.26143
>           Indian Ocean: AUSTRALIA PLATE, set 02 isochron: 12??
119.8113 -40.06104
119.9882 -40.08372
120.1569 -40.10625
120.3187 -40.12660
120.4757 -40.14374
120.6340 -40.15823
120.7916 -40.17644
120.9499 -40.19781
121.1061 -40.22501
121.2610 -40.25368
