>           Pacific Ocean: PACIFIC PLATE, set 06 isochron: 16
210.1157 -50.18350
210.1949 -50.12865
210.2657 -50.07106
>           Pacific Ocean: PACIFIC PLATE, set 06 isochron: 16
224.3858 -50.70819
224.4171 -50.63269
>           Pacific Ocean: PACIFIC PLATE, set 06 isochron: 16
226.8672 -47.91452
226.9250 -47.82333
226.9833 -47.73862
227.0431 -47.66176
227.0972 -47.59041
227.1486 -47.51990
227.1945 -47.45117
227.2382 -47.38234
227.2785 -47.31485
227.3189 -47.24348
227.3564 -47.16869
227.4016 -47.08430
227.4523 -46.99644
227.5155 -46.90898
227.5794 -46.83139
227.6412 -46.76035
227.6995 -46.69495
227.7523 -46.63377
227.8162 -46.57108
227.8780 -46.50302
227.9482 -46.42722
228.0093 -46.35371
228.0822 -46.28302
228.1612 -46.21513
>           Pacific Ocean: PACIFIC PLATE, set 11 isochron: 16
230.5780 -39.40987
230.6285 -39.48521
230.6762 -39.56265
230.7260 -39.64645
230.7807 -39.73979
230.8408 -39.83838
230.8997 -39.93257
230.9530 -40.01541
231.0001 -40.08855
231.0465 -40.15892
231.0942 -40.23082
231.1461 -40.30107
231.1946 -40.36697
231.2403 -40.42964
231.2819 -40.49226
>           Pacific Ocean: PACIFIC PLATE, set 11 isochron: 16
210.4932  52.01146
210.4758  51.95114
210.4608  51.89043
>           Pacific Ocean: PACIFIC PLATE, set 11 isochron: 16
215.0486  47.11063
215.0275  47.03515
215.0112  46.96387
215.0012  46.89345
214.9975  46.82054
214.9951  46.74181
214.9926  46.66249
214.9895  46.58113
214.9864  46.49822
214.9826  46.41328
214.9718  46.33057
214.9583  46.25114
214.9428  46.17353
214.9300  46.09532
214.9186  46.01747
214.9085  45.93757
214.9033  45.85461
214.8995  45.77256
214.9013  45.69281
214.9045  45.61632
214.9153  45.53926
214.9268  45.46648
214.9404  45.39753
214.9498  45.32996
214.9593  45.25983
214.9660  45.18869
214.9712  45.11741
214.9702  45.04557
214.9678  44.96918
214.9627  44.89124
214.9610  44.81120
214.9586  44.73401
214.9576  44.65779
>           Pacific Ocean: PACIFIC PLATE, set 11 isochron: 16
212.5336  43.43682
212.5507  43.37342
212.5721  43.30692
212.5933  43.23730
212.6181  43.16658
212.6415  43.09938
212.6683  43.03360
212.6966  42.96878
212.7248  42.90031
212.7461  42.83123
212.7555  42.76110
212.7574  42.69344
212.7607  42.62725
212.7577  42.56150
212.7512  42.49517
212.7316  42.42879
212.7216  42.36027
212.7068  42.28652
212.6982  42.20592
212.6771  42.12529
212.6602  42.04295
212.6523  41.95947
212.6667  41.86964
212.6969  41.77761
>           Pacific Ocean: PACIFIC PLATE, set 11 isochron: 16
229.1570  38.48692
229.1971  38.42453
229.2337  38.36375
229.2745  38.30567
229.3090  38.24592
229.3456  38.18168
229.3745  38.10862
229.4013  38.02945
229.4233  37.94855
229.4424  37.87308
229.4637  37.80361
229.4865  37.73902
229.5113  37.67493
229.5354  37.61081
>           Pacific Ocean: PACIFIC PLATE, set 11 isochron: 16
226.2798  25.87234
226.3302  25.75898
226.3653  25.67458
226.3929  25.59831
226.4039  25.57748
>           Pacific Ocean: PACIFIC PLATE, set 11 isochron: 16
228.0391  32.05552
228.0548  31.95594
228.0635  31.86403
228.0640  31.78093
228.0596  31.70192
228.0559  31.62582
228.0564  31.54905
228.0597  31.47221
228.0643  31.39172
228.0689  31.31000
228.0750  31.22519
228.0824  31.14570
228.0884  31.07396
228.0924  31.01052
>           Pacific Ocean: PACIFIC PLATE, set 11 isochron: 16??
227.6491   3.98438
227.6656   3.90622
227.6815   3.82526
227.7002   3.74081
227.7202   3.65214
227.7451   3.55650
227.7713   3.45316
227.8010   3.35122
227.8252   3.25552
227.8439   3.16753
227.8584   3.08092
227.8798   2.99571
227.9026   2.91326
227.9268   2.83571
227.9462   2.75886
227.9703   2.67919
227.9973   2.59532
>           Pacific Ocean: PACIFIC PLATE, set 11 isochron: 16??
212.8050  51.29432
212.7853  51.22850
212.7669  51.16043
212.7569  51.08918
212.7503  51.01608
212.7521  50.94548
212.7543  50.80926
212.7519  50.73790
212.7418  50.66293
212.7283  50.58427
212.7119  50.49972
212.7033  50.41371
212.7008  50.33020
212.6991  50.25191
212.6981  50.17437
212.6970  50.09577
212.6974  50.01753
212.6964  49.94183
212.6926  49.86874
212.6937  49.79866
212.6913  49.73027
212.6896  49.66134
212.6803  49.58868
212.6737  49.51413
212.6671  49.44082
212.6640  49.36830
212.6589  49.29248
212.6537  49.21247
212.6436  49.13233
212.6321  49.05708
212.6166  48.98677
212.6011  48.91911
>           Pacific Ocean: NAZCA PLATE, set 06 isochron: 16
286.1494 -33.45687
286.1791 -33.53194
286.2178 -33.61392
286.2628 -33.70167
286.3126 -33.78757
286.3555 -33.86530
286.3929 -33.93600
286.4254 -34.00430
286.4614 -34.07140
286.5008 -34.13789
286.5431 -34.19853
286.5818 -34.25684
286.6241 -34.30992
286.7002 -34.42114
286.7598 -34.53509
>           Pacific Ocean: NAZCA PLATE, set 06 isochron: 16
279.2459 -28.23294
279.2936 -28.30613
279.3324 -28.38296
279.3642 -28.45851
279.3988 -28.53218
279.4389 -28.60030
279.4839 -28.66896
279.5290 -28.73635
279.5747 -28.80615
279.6204 -28.87592
279.6674 -28.94685
279.7152 -29.01407
279.7595 -29.08003
279.8024 -29.14776
279.8405 -29.21971
279.8834 -29.29465
279.9277 -29.36774
279.9824 -29.43894
280.0357 -29.50706
280.0870 -29.57271
280.1306 -29.63589
>           Pacific Ocean: ANTARCTICA PLATE, set 01 isochron: 16
229.7728 -60.83382
229.8147 -60.76859
229.8717 -60.70294
229.9433 -60.63550
230.0281 -60.56689
230.1072 -60.49846
230.1870 -60.43265
230.2641 -60.36598
230.3566 -60.29126
230.4581 -60.20844
230.5671 -60.12195
230.6614 -60.04286
230.7461 -59.97057
230.8225 -59.90331
230.9037 -59.83665
230.9854 -59.77023
>           Pacific Ocean: ANTARCTICA PLATE, set 01 isochron: 16
236.5400 -60.73334
236.6716 -60.66052
236.8076 -60.59303
236.9450 -60.53465
237.0727 -60.48195
237.1920 -60.43190
237.3066 -60.37488
237.4254 -60.31122
237.5497 -60.23917
237.6781 -60.16661
237.8099 -60.09740
237.9362 -60.03740
238.0597 -59.98634
238.1735 -59.93726
238.2867 -59.88426
238.3998 -59.82596
238.5136 -59.76651
238.6233 -59.70799
238.7281 -59.65184
238.8371 -59.59700
238.9509 -59.54703
239.0661 -59.49802
239.1814 -59.45073
239.2924 -59.39694
239.3951 -59.33810
239.4854 -59.27383
239.5631 -59.20836
239.6354 -59.14134
239.7077 -59.07063
239.7897 -58.99725
239.8779 -58.92265
239.9646 -58.85007
240.0396 -58.77946
240.1132 -58.70761
240.1855 -58.63383
240.2695 -58.55661
240.3549 -58.48293
240.4451 -58.41232
240.5326 -58.34703
240.6146 -58.28311
240.6923 -58.22162
240.7639 -58.16040
240.8403 -58.09721
240.9188 -58.03098
241.0021 -57.96165
241.0749 -57.89331
241.1457 -57.82596
241.2075 -57.76144
241.2721 -57.69795
241.3324 -57.63548
>           Pacific Ocean: ANTARCTICA PLATE, set 01 isochron: 16
256.5876 -59.01863
256.6280 -58.95369
256.6802 -58.88472
256.7302 -58.81346
256.7823 -58.74277
256.8191 -58.67773
256.8629 -58.61546
256.9088 -58.55418
256.9637 -58.49060
257.0186 -58.42656
257.0700 -58.36165
257.1158 -58.29735
257.1624 -58.23111
257.2160 -58.16290
257.2813 -58.08942
257.3529 -58.01360
257.4251 -57.93796
257.4952 -57.86624
257.5591 -57.79662
257.6237 -57.72536
257.6881 -57.65141
>           Pacific Ocean: ANTARCTICA PLATE, set 01 isochron: 16
260.5182 -55.99739
260.4495 -56.05687
>           Pacific Ocean: ANTARCTICA PLATE, set 01 isochron: 16
260.8371 -53.71124
260.8907 -53.64606
260.9505 -53.58125
261.0130 -53.51590
261.0734 -53.44881
261.1284 -53.37994
261.1826 -53.31139
261.2347 -53.24353
261.2840 -53.17642
261.3306 -53.10669
261.3841 -53.03603
261.4432 -52.96355
261.5029 -52.89095
261.5551 -52.81569
261.6072 -52.73738
261.6656 -52.65724
261.7315 -52.57657
>           Pacific Ocean: ANTARCTICA PLATE, set 01 isochron: 16
266.4685 -49.12627
266.4275 -49.19540
266.3941 -49.26402
266.3628 -49.33304
266.3315 -49.40057
266.2898 -49.46802
266.2446 -49.53491
266.1945 -49.60037
266.1494 -49.66391
266.1049 -49.72379
266.0145 -49.84108
265.9679 -49.90163
265.9234 -49.96344
265.8838 -50.02383
265.8441 -50.08549
265.7983 -50.14977
265.7434 -50.21793
265.6871 -50.28867
265.6377 -50.36064
265.5974 -50.43427
265.5619 -50.50427
265.5243 -50.57062
265.4847 -50.63248
265.4416 -50.69379
265.4026 -50.75282
265.3671 -50.81004
>           Pacific Ocean: ANTARCTICA PLATE, set 08 isochron: 16
273.5875 -52.12155
273.6955 -52.16563
273.8016 -52.20834
273.9063 -52.24721
274.0118 -52.28302
>           Pacific Ocean: ANTARCTICA PLATE, set 08 isochron: 16
267.9977 -49.80724
268.0953 -49.86880
268.1973 -49.92851
>           Pacific Ocean: ANTARCTICA PLATE, set 08 isochron: 16??
276.9107 -54.75609
277.0076 -54.81311
277.0984 -54.87363
277.1856 -54.93765
277.2695 -55.00478
277.3512 -55.07101
277.4233 -55.13593
277.4898 -55.19955
277.5529 -55.26270
>           North Atlantic Ocean: NORTH AMERICA PLATE, set 03 isochron: 16
329.8970  65.10323
329.8156  65.02904
329.7211  64.95233
329.6205  64.87484
329.5228  64.80159
329.4333  64.73020
329.3452  64.65803
329.2647  64.58356
329.1891  64.51071
329.1254  64.44279
329.0644  64.37743
328.9999  64.31128
328.9214  64.23951
328.8270  64.16145
328.7271  64.07951
328.6258  63.99860
328.5266  63.92204
328.4351  63.85017
328.3505  63.77967
328.2742  63.71054
328.1964  63.63999
328.1125  63.56990
328.0223  63.49931
327.9300  63.42946
327.8404  63.35474
327.7432  63.27136
327.6272  63.17863
327.4890  63.08372
327.3426  62.99198
327.2060  62.90691
327.0881  62.82700
326.9847  62.75040
326.8840  62.67490
326.7737  62.59955
326.6612  62.52362
326.5502  62.44753
326.4538  62.37255
326.3602  62.30128
326.2713  62.23275
326.1777  62.16635
326.0840  62.10110
325.9798  62.03505
325.8693  61.96687
325.7485  61.89429
325.6249  61.82187
325.4986  61.74792
325.3758  61.67347
325.2640  61.59616
325.1641  61.52104
325.0746  61.45075
324.9881  61.38534
