>           Pacific Ocean: PACIFIC PLATE, set 06 isochron: 10
228.6921 -51.74359
228.7983 -51.64261
>           Pacific Ocean: PACIFIC PLATE, set 06 isochron: 10
230.8759 -47.10397
230.9822 -46.93298
>           Pacific Ocean: PACIFIC PLATE, set 07 isochron: 10
140.1091   4.27725
140.2527   4.30330
140.3920   4.32654
140.5272   4.34698
>           Pacific Ocean: PACIFIC PLATE, set 07 isochron: 10
138.4749   3.30885
138.6039   3.33769
138.7321   3.36302
138.8618   3.38348
138.9949   3.41091
139.1315   3.44532
139.2701   3.49157
139.4088   3.54339
139.5481   3.59938
>           Pacific Ocean: PACIFIC PLATE, set 07 isochron: 10
144.9648   4.16153
145.1763   4.18285
145.3593   4.20757
145.5146   4.23640
145.6533   4.26730
145.7899   4.29541
145.9230   4.31585
146.0555   4.33421
146.1886   4.34978
146.3273   4.36954
146.4729   4.38653
146.6233   4.40631
146.7738   4.42747
146.9173   4.45559
147.0573   4.48579
147.1911   4.51805
147.3236   4.55032
147.4498   4.58186
147.5732   4.61131
>           Pacific Ocean: PACIFIC PLATE, set 07 isochron: 10
145.1469   2.93941
145.3182   2.97810
145.4770   3.00490
145.6268   3.01983
145.7744   3.03406
145.9235   3.05177
146.0664   3.07365
146.2023   3.09692
146.3312   3.12157
146.4574   3.15108
146.5828   3.18478
146.7097   3.22684
146.8449   3.26892
146.9898   3.31101
147.1437   3.34337
147.2928   3.36944
147.4328   3.38991
147.5618   3.41316
147.6866   3.43987
>           Pacific Ocean: PACIFIC PLATE, set 11 isochron: 10
235.4901 -39.75627
235.4990 -39.83868
235.5190 -39.91519
235.5501 -39.98418
235.5826 -40.04770
235.6185 -40.17673
235.6302 -40.24803
235.6475 -40.32196
235.6703 -40.39479
>           Pacific Ocean: PACIFIC PLATE, set 11 isochron: 10
228.8328 -32.74117
228.8479 -32.80978
228.8665 -32.87836
228.8900 -32.94981
228.9211 -33.02238
228.9522 -33.09549
228.9855 -33.16502
229.0131 -33.23334
229.0422 -33.30101
229.0691 -33.36979
229.0995 -33.44550
229.1355 -33.53045
229.1742 -33.62750
229.2143 -33.72332
229.2482 -33.81266
229.2876 -33.88628
229.3264 -33.95171
229.3700 -34.01535
229.4018 -34.08644
229.4336 -34.16612
229.4605 -34.25150
229.4923 -34.33566
229.5234 -34.41570
229.5553 -34.48705
229.5829 -34.55372
229.6058 -34.61575
229.6499 -34.74196
229.6769 -34.80843
229.7046 -34.87485
229.7295 -34.94065
229.7516 -35.00581
229.7757 -35.07433
229.8055 -35.14568
229.8408 -35.21925
>           Pacific Ocean: PACIFIC PLATE, set 11 isochron: 10
225.9668 -28.32185
225.9791 -28.45139
225.9929 -28.52314
226.0081 -28.60037
226.0239 -28.67757
226.0426 -28.75471
226.0633 -28.83055
226.0867 -28.90759
226.1109 -28.98331
226.1407 -29.05841
226.1690 -29.12917
226.1987 -29.20048
226.2222 -29.27296
226.2471 -29.34721
226.2678 -29.42019
226.2941 -29.49737
226.3224 -29.58238
226.3569 -29.67520
226.3839 -29.76311
226.4046 -29.84245
226.4212 -29.91386
226.4419 -29.98643
226.4689 -30.06557
226.4951 -30.15613
226.5269 -30.25803
226.5559 -30.36408
226.5863 -30.46040
226.6070 -30.54280
226.6257 -30.61729
226.6443 -30.69413
226.6684 -30.77750
226.7002 -30.86800
226.7376 -30.96385
>           Pacific Ocean: PACIFIC PLATE, set 11 isochron: 10
226.1092 -24.03292
226.1195 -24.13040
226.1243 -24.22085
226.1235 -24.30170
226.1171 -24.38120
226.1149 -24.46130
226.1162 -24.54642
226.1217 -24.62706
226.1265 -24.70448
226.1347 -24.77422
226.1444 -24.84077
226.1561 -24.90602
226.1622 -24.97375
226.1635 -25.04398
226.1634 -25.11227
226.1716 -25.24306
226.1736 -25.31376
226.1728 -25.38821
226.1679 -25.46008
226.1671 -25.52939
226.1698 -25.60117
226.1759 -25.68046
226.1786 -25.76223
226.1799 -25.84079
226.1798 -25.91429
226.1819 -25.98588
>           Pacific Ocean: PACIFIC PLATE, set 11 isochron: 10
228.0023 -11.30120
228.0001 -11.40668
228.0062 -11.50667
228.0214 -11.59568
228.0345 -11.67235
228.0435 -11.74762
228.0482 -11.82832
228.0523 -11.91792
228.0536 -12.00336
228.0507 -12.08196
228.0499 -12.15642
228.0582 -12.23293
228.0789 -12.31829
228.1017 -12.40567
228.1210 -12.49847
228.1272 -12.58578
228.1347 -12.66352
228.1519 -12.78214
228.1691 -12.91499
228.1842 -13.00012
228.2063 -13.09067
228.2312 -13.18322
228.2519 -13.26691
228.2706 -13.34444
228.2865 -13.41786
228.3002 -13.49466
228.3127 -13.57211
228.3244 -13.65293
228.3375 -13.73508
228.3533 -13.82330
228.3733 -13.91422
228.3968 -14.00171
228.4182 -14.08172
228.4361 -14.15693
228.4485 -14.23618
228.4651 -14.32421
228.4844 -14.41763
228.5099 -14.51643
228.5327 -14.61179
228.5548 -14.70846
228.5741 -14.79766
228.5921 -14.88480
228.6114 -14.96650
228.6322 -15.04683
228.6536 -15.12239
228.6694 -15.19120
228.6832 -15.25928
228.7005 -15.33746
228.7267 -15.42975
228.7558 -15.52741
228.7813 -15.61627
228.7965 -15.69366
228.8089 -15.76493
228.8206 -15.83553
228.8379 -15.91013
228.8537 -15.98671
228.8696 -16.06864
228.8813 -16.15388
228.8916 -16.24245
228.9019 -16.33499
228.9136 -16.42949
228.9280 -16.53266
228.9432 -16.63712
228.9632 -16.74220
228.9867 -16.84053
229.0094 -16.93347
229.0288 -17.02100
229.0419 -17.10183
229.0557 -17.17593
229.0660 -17.24135
229.0811 -17.33080
229.1060 -17.42276
229.1219 -17.49541
229.1280 -17.60196
229.1570 -17.70451
229.1874 -17.79035
229.2054 -17.85819
229.2115 -17.93265
229.2309 -18.00776
229.2496 -18.07219
229.2647 -18.16249
229.3042 -18.23352
229.3284 -18.29058
229.3255 -18.38870
229.3531 -18.50401
229.3710 -18.58215
229.3876 -18.66689
229.4049 -18.75423
229.4186 -18.84944
229.4365 -18.95582
229.4586 -19.07009
229.4855 -19.18169
>           Pacific Ocean: PACIFIC PLATE, set 11 isochron: 10
235.0407  -1.28174
235.0406  -1.34956
235.0454  -1.42298
235.0536  -1.50269
235.0653  -1.59219
235.0777  -1.68308
235.0922  -1.77747
235.1067  -1.86556
235.1253  -1.95434
235.1488  -2.04452
235.1758  -2.14311
235.1958  -2.24165
235.2089  -2.33392
235.2178  -2.41847
235.2275  -2.50024
235.2420  -2.57431
235.2544  -2.64629
235.2737  -2.71686
235.2861  -2.79720
235.3069  -2.87335
235.3234  -2.94322
235.3483  -3.00821
235.3663  -3.07876
235.3815  -3.15627
235.3897  -3.24008
235.3993  -3.32736
235.4138  -3.42164
235.4332  -3.51589
235.4490  -3.61503
235.4614  -3.71205
235.4717  -3.80976
235.4862  -3.90257
235.4986  -3.99538
235.5075  -4.08190
235.5178  -4.17120
235.5337  -4.26049
235.5537  -4.34629
235.5682  -4.44603
235.5903  -4.51019
235.6027  -4.58061
235.6048  -4.67401
235.6192  -4.75837
235.6261  -4.85453
235.6295  -4.92980
235.6336  -4.99600
235.6362  -5.10466
235.6737  -5.16113
235.6674  -5.24052
235.6776  -5.32548
235.7025  -5.42786
235.7364  -5.55736
235.7543  -5.63117
235.7716  -5.70843
235.7931  -5.78986
235.8138  -5.87197
235.8331  -5.95129
235.8497  -6.02781
235.8669  -6.10432
235.8835  -6.18082
235.8994  -6.25800
235.9139  -6.33308
235.9298  -6.40886
235.9470  -6.48393
235.9657  -6.56384
235.9850  -6.65000
236.0030  -6.74517
236.0195  -6.84449
236.0305  -6.93961
236.0401  -7.02779
236.0484  -7.10552
236.0580  -7.17908
236.0670  -7.25332
236.0725  -7.33517
236.0766  -7.42325
236.0785  -7.50784
236.0854  -7.58411
236.0943  -7.66383
236.1032  -7.75391
236.1073  -7.85783
236.1127  -7.95481
236.1238  -8.04624
236.1424  -8.13141
236.1590  -8.22071
236.1755  -8.30724
236.1893  -8.38680
236.2066  -8.45670
236.2225  -8.52103
236.2384  -8.58331
>           Pacific Ocean: PACIFIC PLATE, set 11 isochron: 10
234.9097  12.75603
234.9263  12.67758
234.9421  12.60186
234.9573  12.52817
234.9725  12.45309
234.9890  12.37386
235.0063  12.29259
235.0235  12.20787
235.0380  12.11834
235.0476  12.03904
235.0531  11.97956
235.0711  11.92619
>           Pacific Ocean: PACIFIC PLATE, set 11 isochron: 10
235.7968  25.20023
235.8174  25.05473
235.8304  24.93319
235.8359  24.83628
235.8407  24.75831
235.8517  24.68600
235.8717  24.61678
235.8973  24.54562
235.9229  24.46934
235.9464  24.39045
235.9671  24.30836
235.9843  24.22876
235.9967  24.15231
236.0071  24.07898
236.0223  24.00368
236.0388  23.92517
236.0553  23.84596
236.0664  23.76736
236.0760  23.68937
>           Pacific Ocean: PACIFIC PLATE, set 11 isochron: 10
237.0842  21.01995
237.0987  20.92924
237.1104  20.84960
237.1228  20.77907
237.1352  20.71046
237.1532  20.63789
237.1739  20.55021
237.2022  20.44744
237.2326  20.32887
237.2609  20.23646
237.2906  20.15122
237.3135  20.05276
237.3279  19.96476
237.3445  19.86819
237.3596  19.77748
237.3769  19.69658
237.3941  19.62419
237.4135  19.54386
237.4307  19.45162
237.4486  19.34550
237.4693  19.24062
237.4928  19.13832
237.5128  19.04256
237.5280  18.94543
237.5431  18.84824
237.5624  18.74904
>           Pacific Ocean: PACIFIC PLATE, set 11 isochron: 10
215.6819  54.68573
215.6658  54.52824
215.6597  54.40414
215.6641  54.31133
215.6776  54.23162
215.6925  54.15015
215.7088  54.07343
215.7230  54.00273
215.7373  53.93311
215.7487  53.85592
215.7580  53.77290
215.7632  53.68807
215.7656  53.60969
215.7673  53.53568
215.7691  53.46739
215.7729  53.40060
215.7730  53.26754
215.7671  53.19376
215.7632  53.11361
215.7608  53.03665
215.7626  52.96207
215.7636  52.89071
215.7674  52.81376
215.7740  52.73161
215.7847  52.64433
>           Pacific Ocean: PACIFIC PLATE, set 11 isochron: 10
218.3687  57.31075
218.3690  57.24484
218.3693  57.17661
218.3710  57.10449
218.3734  57.03111
218.3765  56.95528
218.3768  56.87967
218.3716  56.80316
218.3608  56.72997
218.3466  56.65896
>           Pacific Ocean: PACIFIC PLATE, set 11 isochron: 10
218.5875  56.12495
218.5896  55.99614
218.5947  55.88585
218.6012  55.79445
218.6000  55.71653
218.5899  55.64433
218.5722  55.57635
218.5532  55.50907
>           Pacific Ocean: PACIFIC PLATE, set 11 isochron: 10
218.3838  51.34296
218.3611  51.23791
218.3433  51.14146
218.3284  51.05490
218.3148  50.97253
218.2999  50.89223
218.2884  50.81353
218.2798  50.73958
218.2781  50.66679
218.2812  50.59213
218.2892  50.51378
218.2979  50.43400
218.3066  50.35675
218.3146  50.28162
218.3212  50.21079
218.3265  50.14120
218.3275  50.06927
218.3258  49.99184
218.3213  49.90668
218.3174  49.82093
218.3157  49.73550
218.3160  49.65937
218.3192  49.58765
218.3231  49.51534
218.3283  49.43613
218.3328  49.35133
218.3373  49.26869
218.3404  49.18727
218.3414  49.10524
218.3411  49.02079
218.3393  48.93853
218.3355  48.86299
218.3283  48.79145
218.3197  48.72211
218.3138  48.64992
218.3115  48.58592
218.3098  48.50480
218.3129  48.42072
218.3112  48.35131
218.3005  48.28278
218.3030  48.21550
218.3062  48.13562
218.3003  48.06024
218.3042  47.98801
218.2927  47.90872
218.2959  47.84000
218.2935  47.77216
218.2828  47.68872
218.2680  47.62727
>           Pacific Ocean: PACIFIC PLATE, set 11 isochron: 10
219.3118  45.75456
219.2983  45.67611
219.2751  45.59419
219.2394  45.51121
219.2002  45.42565
219.1716  45.34435
219.1567  45.26390
219.1495  45.18630
219.1347  45.11206
219.1122  45.04215
219.0954  44.97706
219.0936  44.85062
219.0501  44.72443
219.0222  44.66146
219.0039  44.59595
218.9967  44.52486
218.9777  44.44474
218.9524  44.35905
218.9202  44.27526
218.9019  44.20031
218.8955  44.13277
218.9201  43.99891
218.9358  43.92709
218.9432  43.85268
218.9415  43.78070
218.9392  43.70761
218.9397  43.63037
218.9491  43.54295
218.9550  43.44218
218.9616  43.33471
218.9648  43.23163
218.9707  43.13957
218.9711  43.06065
218.9660  42.98721
218.9511  42.87692
218.9439  42.81198
218.9403  42.75001
218.9574  42.67617
218.9363  42.60435
218.9028  42.54221
218.9018  42.44291
218.9058  42.37696
218.8805  42.30478
218.9004  42.23146
218.9390  42.14870
218.9470  42.05342
218.9245  41.93154
218.9194  41.85361
218.9205  41.77249
218.9293  41.69177
218.9318  41.61094
218.9364  41.52373
218.9368  41.43435
218.9406  41.34376
218.9432  41.26148
218.9471  41.18277
218.9531  41.10813
218.9563  41.03554
218.9582  40.96390
218.9594  40.89326
218.9550  40.82043
218.9422  40.74857
218.9219  40.67772
218.9016  40.60894
>           Pacific Ocean: PACIFIC PLATE, set 11 isochron: 10
233.9708  33.62803
233.9643  33.53314
233.9626  33.44403
233.9652  33.36475
233.9747  33.29237
233.9794  33.22169
233.9827  33.15038
233.9797  33.07726
233.9843  33.00640
233.9869  32.93492
233.9930  32.86217
233.9935  32.78527
233.9974  32.70420
234.0048  32.62246
234.0143  32.54123
234.0238  32.46286
234.0312  32.38503
234.0379  32.30949
234.0509  32.23742
234.0583  32.17124
234.0753  32.04221
234.0869  31.96992
234.1062  31.89520
234.1171  31.82578
234.1418  31.73849
234.1700  31.63976
234.1837  31.57727
234.2021  31.46172
234.2040  31.39435
234.2107  31.32156
234.2182  31.24932
234.2395  31.17998
234.2573  31.09803
234.2765  31.00882
234.2887  30.91837
234.3003  30.83625
>           Pacific Ocean: PACIFIC PLATE, set 11 isochron: 10
234.4122  30.64697
234.4495  30.57475
234.4826  30.50010
234.5115  30.42660
234.5342  30.35244
234.5563  30.28125
234.5748  30.20881
234.5919  30.13694
>           Pacific Ocean: PACIFIC PLATE, set 11 isochron: 10
234.4101  29.86486
234.4111  29.74297
234.4123  29.67499
234.4135  29.60088
234.4099  29.52248
234.4034  29.44403
234.3920  29.35819
234.3793  29.26194
234.3658  29.15704
234.3558  29.05632
234.3521  28.96406
234.3553  28.87476
234.3634  28.78230
234.3729  28.68672
234.3817  28.59169
>           Pacific Ocean: PACIFIC PLATE, set 11 isochron: 10
234.2247  28.29880
234.2599  28.20084
234.2860  28.11518
234.3067  28.03932
234.3294  27.96092
234.3541  27.87505
234.3782  27.78665
234.3973  27.70189
234.4103  27.62575
234.4170  27.55451
234.4196  27.48944
234.4243  27.42183
234.4276  27.34548
234.4350  27.25790
234.4465  27.16029
234.4630  27.06759
234.4787  26.98106
234.4903  26.90691
234.5019  26.83894
234.5142  26.77595
>           Pacific Ocean: EURASIA PLATE, set 02 isochron: 10
117.0973  18.29099
117.2269  18.31380
117.3628  18.33724
117.5042  18.36399
117.6505  18.38875
117.7961  18.41146
>           Pacific Ocean: EURASIA PLATE, set 02 isochron: 10
118.2512  18.94748
118.3816  18.95965
118.5113  18.97177
118.6423  18.97729
118.7782  18.97820
118.9190  18.97247
>           Pacific Ocean: EURASIA PLATE, set 02 isochron: 10
117.0154  12.68470
117.1721  12.69254
117.3191  12.69827
117.4571  12.70397
117.5937  12.70424
117.7338  12.70315
117.8766  12.69861
>           Pacific Ocean: NAZCA PLATE, set 06 isochron: 10
281.0044 -34.95300
281.0521 -35.02562
281.0985 -35.09872
281.1469 -35.17123
281.1940 -35.24197
281.2453 -35.30751
281.2958 -35.36846
281.3505 -35.42538
281.4011 -35.48735
281.4482 -35.55437
281.4945 -35.63213
281.5506 -35.71378
281.6129 -35.80102
281.6821 -35.88590
281.7437 -35.97012
281.8068 -36.05143
281.8615 -36.13097
281.9217 -36.20872
281.9819 -36.28586
282.0464 -36.36290
282.1087 -36.43876
282.1689 -36.51452
282.2271 -36.58966
282.2817 -36.66583
282.3337 -36.74083
282.3821 -36.81517
282.4320 -36.88777
282.4894 -36.96365
282.5524 -37.04447
282.6196 -37.12521
282.6806 -37.19976
282.7374 -37.26533
282.7921 -37.33085
282.8454 -37.39851
282.9049 -37.47057
282.9617 -37.54088
283.0164 -37.60781
283.0600 -37.67301
283.0946 -37.74146
283.1230 -37.81483
>           Pacific Ocean: NAZCA PLATE, set 06 isochron: 10
273.7474 -27.80608
273.7792 -27.87708
273.8110 -27.94496
273.8429 -28.01283
273.8795 -28.08556
273.9218 -28.16563
273.9723 -28.24876
274.0221 -28.32934
274.0741 -28.40617
274.1239 -28.48049
274.1717 -28.55293
274.2146 -28.62653
274.2527 -28.69947
274.2935 -28.77662
274.3378 -28.85435
274.3890 -28.93691
274.4423 -29.01879
274.5011 -29.10549
274.5593 -29.19212
274.6154 -29.27747
274.6604 -29.35178
274.6985 -29.41811
274.7344 -29.48196
274.7732 -29.55064
274.8168 -29.62292
274.8611 -29.69395
274.9054 -29.76308
274.9484 -29.83218
274.9940 -29.90606
275.0432 -29.98534
275.0972 -30.06578
275.1464 -30.14434
275.1935 -30.21558
275.2343 -30.28496
275.2772 -30.35367
275.3159 -30.42476
275.3540 -30.49639
275.3934 -30.56978
275.4384 -30.64670
275.4883 -30.72000
275.5360 -30.78363
275.5825 -30.83584
275.6261 -30.88980
275.6739 -30.94971
275.7237 -31.01678
275.7764 -31.08321
275.8269 -31.14957
275.8768 -31.21349
275.9218 -31.27917
275.9633 -31.34540
276.0006 -31.41692
276.0387 -31.48840
276.0802 -31.56401
276.1245 -31.64190
276.1730 -31.72450
276.2235 -31.80406
276.2796 -31.87705
276.3419 -31.94466
276.4063 -32.01221
276.4714 -32.08323
276.5345 -32.15893
276.6003 -32.23812
276.6605 -32.31783
276.7138 -32.39628
276.7567 -32.47581
276.7996 -32.56117
276.8411 -32.64763
276.8854 -32.73283
276.9262 -32.81033
276.9650 -32.88423
276.9961 -32.94755
277.0377 -33.02660
277.0744 -33.08044
277.1097 -33.14011
277.1637 -33.21316
277.1934 -33.27504
277.2426 -33.34274
277.2979 -33.42086
277.3458 -33.48146
277.3796 -33.54839
277.4218 -33.63386
277.4565 -33.69720
277.5209 -33.75993
277.5818 -33.84984
277.6219 -33.91127
277.6690 -33.97151
277.7279 -34.03232
277.7951 -34.09133
277.8650 -34.15549
277.9253 -34.22481
277.9696 -34.29231
278.0029 -34.35632
>           Pacific Ocean: NAZCA PLATE, set 06 isochron: 10
272.0457 -14.19331
272.1031 -14.27126
272.1529 -14.35596
272.1952 -14.43793
272.2318 -14.51443
272.2678 -14.58212
272.3038 -14.64979
272.3405 -14.71946
272.3827 -14.79316
272.4312 -14.87563
272.4838 -14.96281
272.5357 -15.04725
272.5822 -15.12288
272.6265 -15.19577
272.6687 -15.27135
272.7074 -15.35091
272.7469 -15.42643
272.7801 -15.49788
272.8223 -15.56861
272.8611 -15.64338
272.9089 -15.72013
272.9483 -15.79415
272.9912 -15.86279
273.0321 -15.93340
273.0805 -16.00601
273.1297 -16.08530
273.1789 -16.16122
273.2253 -16.23711
273.2730 -16.31564
273.3222 -16.40285
273.3727 -16.49942
273.4232 -16.59192
273.4710 -16.67568
273.5201 -16.74534
273.5630 -16.81096
273.6081 -16.87387
273.6448 -16.93809
273.6849 -17.00630
273.7216 -17.07983
273.7625 -17.15935
273.8033 -17.24016
273.8462 -17.32294
273.8932 -17.40503
273.9369 -17.48107
273.9777 -17.55175
274.0081 -17.61973
274.0435 -17.69301
274.0795 -17.77025
274.1238 -17.84946
274.1674 -17.92664
274.2151 -18.00446
274.2636 -18.07429
274.3024 -18.13609
274.3488 -18.23373
274.4048 -18.36447
274.4456 -18.43744
274.4899 -18.51171
274.5363 -18.58529
274.5834 -18.66280
274.6291 -18.74094
274.6706 -18.82169
274.7128 -18.90108
274.7571 -18.98835
274.8042 -19.07889
274.8533 -19.17861
274.8997 -19.27235
274.9467 -19.36274
274.9904 -19.44186
275.0347 -19.51701
275.0818 -19.59211
275.1316 -19.67441
275.1870 -19.76128
275.2361 -19.84679
275.2839 -19.92567
275.3247 -20.00124
275.3725 -20.07611
275.4265 -20.15424
275.4833 -20.23429
275.5359 -20.30709
275.5768 -20.36937
275.6142 -20.42311
275.6460 -20.48205
275.6806 -20.54620
275.7229 -20.62015
275.7727 -20.69930
275.8302 -20.78233
275.8786 -20.85618
275.9202 -20.91888
275.9521 -20.97308
>           Pacific Ocean: NAZCA PLATE, set 06 isochron: 10
277.1858  -4.91550
277.2169  -4.98518
277.2487  -5.05417
277.2813  -5.12315
277.3214  -5.19840
277.3616  -5.27712
277.4052  -5.35931
277.4425  -5.43661
277.4785  -5.51252
277.5096  -5.58633
>           Pacific Ocean: ANTARCTICA PLATE, set 01 isochron: 10
219.6605 -64.74045
219.7552 -64.66817
219.8461 -64.59760
219.9329 -64.53072
220.0203 -64.46666
220.1161 -64.40367
220.2167 -64.33873
220.3164 -64.27185
>           Pacific Ocean: ANTARCTICA PLATE, set 01 isochron: 10
220.6664 -63.85780
220.7402 -63.79825
220.8361 -63.74112
220.9539 -63.68637
>           Pacific Ocean: ANTARCTICA PLATE, set 01 isochron: 10
225.7285 -60.23093
225.8044 -60.16937
225.8815 -60.10529
225.9592 -60.03726
226.0343 -59.96701
226.1121 -59.89348
226.1954 -59.81664
226.2848 -59.73618
>           Pacific Ocean: ANTARCTICA PLATE, set 01 isochron: 10
226.7727 -59.05080
226.8513 -58.98341
226.9256 -58.91632
226.9951 -58.84946
227.0624 -58.78467
227.1290 -58.72083
>           Pacific Ocean: ANTARCTICA PLATE, set 01 isochron: 10
233.7760 -59.73701
233.8740 -59.69461
233.9739 -59.65178
234.0753 -59.60219
234.1788 -59.54443
234.2752 -59.48410
234.3703 -59.42688
234.4599 -59.37308
234.5613 -59.31529
234.6620 -59.25526
234.7633 -59.19513
234.8549 -59.13809
234.9452 -59.08348
235.0312 -59.02841
235.1208 -58.97542
235.2089 -58.92343
235.3013 -58.87204
235.3915 -58.81590
235.4901 -58.75536
235.5936 -58.69510
235.7025 -58.63725
235.8094 -58.58075
235.9164 -58.51978
236.0205 -58.45360
236.1232 -58.38512
236.2232 -58.31543
236.3239 -58.24519
236.4204 -58.17374
236.5162 -58.10362
236.6078 -58.03668
236.7085 -57.97629
236.8008 -57.92166
236.9381 -57.83662
237.0472 -57.75169
237.1153 -57.69522
237.1972 -57.62898
237.2889 -57.55928
237.3868 -57.49020
237.4840 -57.42435
237.5791 -57.36253
237.6735 -57.30209
237.7603 -57.24190
237.8248 -57.18085
237.8684 -57.12012
>           Pacific Ocean: ANTARCTICA PLATE, set 01 isochron: 10
252.3187 -58.25998
252.3383 -58.18697
252.3606 -58.11278
252.3842 -58.03806
252.4051 -57.96468
252.4247 -57.89522
252.4463 -57.82822
252.4720 -57.76144
252.4978 -57.69344
252.5235 -57.62643
252.5507 -57.56155
252.5862 -57.49541
252.6286 -57.42580
252.6710 -57.35226
252.7155 -57.28050
252.7600 -57.20898
252.8134 -57.13542
252.8696 -57.05724
>           Pacific Ocean: ANTARCTICA PLATE, set 01 isochron: 10
257.8876 -51.96019
258.0094 -51.84935
258.1251 -51.76291
>           Pacific Ocean: ANTARCTICA PLATE, set 01 isochron: 10
261.9303 -49.21397
261.8914 -49.28978
261.8538 -49.36098
261.8197 -49.43031
261.7849 -49.49953
261.7487 -49.56953
261.7015 -49.63811
261.6494 -49.70387
261.5958 -49.77223
261.5527 -49.84048
261.5068 -49.91002
261.4596 -49.97676
261.4033 -50.04428
261.3491 -50.11615
261.2935 -50.19328
261.2393 -50.27473
261.1802 -50.35385
261.1197 -50.42929
261.0634 -50.49751
261.0209 -50.56165
260.9820 -50.62129
260.8909 -50.73947
260.8457 -50.80019
260.8054 -50.86128
260.7727 -50.92236
>           Pacific Ocean: ANTARCTICA PLATE, set 01 isochron: 10??
257.1359 -55.08060
257.0631 -55.15178
256.9971 -55.22131
256.9325 -55.28912
256.8755 -55.35645
256.8089 -55.42561
256.7450 -55.49976
256.6721 -55.58165
256.6026 -55.66574
256.5359 -55.74493
256.4809 -55.81502
256.4357 -55.87915
>           Pacific Ocean: ANTARCTICA PLATE, set 06 isochron: 10
284.2092 -65.14772
284.1122 -65.20984
284.0089 -65.27269
283.9040 -65.33656
283.7984 -65.40117
283.6967 -65.46651
>           Pacific Ocean: ANTARCTICA PLATE, set 06 isochron: 10
284.7107 -64.16464
284.5867 -64.21788
284.4722 -64.27071
284.3659 -64.32315
284.2660 -64.37669
284.1591 -64.43044
284.0432 -64.48349
283.9216 -64.53642
283.7985 -64.58923
>           Pacific Ocean: ANTARCTICA PLATE, set 06 isochron: 10
288.8841 -62.27168
288.7594 -62.33434
288.6324 -62.39784
288.5053 -62.46313
288.3780 -62.52960
>           Pacific Ocean: ANTARCTICA PLATE, set 08 isochron: 10
282.4144 -56.06300
282.5385 -56.06702
282.6599 -56.06824
282.7779 -56.06633
283.0060 -56.06294
283.2335 -56.07663
283.4644 -56.09303
283.5844 -56.10512
283.7065 -56.11946
>           Pacific Ocean: ANTARCTICA PLATE, set 08 isochron: 10
274.9068 -50.58871
274.9996 -50.64926
275.0862 -50.71016
275.1693 -50.76617
275.2511 -50.81992
275.3433 -50.87140
275.4432 -50.92587
>           Pacific Ocean: ANTARCTICA PLATE, set 08 isochron: 10
272.0305 -49.61879
272.1267 -49.66216
272.2189 -49.70364
272.3076 -49.74194
272.3922 -49.78380
272.4830 -49.82878
272.5794 -49.87816
>           Pacific Ocean: ANTARCTICA PLATE, set 08 isochron: 10
270.4525 -48.66698
270.5432 -48.71852
270.6298 -48.76631
270.7088 -48.81175
270.7740 -48.86217
270.8273 -48.91806
270.8716 -48.97798
270.9139 -49.03831
>           Pacific Ocean: AUSTRALIA PLATE, set 07 isochron: 10
172.7658 -24.92484
172.9087 -24.90189
173.0460 -24.87888
173.1777 -24.85582
>           Pacific Ocean: AUSTRALIA PLATE, set 07 isochron: 10
176.1087 -22.67429
176.0049 -22.80305
175.9004 -22.93429
175.7952 -23.06797
175.6947 -23.19704
175.6047 -23.32465
175.5237 -23.44893
175.4426 -23.57502
175.3547 -23.69974
175.2633 -23.82560
175.1698 -23.95007
175.0770 -24.07188
174.9773 -24.18977
174.8706 -24.30312
174.7521 -24.41069
174.6254 -24.51119
174.4916 -24.60402
174.3544 -24.69234
174.2186 -24.77489
174.0841 -24.84791
173.9517 -24.90508
173.8158 -24.94704
173.6764 -24.98331
173.5336 -25.02014
>           Pacific Ocean: AUSTRALIA PLATE, set 07 isochron: 10
177.6485 -26.99726
177.7859 -27.08083
>           Pacific Ocean: AUSTRALIA PLATE, set 07 isochron: 10
176.8648 -23.53289
176.8566 -23.65421
176.8421 -23.77551
176.8228 -23.89735
176.8022 -24.01970
176.7919 -24.14384
176.7906 -24.26847
176.7977 -24.39233
176.7978 -24.51480
176.7938 -24.63905
176.7801 -24.76510
176.7670 -24.89355
176.7512 -25.01873
176.7451 -25.14249
176.7438 -25.26674
176.7474 -25.39714
176.7462 -25.53119
176.7394 -25.66512
176.7277 -25.80075
176.7092 -25.94064
176.6872 -26.08601
176.6624 -26.22869
176.6403 -26.36934
176.6293 -26.50852
176.6329 -26.64814
176.6538 -26.78383
176.6949 -26.90817
176.7636 -27.01247
176.8684 -27.08498
176.9968 -27.12388
177.1362 -27.13232
177.2742 -27.12090
177.4115 -27.09825
>           Pacific Ocean: AUSTRALIA PLATE, set 08 isochron: 10
176.8160 -32.04623
176.7002 -32.25133
176.6013 -32.42609
176.5181 -32.56992
176.4481 -32.69933
176.3767 -32.82916
176.3032 -32.96056
176.2249 -33.09586
176.1417 -33.22982
176.0599 -33.36184
175.9788 -33.49014
175.9039 -33.61938
175.8304 -33.74841
175.7589 -33.87678
>           Pacific Ocean: AUSTRALIA PLATE, set 09 isochron: 10
179.3324 -19.82016
179.2626 -19.94158
179.1816 -20.06754
179.0909 -20.19865
179.0002 -20.33620
178.9220 -20.47555
178.8583 -20.61475
178.8064 -20.75121
178.7608 -20.88490
178.7200 -21.01783
178.6848 -21.14803
178.6530 -21.27811
178.6226 -21.40748
>           Pacific Ocean: AUSTRALIA PLATE, set 09 isochron: 10
180.0506 -20.26105
179.9732 -20.39782
179.9053 -20.53188
179.8479 -20.66058
179.7974 -20.78655
179.7434 -20.91177
179.6860 -21.03951
179.6258 -21.16582
179.5656 -21.29593
179.5075 -21.42850
179.4529 -21.56422
179.4030 -21.69789
>           Pacific Ocean: PHILIPPINE PLATE, set 02 isochron: 10
135.7836  17.75896
135.7318  17.50081
135.6994  17.29045
135.6975  17.12992
135.7206  16.99727
135.7540  16.86722
135.7763  16.73704
135.7847  16.60140
135.7772  16.46027
135.7677  16.31369
135.7574  16.16768
135.7554  16.02491
135.7542  15.88676
135.7564  15.75320
135.7503  15.61887
135.7470  15.48309
135.7381  15.34589
135.7340  15.22545
135.7265  15.12783
135.7238  15.02748
135.7267  14.95472
135.7185  14.86637
135.7172  14.78275
135.7117  14.69841
135.6785  14.62139
135.6737  14.53292
135.6780  14.44510
135.6822  14.33224
135.6907  14.20582
135.6991  14.07730
135.7006  13.94734
135.6959  13.81322
135.6898  13.67700
135.6879  13.54008
>           South Atlantic Ocean: SCOTIA PLATE, set 03 isochron: 10
307.7535 -58.87285
307.7091 -58.94101
307.6729 -59.00909
307.6381 -59.07741
307.6040 -59.14240
307.5581 -59.20618
307.5123 -59.26877
307.4656 -59.33238
>           South Atlantic Ocean: SCOTIA PLATE, set 03 isochron: 10
315.7046 -56.05260
315.6560 -56.12822
315.6018 -56.19910
315.5476 -56.26404
315.5010 -56.32616
315.4614 -56.38860
315.4231 -56.45251
>           South Atlantic Ocean: SCOTIA PLATE, set 04 isochron: 10
295.5382 -55.13860
295.4751 -55.19658
295.4230 -55.25528
295.3729 -55.31630
295.3209 -55.37875
295.2542 -55.44353
295.1819 -55.50900
>           South Atlantic Ocean: SCOTIA PLATE, set 04 isochron: 10
305.8189 -54.70726
305.7759 -54.76666
305.7335 -54.82800
305.6877 -54.89326
305.6314 -54.96201
305.5612 -55.03264
305.4835 -55.10074
305.4091 -55.16711
305.3445 -55.23145
305.2874 -55.29608
>           Indian Ocean: ANTARCTICA PLATE, set 05 isochron: 10
 81.7868 -50.59143
 81.9677 -50.66435
 82.1550 -50.74281
 82.3506 -50.82513
 82.5560 -50.90646
 82.7614 -50.98239
 82.9641 -51.05772
 83.1598 -51.13379
 83.3540 -51.21405
 83.5484 -51.29077
 83.7428 -51.36301
 83.9400 -51.43079
 84.1378 -51.49979
 84.3363 -51.57167
 84.5286 -51.64342
 84.7217 -51.71294
 84.9181 -51.78281
 85.1249 -51.85257
 85.3310 -51.92523
 85.5345 -51.99258
 85.7321 -52.05675
>           Indian Ocean: ANTARCTICA PLATE, set 05 isochron: 10
112.3642 -57.48045
112.5928 -57.50819
112.8270 -57.53467
113.0697 -57.56067
113.3159 -57.58717
>           Indian Ocean: ANTARCTICA PLATE, set 05 isochron: 10
114.7909 -57.68851
115.0256 -57.68613
115.2609 -57.68652
115.4997 -57.68689
115.7386 -57.68279
115.9844 -57.67577
116.2351 -57.66801
116.4898 -57.66435
116.7363 -57.65875
116.9703 -57.65422
117.1940 -57.64781
117.4141 -57.64307
>           Indian Ocean: ANTARCTICA PLATE, set 05 isochron: 10
118.0077 -57.35912
118.2396 -57.36526
118.4696 -57.36934
118.7022 -57.37378
118.9370 -57.37787
119.1807 -57.38275
119.4280 -57.38655
119.6820 -57.39449
119.9339 -57.40575
120.1823 -57.41920
120.4252 -57.43153
120.6667 -57.44461
120.9060 -57.45914
121.1419 -57.47514
121.3715 -57.49107
121.6019 -57.50668
121.8308 -57.52188
122.0390 -57.53540
122.1968 -57.54631
122.3513 -57.54828
122.4635 -57.54784
122.6051 -57.53790
122.7311 -57.54205
122.8559 -57.53796
123.0253 -57.55142
123.1950 -57.55257
123.4048 -57.55763
123.6395 -57.56465
123.8735 -57.57059
124.1111 -57.57538
124.3451 -57.57941
124.5757 -57.58492
124.8015 -57.59003
125.0252 -57.59436
125.2482 -57.59644
125.4720 -57.59647
>           Indian Ocean: ANTARCTICA PLATE, set 05 isochron: 10
126.3839 -57.53510
126.6106 -57.53076
126.8385 -57.52885
127.0671 -57.52951
127.2937 -57.53015
127.5194 -57.53265
127.7444 -57.53813
127.9674 -57.54472
128.1875 -57.55165
128.4043 -57.55707
128.6258 -57.56291
128.8557 -57.56921
129.0958 -57.57777
129.3402 -57.58597
129.5832 -57.59265
129.8236 -57.59525
130.0431 -57.59914
130.2224 -57.60422
130.3394 -57.61041
130.5055 -57.61996
130.6453 -57.62675
130.7879 -57.63098
130.9277 -57.63554
131.0535 -57.64746
131.2043 -57.65730
131.3385 -57.66441
131.5014 -57.66219
131.6655 -57.66443
131.8806 -57.67584
132.1199 -57.69174
132.3537 -57.70949
132.5855 -57.72127
132.8188 -57.73126
133.0418 -57.73553
133.2253 -57.73952
133.3965 -57.73817
133.5245 -57.74463
133.6858 -57.74870
133.8996 -57.75787
134.1423 -57.77525
134.3807 -57.79741
134.6245 -57.82590
134.8739 -57.85478
135.1296 -57.88292
135.3805 -57.90692
135.6266 -57.92903
135.8694 -57.94748
136.1109 -57.96107
136.3498 -57.96951
136.5894 -57.97466
136.8346 -57.97655
137.0833 -57.97733
137.3321 -57.97699
137.5766 -57.97884
137.8169 -57.98138
138.0545 -57.98357
138.2888 -57.98203
138.5210 -57.97682
138.7498 -57.97157
138.9832 -57.97154
139.2249 -57.97562
139.4734 -57.98337
139.7171 -57.98921
139.9533 -57.99445
>           Indian Ocean: ANTARCTICA PLATE, set 05 isochron: 10
171.7752 -67.17857
172.0169 -67.05852
172.2790 -66.94084
172.5636 -66.82486
172.8516 -66.70576
173.1237 -66.58382
173.3694 -66.45978
173.5972 -66.33560
173.8007 -66.21098
173.9833 -66.08647
174.1382 -65.96124
174.2793 -65.83510
174.4115 -65.70743
>           Indian Ocean: AUSTRALIA PLATE, set 02 isochron: 10
123.1690 -40.58636
123.3501 -40.60919
123.5203 -40.62175
123.6803 -40.62524
123.8377 -40.61925
124.0013 -40.61488
124.1682 -40.61319
124.3358 -40.61990
124.4978 -40.62605
124.6571 -40.63165
124.8129 -40.63354
124.9735 -40.64287
125.1430 -40.65651
125.3248 -40.67604
125.5095 -40.69398
125.6915 -40.70821
125.8708 -40.71770
126.0501 -40.72557
126.2252 -40.73550
126.3933 -40.74643
126.5602 -40.75316
126.7346 -40.76102
126.9139 -40.76837
127.0898 -40.77831
127.2553 -40.78236
127.4147 -40.77899
127.5763 -40.77094
127.7463 -40.75871
127.9238 -40.74641
>           Indian Ocean: AUSTRALIA PLATE, set 02 isochron: 10
128.4057 -41.00137
128.5630 -40.99916
128.7229 -41.00478
128.8842 -41.01509
129.0552 -41.02237
129.2348 -41.01976
129.4246 -41.01721
129.6054 -41.01823
129.7826 -41.02866
129.9563 -41.04016
130.1390 -41.05328
130.3189 -41.06479
130.5044 -41.07426
130.6927 -41.08379
130.8961 -41.09657
131.0953 -41.11714
131.2882 -41.14075
131.4644 -41.16528
131.6359 -41.18613
131.8074 -41.20541
131.9818 -41.22000
132.1609 -41.23358
132.3408 -41.24872
132.5233 -41.26805
132.7066 -41.28845
132.8898 -41.30936
133.0723 -41.33075
133.2555 -41.35480
133.4421 -41.37729
133.6309 -41.39873
133.8121 -41.41798
133.9864 -41.43823
134.1550 -41.46001
134.3230 -41.48488
134.4888 -41.51129
134.6559 -41.53824
134.8266 -41.56468
134.9987 -41.59009
135.1681 -41.61180
135.3397 -41.62576
135.5149 -41.63249
135.6921 -41.63608
135.8617 -41.64374
136.0284 -41.65816
136.1959 -41.67207
136.3696 -41.68187
136.5421 -41.68387
136.7145 -41.68845
136.8875 -41.69824
137.0653 -41.71535
137.2402 -41.73448
137.4089 -41.75404
137.5727 -41.77620
137.7385 -41.80458
137.9125 -41.83508
138.0894 -41.86250
138.2651 -41.88261
138.4353 -41.89891
>           Indian Ocean: AUSTRALIA PLATE, set 02 isochron: 10
147.2580 -52.48328
147.4939 -52.44539
147.7171 -52.41055
147.9227 -52.38187
148.1215 -52.35274
148.3210 -52.32362
148.5331 -52.28905
148.7521 -52.25320
148.9753 -52.21608
149.1880 -52.18181
149.3889 -52.14954
149.5794 -52.11888
149.7669 -52.08807
>           Indian Ocean: AUSTRALIA PLATE, set 02 isochron: 10
151.5472 -55.03389
151.8406 -54.95448
152.1053 -54.88722
152.3393 -54.83197
152.5614 -54.78265
152.7892 -54.73212
153.0251 -54.68356
153.2580 -54.64174
153.4874 -54.60791
153.7133 -54.57645
153.9413 -54.54495
154.1673 -54.50980
154.3897 -54.47620
154.5935 -54.43958
154.7820 -54.40445
154.9631 -54.36525
155.1649 -54.32742
155.3895 -54.29088
155.6304 -54.25859
>           Indian Ocean: AUSTRALIA PLATE, set 02 isochron: 10
156.9002 -53.80115
157.1196 -53.71245
157.3350 -53.62428
157.5440 -53.53752
157.7466 -53.45631
157.9447 -53.37810
>           Indian Ocean: AUSTRALIA PLATE, set 02 isochron: 10
111.1223 -40.12523
111.2852 -40.17834
111.4496 -40.22386
111.6188 -40.26344
111.7873 -40.30190
111.9566 -40.34407
112.1209 -40.38464
112.2839 -40.42200
112.4434 -40.45511
112.6035 -40.49352
112.7657 -40.53348
112.9315 -40.57182
113.0951 -40.60059
113.2545 -40.62140
113.4103 -40.63799
113.5682 -40.64767
113.7330 -40.65999
113.9040 -40.67595
114.0794 -40.70193
114.2534 -40.73218
114.4253 -40.76505
114.5931 -40.80481
114.7547 -40.84563
114.9122 -40.88437
115.0723 -40.91566
115.2400 -40.94376
115.4133 -40.97177
115.5817 -40.99664
115.7424 -41.02153
115.8969 -41.04593
116.0515 -41.07138
116.2074 -41.09682
116.3668 -41.12222
116.5359 -41.15022
116.7154 -41.17761
116.8998 -41.20387
117.0745 -41.22913
117.2381 -41.25755
117.3934 -41.29018
>           Indian Ocean: AUSTRALIA PLATE, set 02 isochron: 10??
119.5984 -40.84976
119.7989 -40.86815
119.9876 -40.88840
120.1688 -40.91174
120.3533 -40.93724
120.5449 -40.95959
120.7323 -40.97609
120.9080 -40.98624
121.0734 -40.99310
