>           Pacific Ocean: PACIFIC PLATE, set 06 isochron: 29
188.0136 -53.24319
188.0692 -53.17017
188.1304 -53.09248
188.1964 -53.01128
188.2713 -52.92702
188.3414 -52.84850
188.4101 -52.77698
188.4711 -52.71294
188.5336 -52.64793
188.6003 -52.57607
188.6767 -52.49644
188.7641 -52.41631
188.8439 -52.34152
188.9104 -52.27213
188.9660 -52.20477
189.0278 -52.13733
189.1049 -52.07323
189.1882 -52.01201
189.2784 -51.95847
189.3721 -51.90614
189.4769 -51.85677
189.5858 -51.79913
189.6941 -51.73624
189.7961 -51.66289
189.8975 -51.58728
189.9960 -51.51109
190.0966 -51.44002
190.1952 -51.37187
190.2944 -51.30623
190.3943 -51.24355
190.4949 -51.18648
190.5914 -51.13278
190.6774 -51.08209
190.7530 -51.02563
190.8350 -50.96913
190.9224 -50.90775
191.0175 -50.85020
191.1077 -50.78511
191.2007 -50.71596
191.2916 -50.64008
191.3853 -50.56984
191.4825 -50.50708
191.5893 -50.45398
191.6934 -50.40433
191.7780 -50.35414
191.8411 -50.30035
191.8967 -50.24384
191.9668 -50.18593
192.0439 -50.12572
192.1313 -50.06096
192.2174 -49.99162
192.3125 -49.91862
192.3986 -49.84415
192.4776 -49.76820
192.5498 -49.69440
192.6262 -49.62411
192.7094 -49.56049
192.7886 -49.49765
192.8753 -49.43295
192.9642 -49.36728
193.0682 -49.31064
193.1688 -49.26526
193.2694 -49.22804
193.3638 -49.18895
193.4588 -49.15486
193.5539 -49.12256
193.6517 -49.09433
193.7510 -49.05516
193.8468 -49.00218
193.9308 -48.93587
193.9967 -48.86490
194.0480 -48.79842
194.0924 -48.73692
194.1362 -48.67671
194.1786 -48.61226
194.2181 -48.54358
194.2632 -48.47716
194.3174 -48.41620
194.3792 -48.35931
194.4402 -48.29959
194.4992 -48.23607
194.5568 -48.17154
194.6103 -48.10974
194.6595 -48.05022
>           Pacific Ocean: PACIFIC PLATE, set 06 isochron: 29
199.2360 -49.11649
199.2840 -49.05215
199.3458 -48.99097
199.4263 -48.93478
199.5186 -48.88219
199.6144 -48.82768
199.7074 -48.76852
199.7998 -48.70609
199.8935 -48.63757
199.9894 -48.56297
200.0872 -48.48505
200.1844 -48.41165
200.2788 -48.34508
200.3697 -48.27885
200.4593 -48.21255
200.5516 -48.14479
200.6432 -48.08064
200.7327 -48.02061
200.8160 -47.96425
200.8979 -47.90968
200.9791 -47.85178
201.0645 -47.79195
201.1520 -47.73253
201.2374 -47.67255
201.3214 -47.61061
201.4026 -47.54485
201.4908 -47.48184
201.5747 -47.42300
201.6615 -47.36882
201.7434 -47.31458
201.8357 -47.25790
201.9246 -47.19739
202.0106 -47.13345
202.0821 -47.06755
202.1501 -47.00493
202.2147 -46.94649
202.2814 -46.89322
202.3473 -46.83655
202.4126 -46.77742
202.4799 -46.71732
202.5480 -46.66000
202.6229 -46.60693
202.6916 -46.55380
202.7589 -46.50253
202.8208 -46.44835
202.8992 -46.39267
202.9825 -46.33261
203.0721 -46.27538
203.1553 -46.22678
203.2406 -46.18822
>           Pacific Ocean: PACIFIC PLATE, set 06 isochron: 29
208.2829 -47.82562
208.3358 -47.76244
208.4025 -47.69920
208.4781 -47.63593
208.5531 -47.57724
208.6211 -47.52081
208.6933 -47.46768
208.7683 -47.41637
208.8460 -47.36546
208.9196 -47.31877
208.9918 -47.27487
209.1237 -47.19545
209.2473 -47.09883
209.3028 -47.04094
209.3451 -46.97733
>           Pacific Ocean: PACIFIC PLATE, set 09 isochron: 29
166.6010 -59.22235
166.7252 -59.20967
166.9680 -59.18843
167.0922 -59.17497
167.3516 -59.14230
167.4778 -59.12845
167.6062 -59.11426
167.7372 -59.10112
167.8753 -59.08513
168.0127 -59.06767
168.1507 -59.04988
168.2887 -59.03493
168.4261 -59.02284
168.5606 -59.01144
168.6897 -58.99467
168.8180 -58.97539
168.9470 -58.95718
169.0802 -58.94325
169.2092 -58.93149
169.3334 -58.91681
169.5734 -58.88535
169.6941 -58.86633
169.8142 -58.84120
169.9328 -58.81572
170.0577 -58.79056
170.1881 -58.76721
170.3241 -58.74165
170.4531 -58.71535
170.5772 -58.68901
170.6973 -58.66557
170.8221 -58.64465
170.9511 -58.62880
171.0835 -58.61723
>           Pacific Ocean: PACIFIC PLATE, set 09 isochron: 29
173.0444 -57.65620
173.1999 -57.63368
173.3407 -57.61363
173.4655 -57.59654
173.5800 -57.57721
173.8118 -57.53368
173.9408 -57.51137
174.0851 -57.48715
174.2329 -57.46329
174.3785 -57.43642
174.5083 -57.41100
174.6324 -57.38632
174.7531 -57.36952
174.8779 -57.35870
174.9993 -57.35278
175.1158 -57.35060
175.3459 -57.36464
175.4652 -57.37933
175.5853 -57.39549
>           Pacific Ocean: PACIFIC PLATE, set 09 isochron: 29
176.3475 -56.58368
176.4627 -56.56425
176.5807 -56.54478
176.7049 -56.52182
176.8305 -56.49194
176.9651 -56.45897
177.1072 -56.42905
177.2590 -56.40443
>           Pacific Ocean: PACIFIC PLATE, set 09 isochron: 29
178.0899 -55.63455
178.2204 -55.61153
178.3452 -55.58879
178.4617 -55.56996
178.6838 -55.52797
178.7968 -55.50441
178.9140 -55.48595
179.0333 -55.46829
179.1561 -55.45218
179.2817 -55.43135
179.4059 -55.40575
179.5280 -55.37733
179.6439 -55.34535
179.7577 -55.31215
179.8728 -55.27377
179.9915 -55.23257
180.1143 -55.18738
180.2343 -55.14571
180.3529 -55.10637
180.4722 -55.07179
180.5971 -55.03439
180.7269 -54.99936
180.8538 -54.96628
180.9738 -54.93636
181.0862 -54.90723
181.1944 -54.87727
181.3019 -54.85490
181.5204 -54.82379
181.6349 -54.80099
181.7543 -54.76855
181.8729 -54.73770
181.9894 -54.70844
182.1032 -54.68517
182.2155 -54.66553
182.3279 -54.64828
182.4375 -54.62860
182.5471 -54.60367
182.6560 -54.57509
182.7691 -54.54451
182.8857 -54.51225
183.0050 -54.48120
183.1208 -54.45499
183.2304 -54.43562
183.3344 -54.42067
>           Pacific Ocean: PACIFIC PLATE, set 10 isochron: 29
212.9083 -48.22321
213.0118 -48.19174
213.1159 -48.15555
213.2242 -48.11238
213.3359 -48.06451
213.4462 -48.01334
213.5489 -47.96349
213.6440 -47.91875
213.7349 -47.87816
213.8258 -47.83426
213.9216 -47.78331
214.0321 -47.72203
214.1535 -47.65785
214.2784 -47.59265
214.3936 -47.53346
214.5046 -47.47894
214.6205 -47.43004
214.7391 -47.38580
214.8571 -47.33771
214.9681 -47.29147
215.0778 -47.23810
215.1826 -47.19179
215.2846 -47.14021
215.3762 -47.09236
215.4671 -47.03975
215.5587 -46.98515
215.6656 -46.92816
215.7739 -46.87253
215.8772 -46.82396
215.9687 -46.78059
>           Pacific Ocean: PACIFIC PLATE, set 11 isochron: 29
221.1109 -42.23227
221.1385 -42.30031
221.1758 -42.37039
221.2229 -42.44246
221.2762 -42.51341
221.3295 -42.58736
221.3814 -42.66428
221.4374 -42.74625
221.4907 -42.82298
221.5392 -42.89505
221.5662 -42.96188
221.5717 -43.03018
221.5591 -43.09944
>           Pacific Ocean: PACIFIC PLATE, set 11 isochron: 29
216.2197  -8.87686
216.2425  -8.94936
216.2640  -9.01909
216.2916  -9.08262
216.3186  -9.15233
216.3504  -9.22823
216.3739  -9.31791
216.3940  -9.41103
>           Pacific Ocean: PACIFIC PLATE, set 11 isochron: 29
199.9235  48.36126
199.9733  48.29172
200.0216  48.21699
200.0671  48.13752
200.1111  48.05563
200.1503  47.97778
200.1812  47.90405
200.2094  47.83067
200.2390  47.75623
200.2775  47.68029
200.3154  47.60943
200.3561  47.54171
200.3898  47.47628
200.4270  47.40510
200.4586  47.32672
200.4964  47.24352
200.5301  47.16019
200.5617  47.08101
200.5927  47.00028
200.6277  46.92040
200.6718  46.83609
200.7138  46.75687
200.7531  46.68092
200.7868  46.61058
200.8205  46.53872
200.8563  46.46004
200.8948  46.37499
200.9354  46.28596
200.9767  46.19776
201.0139  46.11279
201.0475  46.03059
201.0798  45.95409
201.1128  45.88188
201.1459  45.81536
201.1755  45.74925
201.2120  45.67868
201.2534  45.60167
201.3002  45.52065
201.3395  45.44345
201.3697  45.36956
201.3895  45.30049
201.4031  45.23279
201.4263  45.12228
201.4648  45.02728
201.5303  44.91384
201.5833  44.78831
201.6108  44.72049
201.6397  44.65409
201.6672  44.58810
201.6815  44.52203
201.6937  44.45041
201.7122  44.37574
201.7445  44.29447
201.7803  44.21458
201.8167  44.13158
201.8539  44.05347
201.8925  43.97527
201.9255  43.90047
201.9537  43.81952
201.9811  43.72940
202.0134  43.63461
202.0512  43.54374
202.0904  43.46185
202.1283  43.38337
202.1599  43.30373
202.1880  43.22200
202.2141  43.13915
202.2416  43.05719
202.2683  42.97360
202.2943  42.88840
>           Pacific Ocean: PACIFIC PLATE, set 11 isochron: 29
199.0990  42.05699
199.1258  41.98340
199.1637  41.91132
199.2072  41.83965
199.2437  41.77156
199.2691  41.70131
199.2938  41.62838
199.3199  41.54648
199.3522  41.45978
199.3852  41.37036
199.4245  41.28397
199.4630  41.20164
199.5030  41.12343
199.5423  41.04457
199.5885  40.96298
199.6423  40.87815
199.6983  40.79583
199.7521  40.71711
199.8025  40.64252
199.8529  40.56891
199.9047  40.49576
199.9537  40.42359
200.0027  40.35239
200.0462  40.28059
200.0862  40.20445
200.1261  40.12236
200.1703  40.03750
200.2185  39.94827
200.2661  39.85998
200.3095  39.76996
200.3522  39.68897
200.3894  39.61057
200.4280  39.53637
200.4652  39.45886
200.5031  39.38126
200.5403  39.30575
200.5803  39.23557
200.6252  39.17016
>           Pacific Ocean: PACIFIC PLATE, set 11 isochron: 29??
213.3455 -28.00809
213.3606 -28.09122
213.3828 -28.16940
213.4132 -28.24262
213.4471 -28.31087
213.4824 -28.38031
213.5135 -28.45030
213.5453 -28.52393
213.5723 -28.59506
213.5992 -28.66612
213.6221 -28.73654
213.6442 -28.80936
>           Pacific Ocean: PACIFIC PLATE, set 11 isochron: 29??
215.8840 -34.66959
215.9130 -34.73207
215.9456 -34.79570
215.9850 -34.86042
216.0279 -34.92736
216.0722 -34.99770
216.1145 -35.07142
>           Pacific Ocean: PACIFIC PLATE, set 11 isochron: 29??
211.5074   3.52933
211.5510   3.42388
211.6001   3.32050
211.6521   3.21851
211.7033   3.10813
211.7475   2.98936
211.7876   2.86290
>  Pacific Ocean: PAC PLATE, set 11 or PAC PLATE, set 12 isochron: 29??
196.0065  50.04648
196.1974  50.02102
196.3891  49.99349
196.4874  49.98352
196.5884  49.97436
196.6902  49.96236
196.8893  49.94886
197.0806  49.94416
197.2672  49.94206
197.4564  49.93938
197.6482  49.93581
197.8489  49.93413
197.9592  49.92713
198.0747  49.91868
198.1932  49.91158
198.3088  49.91047
198.4245  49.91074
198.5393  49.91076
198.6540  49.90398
198.7611  49.89163
198.8597  49.87424
198.9503  49.84791
199.1030  49.76088
199.1612  49.70190
199.2146  49.63722
199.2683  49.57189
199.3207  49.50533
199.3656  49.43790
199.4036  49.37046
199.4363  49.30412
199.4695  49.23940
199.5053  49.17313
199.5423  49.10389
199.5793  49.03168
199.6127  48.95998
199.6497  48.88813
199.6889  48.81559
199.7293  48.74292
199.7659  48.67397
199.7968  48.60611
199.8260  48.53819
199.8547  48.46759
199.8856  48.39688
>           Pacific Ocean: PACIFIC PLATE, set 11 isochron: 29??
215.3822  37.60076
215.4111  37.52100
215.4338  37.44228
215.4454  37.36575
215.4528  37.29081
215.4567  37.21577
215.4690  37.13954
215.4861  37.05824
215.5074  36.97234
215.5258  36.87687
215.5443  36.77736
215.5683  36.67719
215.5923  36.58642
215.6156  36.50227
215.6335  36.42476
215.6534  36.34887
215.6719  36.27345
215.6918  36.20079
215.7117  36.12917
215.7330  36.05749
215.7550  35.97840
215.7769  35.89362
>           Pacific Ocean: PACIFIC PLATE, set 11 isochron: 29??
215.5623  35.11621
215.5808  35.02470
215.6035  34.93715
215.6303  34.84947
215.6571  34.75998
215.6825  34.66581
215.7030  34.57383
215.7236  34.48580
215.7428  34.39766
215.7668  34.30653
215.7908  34.21184
215.8155  34.12284
215.8382  34.04125
215.8637  33.96596
215.8926  33.88945
215.9202  33.80880
215.9442  33.72632
215.9613  33.64378
215.9812  33.56055
215.9997  33.47435
216.0237  33.37872
216.0484  33.27832
216.0745  33.17194
216.0992  33.07248
216.1218  32.97408
216.1459  32.88142
216.1650  32.79338
216.1815  32.71347
216.1972  32.63821
216.2144  32.56050
216.2280  32.48040
216.2354  32.39846
>           Pacific Ocean: PACIFIC PLATE, set 12 isochron: 29
174.8566  47.12026
175.0353  47.12619
175.2167  47.13330
175.3996  47.14052
175.5793  47.14076
175.7523  47.13438
175.9236  47.12883
176.0997  47.12415
176.1886  47.12211
176.2760  47.12246
176.4500  47.12878
176.6290  47.13539
176.8099  47.14404
176.9831  47.16129
177.0689  47.17194
177.2408  47.18676
177.4101  47.19661
>           Pacific Ocean: PACIFIC PLATE, set 12 isochron: 29
177.8014  47.93316
177.9856  47.94693
178.1711  47.94911
178.3603  47.94952
178.4529  47.94788
178.5433  47.94623
178.7205  47.95012
178.8913  47.96141
179.0375  47.97009
179.1057  47.97090
>           Pacific Ocean: PACIFIC PLATE, set 12 isochron: 29
179.3981  48.13260
179.5830  48.13303
179.6729  48.13374
179.7621  48.13539
179.9381  48.14149
180.1132  48.15030
180.2895  48.15853
180.4678  48.15759
180.6528  48.15611
180.8454  48.15772
181.0316  48.15905
181.2137  48.16507
181.3968  48.16921
181.5763  48.17251
181.7501  48.17743
181.9252  48.18619
>           Pacific Ocean: PACIFIC PLATE, set 12 isochron: 29??
182.8633  48.24032
183.0430  48.24381
183.1385  48.24081
183.2387  48.23863
183.3399  48.23819
183.4395  48.24098
183.5355  48.24264
183.7280  48.24917
183.9269  48.25038
184.0233  48.24881
184.2129  48.24719
184.4114  48.24811
184.5079  48.25385
184.6036  48.26135
184.7961  48.26554
184.9792  48.26749
185.1629  48.27148
185.3447  48.26876
185.5270  48.27014
185.7141  48.27409
185.9004  48.27776
186.0613  48.28399
186.1656  48.28642
186.2709  48.28944
186.3718  48.29514
186.4813  48.29201
186.6260  48.28119
>           Pacific Ocean: PACIFIC PLATE, set 12 isochron: 29??
182.8377  48.24249
182.6491  48.23975
182.4628  48.22729
182.2836  48.22015
182.1015  48.21767
181.9166  48.20050
>           Pacific Ocean: ANTARCTICA PLATE, set 01 isochron: 29
238.4872 -65.03239
238.5736 -64.96681
238.6618 -64.90498
238.7611 -64.84926
238.8861 -64.79846
239.0215 -64.74692
239.1596 -64.69170
239.2797 -64.63429
239.3934 -64.57707
239.4994 -64.52065
>           Pacific Ocean: ANTARCTICA PLATE, set 01 isochron: 29
247.8024 -64.37862
247.8908 -64.32050
247.9929 -64.26413
248.1158 -64.21159
248.2477 -64.15683
248.3775 -64.10101
248.4997 -64.04112
248.6177 -63.98145
248.7384 -63.92224
248.8495 -63.86288
248.9584 -63.80618
249.0598 -63.74998
249.1744 -63.69646
249.2953 -63.63757
249.4223 -63.57513
249.5424 -63.50699
249.6514 -63.43929
249.7520 -63.37144
249.8409 -63.30655
249.9200 -63.24277
249.9916 -63.17787
250.0652 -63.10844
250.1438 -63.03535
250.2250 -62.96246
250.3062 -62.89349
250.3784 -62.82814
250.4458 -62.76265
250.5091 -62.69380
250.5884 -62.61842
250.6717 -62.54060
250.7564 -62.46161
250.8293 -62.38725
250.8987 -62.31528
250.9675 -62.24736
251.0356 -62.18059
251.1002 -62.11626
251.1662 -62.05115
251.2350 -61.98557
251.3149 -61.91756
251.3982 -61.84872
251.4906 -61.77812
251.5885 -61.70901
251.6857 -61.64337
251.7787 -61.58087
251.8627 -61.51694
251.9537 -61.44920
252.0468 -61.38036
252.1384 -61.31433
252.2210 -61.25153
252.2974 -61.18857
252.3808 -61.12146
252.4697 -61.05052
252.5620 -60.97807
252.6453 -60.90747
252.7189 -60.83841
252.7947 -60.77022
252.8767 -60.70154
252.9697 -60.63138
253.0614 -60.55969
253.1521 -60.48685
>           Pacific Ocean: ANTARCTICA PLATE, set 01 isochron: 29
261.6468 -61.52919
261.7717 -61.48447
>           Pacific Ocean: ANTARCTICA PLATE, set 01 isochron: 29?
229.9537 -68.41196
230.0714 -68.35019
230.1881 -68.28728
230.3090 -68.22343
230.4403 -68.15738
230.5826 -68.09242
230.7256 -68.02673
230.8603 -67.96109
230.9823 -67.89320
231.0972 -67.82463
>           Pacific Ocean: ANTARCTICA PLATE, set 06 isochron: 29
263.9903 -63.91649
264.1037 -63.86295
264.2273 -63.81242
264.3544 -63.76178
264.4848 -63.71289
264.6090 -63.66484
264.7332 -63.61951
264.8561 -63.57562
264.9699 -63.52824
265.0872 -63.48082
265.2039 -63.42679
265.3421 -63.37077
265.4823 -63.31248
265.6245 -63.25751
265.7556 -63.20712
265.8882 -63.15697
266.0284 -63.10768
266.1791 -63.05264
266.3339 -62.99431
266.4890 -62.93173
>           Indian Ocean: AFRICA PLATE, set 07 isochron: 29
 52.5572 -22.19482
 52.7065 -22.31530
 52.8525 -22.42921
 52.9956 -22.53791
 53.1333 -22.64526
 53.2702 -22.75381
 53.4057 -22.86677
 53.5447 -22.98283
 53.6838 -23.09943
 53.8207 -23.21400
 53.9577 -23.33360
 54.0946 -23.45183
 54.2358 -23.56865
 54.3727 -23.67262
 54.5062 -23.77525
 54.6334 -23.86700
 54.7592 -23.95423
>           Indian Ocean: AFRICA PLATE, set 07 isochron: 29
 50.8603 -28.66047
 51.0234 -28.76780
 51.1742 -28.87257
 51.3159 -28.97365
 51.4480 -29.08014
 51.5891 -29.19135
 51.7360 -29.30847
>           Indian Ocean: AFRICA PLATE, set 07 isochron: 29
 50.9660 -30.17123
 51.2462 -30.34321
 51.4721 -30.47659
 51.6452 -30.57527
 51.7938 -30.66263
 51.9453 -30.76363
 52.0954 -30.87349
 52.2428 -30.98208
 52.3866 -31.07207
 52.5291 -31.14468
>           Indian Ocean: AFRICA PLATE, set 09 isochron: 29
 55.8017 -13.85871
 55.9268 -13.98048
 56.0575 -14.09813
 56.1930 -14.22310
 56.3370 -14.35809
 56.4838 -14.50580
>           Indian Ocean: AFRICA PLATE, set 09 isochron: 29
 55.4871 -16.59495
 55.7468 -16.82454
 55.9554 -17.00213
 56.1091 -17.13055
 56.2280 -17.23577
 56.3380 -17.34632
>           Indian Ocean: AFRICA PLATE, set 10 isochron: 29
 54.0676 -15.57184
 54.1905 -15.64305
 54.3196 -15.71820
 54.4564 -15.80199
 54.5926 -15.88576
 54.7238 -15.96549
 54.8488 -16.03786
 54.9732 -16.11088
 55.0989 -16.18784
>           Indian Ocean: AFRICA PLATE, set 10 isochron: 29
 53.2266 -19.32566
 53.3877 -19.45037
 53.5364 -19.56126
 53.6761 -19.66162
 53.8115 -19.75669
 53.9457 -19.85891
 54.0694 -19.96503
 54.1876 -20.06917
 54.3024 -20.16997
>           Indian Ocean: ANTARCTICA PLATE, set 10 isochron: 29
 53.1360 -43.08250
 53.3290 -43.15540
 53.5132 -43.22200
 53.6898 -43.28490
 53.8615 -43.35028
 54.0332 -43.42111
 54.2083 -43.49744
 54.3849 -43.57117
 54.5662 -43.64882
 54.7426 -43.72687
 54.9177 -43.80931
 55.0873 -43.88762
 55.2569 -43.96034
 55.4258 -44.03444
 55.5940 -44.11542
 55.7609 -44.20569
>           Indian Ocean: ANTARCTICA PLATE, set 10 isochron: 29
 55.6807 -47.29684
 55.8879 -47.38336
 56.0864 -47.46587
 56.2781 -47.53787
 56.4664 -47.60696
 56.6602 -47.67456
 56.8560 -47.75467
 57.0510 -47.84117
 57.2378 -47.93169
 57.4179 -48.01871
>           Indian Ocean: ANTARCTICA PLATE, set 10 isochron: 29
 56.6568 -49.32004
 56.8730 -49.39238
 57.0752 -49.45634
 57.2684 -49.51608
 57.4587 -49.58295
 57.6599 -49.66280
 57.8632 -49.74747
 58.0734 -49.83603
 58.2802 -49.92220
 58.4835 -50.00862
 58.6779 -50.09172
 58.8708 -50.17250
 59.0715 -50.24916
 59.2816 -50.32072
>           Indian Ocean: AUSTRALIA PLATE, set 13 isochron: 29
 91.2412   2.33697
 91.4595   2.33813
 91.6439   2.33909
 91.7929   2.33569
 91.9211   2.32035
 92.0452   2.31124
 92.1679   2.31538
 92.2912   2.33275
 92.4152   2.33687
 92.5386   2.32497
>           Indian Ocean: AUSTRALIA PLATE, set 14 isochron: 29
 93.3895 -14.71247
 93.6445 -14.70254
 93.8579 -14.69267
 94.0270 -14.68503
 94.1711 -14.68159
 94.3104 -14.67751
 94.4490 -14.66940
 94.5944 -14.65518
 94.7455 -14.63824
 94.8965 -14.62263
 95.0364 -14.60774
 95.1666 -14.59423
>           Indian Ocean: AUSTRALIA PLATE, set 16 isochron: 29
154.0301 -38.64709
154.1178 -38.85800
154.1999 -39.04050
154.2770 -39.19284
154.3509 -39.32918
154.4276 -39.46419
154.5084 -39.60004
154.5906 -39.73830
154.6700 -39.87573
154.7467 -40.01076
154.8249 -40.13756
154.9068 -40.25894
>           Indian Ocean: AUSTRALIA PLATE, set 16 isochron: 29
153.4947 -39.69989
153.5716 -39.85217
153.6467 -39.99838
153.7232 -40.13953
153.7999 -40.27509
153.8848 -40.40883
153.9726 -40.53813
154.0626 -40.66667
154.1492 -40.79448
>           Indian Ocean: AUSTRALIA PLATE, set 16 isochron: 29
154.8982 -43.21768
155.0397 -43.38210
155.1597 -43.52991
155.2581 -43.66121
>           Indian Ocean: AUSTRALIA PLATE, set 16 isochron: 29
153.1223 -44.85301
153.2772 -45.09721
153.4005 -45.29369
153.4963 -45.44250
153.5829 -45.56604
>           Indian Ocean: AUSTRALIA PLATE, set 16 isochron: 29
154.1909 -46.71034
154.3309 -46.93025
154.4549 -47.11458
154.5671 -47.26518
154.6698 -47.39922
154.7794 -47.53250
154.8885 -47.66171
154.9962 -47.78870
155.0942 -47.91483
155.1859 -48.04108
155.2763 -48.16562
155.3750 -48.28993
155.4771 -48.41441
155.5745 -48.53719
155.6618 -48.65742
>           Indian Ocean: AUSTRALIA PLATE, set 16 isochron: 29??
151.9689 -35.07344
152.0435 -35.20490
152.1238 -35.33853
152.2102 -35.47709
152.2953 -35.61486
152.3796 -35.75407
152.4599 -35.88794
152.5382 -36.01820
152.6110 -36.14198
152.6804 -36.26330
152.7477 -36.38329
152.8123 -36.50251
152.8783 -36.62100
152.9442 -36.73986
153.0142 -36.86023
153.0850 -36.98323
153.1579 -37.10777
>           Indian Ocean: AUSTRALIA PLATE, set 17 isochron: 29
157.5627 -37.32753
157.6847 -37.47276
157.8085 -37.61176
157.9324 -37.74390
158.0542 -37.87411
158.1753 -38.00627
158.2977 -38.14259
158.4201 -38.28522
158.5419 -38.43309
>           Indian Ocean: AUSTRALIA PLATE, set 17 isochron: 29
159.7937 -39.63034
159.9846 -39.78606
160.1505 -39.92999
160.2850 -40.05849
160.3954 -40.17807
>           Indian Ocean: AUSTRALIA PLATE, set 17 isochron: 29
158.4977 -42.78128
158.6651 -42.99532
158.8102 -43.17778
158.9296 -43.32664
159.0394 -43.45888
159.1486 -43.58730
159.2627 -43.71597
159.3809 -43.84290
159.4991 -43.97005
159.6161 -44.09244
159.7240 -44.21347
159.8326 -44.33525
159.9425 -44.46127
160.0587 -44.58858
160.1772 -44.71519
>           Indian Ocean: AUSTRALIA PLATE, set 17 isochron: 29
160.5859 -45.86667
160.7792 -46.05498
160.9418 -46.21660
161.0717 -46.35066
161.1776 -46.46933
161.2738 -46.58482
161.3619 -46.69818
>           Indian Ocean: AUSTRALIA PLATE, set 17 isochron: 29??
155.8660 -33.50687
156.0314 -33.67416
156.1746 -33.82420
156.2972 -33.95705
156.4089 -34.07981
156.5268 -34.20071
156.6489 -34.31976
156.7739 -34.43751
156.8969 -34.55451
