>           Pacific Ocean: PACIFIC PLATE, set 06 isochron: 11
210.3065 -52.62715
210.3809 -52.55611
210.4524 -52.48918
210.5211 -52.43150
210.6350 -52.33549
210.7531 -52.22905
210.8281 -52.16591
210.9093 -52.10011
210.9836 -52.03206
211.0530 -51.96220
211.1190 -51.89310
211.1864 -51.82474
211.2544 -51.75456
211.3251 -51.68170
>           Pacific Ocean: PACIFIC PLATE, set 06 isochron: 11
228.1305 -51.49409
228.2181 -51.36516
>           Pacific Ocean: PACIFIC PLATE, set 06 isochron: 11
230.3386 -47.43980
230.4074 -47.35493
>           Pacific Ocean: PACIFIC PLATE, set 07 isochron: 11
136.7343   2.58403
136.9561   2.69463
137.1412   2.78075
137.2895   2.83959
137.4205   2.88027
>           Pacific Ocean: PACIFIC PLATE, set 07 isochron: 11
138.0326   2.39204
138.1935   2.37912
138.3454   2.37036
138.4855   2.36645
138.6221   2.37089
138.7594   2.38442
138.9001   2.40630
>           Pacific Ocean: PACIFIC PLATE, set 07 isochron: 11
145.0762   5.19467
145.3418   5.20984
145.5616   5.23250
145.7335   5.26340
145.8784   5.29356
146.0198   5.32303
146.1599   5.35249
146.2992   5.38403
146.4372   5.41488
146.5724   5.44015
146.7048   5.46054
>           Pacific Ocean: PACIFIC PLATE, set 07 isochron: 11
143.4749   2.32748
143.6919   2.36209
143.8791   2.37849
144.0366   2.37253
144.1822   2.35538
144.3258   2.33265
144.4680   2.31340
144.6053   2.29693
144.7419   2.29092
144.8750   2.29118
145.0047   2.29772
145.1371   2.30356
145.2765   2.30802
145.4284   2.30832
145.5837   2.31002
145.7404   2.31103
145.8902   2.31621
146.0331   2.31927
146.1711   2.32164
146.3126   2.31634
146.4603   2.31315
146.6086   2.31065
146.7501   2.31302
146.8840   2.30840
147.0130   2.29819
147.1405   2.28868
147.2682   2.28127
147.3964   2.27803
147.5254   2.27270
>           Pacific Ocean: PACIFIC PLATE, set 11 isochron: 11
234.8779 -40.11661
234.9034 -40.18852
234.9297 -40.25771
234.9546 -40.32364
234.9760 -40.39270
234.9925 -40.46803
235.0077 -40.55228
235.0249 -40.63591
235.0456 -40.71471
235.0649 -40.78389
235.0801 -40.85036
235.0932 -40.91782
235.1077 -40.98894
>           Pacific Ocean: PACIFIC PLATE, set 11 isochron: 11
228.6677 -34.89993
228.6856 -34.97594
228.7070 -35.04906
228.7333 -35.11927
228.7658 -35.19058
228.8045 -35.26125
228.8482 -35.33131
>           Pacific Ocean: PACIFIC PLATE, set 11 isochron: 11
224.4354 -24.79263
224.4727 -24.86930
224.5032 -24.94910
224.5267 -25.03324
224.5467 -25.12179
224.5639 -25.20458
224.5777 -25.27785
224.5915 -25.34538
224.6060 -25.41164
224.6233 -25.48099
224.6384 -25.55029
224.6543 -25.62146
224.6674 -25.69069
224.6805 -25.76112
224.6957 -25.83780
224.7177 -25.92699
224.7433 -26.02239
224.7647 -26.11271
224.7799 -26.19106
224.7930 -26.26183
224.8088 -26.33192
224.8233 -26.40260
224.8364 -26.47199
224.8460 -26.53885
224.8674 -26.66930
224.8957 -26.80521
224.9101 -26.88243
224.9260 -26.96832
224.9446 -27.05228
224.9667 -27.13309
224.9895 -27.20826
225.0102 -27.28088
225.0275 -27.35034
225.0440 -27.42038
225.0633 -27.51015
225.0895 -27.62150
225.1199 -27.74946
225.1482 -27.86311
225.1758 -27.95937
225.2028 -28.04688
225.2332 -28.13496
225.2581 -28.22787
225.2774 -28.31824
225.2911 -28.41035
225.3035 -28.50055
225.3166 -28.58701
225.3269 -28.67399
225.3372 -28.76213
225.3461 -28.85386
225.3599 -28.94429
225.3757 -29.03282
225.3929 -29.12492
225.4095 -29.22060
225.4267 -29.32286
225.4460 -29.42078
225.4570 -29.50830
225.4652 -29.59087
225.4630 -29.67456
225.4691 -29.76424
225.4725 -29.84782
225.4870 -29.92648
225.4966 -30.00267
225.5138 -30.07940
225.5269 -30.15485
225.5497 -30.22965
225.5690 -30.30379
225.5981 -30.38150
225.6250 -30.45792
225.6596 -30.53971
225.6907 -30.62321
225.7232 -30.71207
225.7543 -30.79724
225.7868 -30.87576
225.8201 -30.94705
>           Pacific Ocean: PACIFIC PLATE, set 11 isochron: 11
227.3341 -11.57188
227.3333 -11.64989
227.3381 -11.72721
227.3463 -11.80519
227.3546 -11.88659
227.3586 -11.96727
227.3627 -12.04519
227.3640 -12.11967
227.3660 -12.19412
227.3666 -12.26855
227.3673 -12.34229
227.3686 -12.41668
227.3685 -12.49445
227.3746 -12.57835
227.3828 -12.66292
227.3966 -12.74950
227.4049 -12.83467
227.4110 -12.92255
227.4158 -13.00358
227.4234 -13.08051
227.4337 -13.15401
227.4405 -13.23089
227.4481 -13.30978
227.4542 -13.39069
227.4638 -13.47088
227.4714 -13.55037
227.4762 -13.62508
227.4809 -13.70181
227.4878 -13.77851
227.4974 -13.86197
227.5077 -13.94268
227.5187 -14.02270
227.5366 -14.10201
227.5546 -14.18872
227.5773 -14.28356
227.5911 -14.37833
227.6042 -14.47241
227.6124 -14.56440
227.6255 -14.65365
227.6414 -14.73341
227.6573 -14.81044
227.6759 -14.88946
227.6966 -14.97858
227.7215 -15.06700
227.7408 -15.15740
227.7553 -15.24168
227.7656 -15.32729
227.7787 -15.40881
227.7980 -15.49502
227.8214 -15.57984
227.8463 -15.66800
227.8671 -15.75208
227.8795 -15.83747
227.8891 -15.92751
227.8931 -16.02557
227.9034 -16.12760
227.9165 -16.22222
227.9413 -16.30676
227.9690 -16.38654
228.0008 -16.47031
228.0236 -16.56142
228.0402 -16.65716
228.0456 -16.75085
228.0559 -16.83780
228.0711 -16.91470
228.0966 -16.98689
228.1174 -17.06170
228.1332 -17.14249
228.1436 -17.23326
228.1622 -17.32932
228.1919 -17.43534
228.2264 -17.54131
228.2596 -17.64520
228.2865 -17.73640
228.3135 -17.82091
228.3384 -17.90270
228.3626 -17.98445
228.3819 -18.06152
228.3971 -18.12993
228.4109 -18.19896
228.4254 -18.27194
228.4440 -18.35153
228.4641 -18.42446
228.4841 -18.49272
228.5034 -18.56492
228.5220 -18.65428
228.5420 -18.76080
228.5572 -18.86858
228.5702 -18.96773
228.5805 -19.05886
228.5936 -19.14928
228.6039 -19.24033
228.6115 -19.32936
>           Pacific Ocean: PACIFIC PLATE, set 11 isochron: 11
233.8984  -1.29948
233.8997  -1.38268
233.9065  -1.47149
233.9238  -1.56519
233.9466  -1.65958
233.9715  -1.75049
233.9887  -1.83649
234.0004  -1.91409
234.0087  -1.98399
234.0218  -2.04831
234.0356  -2.11541
234.0501  -2.18671
234.0584  -2.26289
234.0666  -2.33767
234.0693  -2.41315
234.0741  -2.49001
234.0810  -2.57177
234.0961  -2.65701
234.1134  -2.74576
234.1334  -2.83309
234.1604  -2.92322
234.1963  -3.02103
234.2337  -3.13141
234.2634  -3.24456
234.2855  -3.34792
234.2993  -3.43868
234.3159  -3.52246
234.3311  -3.60555
234.3552  -3.69002
234.3746  -3.77308
234.3967  -3.85126
234.4147  -3.92526
234.4347  -4.00411
234.4547  -4.08783
234.4727  -4.16460
234.4934  -4.29686
234.4989  -4.36703
234.5059  -4.43304
234.5142  -4.34570
234.5404  -4.41711
234.5487  -4.51404
234.5631  -4.59004
234.5790  -4.66394
234.5852  -4.73504
234.5983  -4.82287
234.6114  -4.89117
234.6342  -4.97411
234.6536  -5.07513
234.6680  -5.15733
234.6860  -5.25278
234.7053  -5.35792
234.7246  -5.46099
234.7425  -5.56404
234.7584  -5.65801
234.7708  -5.74222
234.7784  -5.81599
234.7839  -5.88626
234.7914  -5.95930
234.8059  -6.03931
234.8246  -6.12694
234.8432  -6.21733
234.8591  -6.30702
234.8742  -6.39183
234.8894  -6.47037
234.9060  -6.54683
234.9343  -6.65662
234.9474  -6.73650
234.9585  -6.80317
234.9750  -6.88720
234.9930  -6.96983
235.0054  -7.05729
235.0150  -7.15237
235.0274  -7.25714
235.0419  -7.35080
235.0584  -7.43751
235.0681  -7.51378
235.0791  -7.59628
235.0880  -7.68155
235.0983  -7.77441
235.1079  -7.87140
235.1203  -7.96700
235.1369  -8.06258
235.1513  -8.15051
235.1665  -8.23774
235.1783  -8.32009
235.1907  -8.40659
235.2017  -8.49306
235.2134  -8.57537
235.2202  -8.64798
235.2209  -8.71296
>           Pacific Ocean: PACIFIC PLATE, set 11 isochron: 11
233.2472  16.69293
233.2471  16.58846
233.2470  16.49600
233.2490  16.42028
233.2552  16.35391
233.2676  16.28885
233.2828  16.22040
233.2980  16.15125
233.3111  16.08546
233.3345  15.95511
233.3455  15.87714
233.3572  15.78568
233.3682  15.69553
233.3779  15.60870
233.3861  15.53196
233.3923  15.45316
233.3998  15.37567
233.4067  15.29478
233.4170  15.21859
233.4280  15.14101
233.4404  15.06407
233.4501  14.98576
233.4562  14.91283
233.4610  14.84258
233.4637  14.77298
233.4657  14.70064
233.4670  14.62492
233.4738  14.54442
233.4870  14.45779
233.5035  14.37316
233.5166  14.29324
233.5262  14.21873
233.5324  14.14419
233.5406  14.06282
233.5489  13.97466
233.5627  13.87696
233.5757  13.77988
233.5895  13.67938
233.5984  13.57885
233.6052  13.47760
233.6134  13.38309
233.6251  13.29194
233.6417  13.19667
233.6582  13.09728
233.6706  12.99581
233.6781  12.89975
233.6801  12.80776
233.6842  12.72526
233.6917  12.64957
233.7034  12.58067
233.7152  12.51379
233.7255  12.44690
233.7372  12.37863
233.7483  12.30487
233.7579  12.22494
233.7647  12.13815
233.7723  12.04450
233.7833  11.94739
233.7950  11.84752
233.8060  11.75789
233.8107  11.67917
233.8155  11.61002
233.8175  11.53743
233.8216  11.45659
233.8215  11.36957
233.8194  11.28391
233.8144  11.20096
233.8129  11.12140
233.8170  11.04044
233.8218  10.96358
233.8245  10.88808
233.8272  10.81462
233.8368  10.73083
233.8492  10.63944
233.8595  10.54324
233.8643  10.45869
233.8725  10.38169
233.8829  10.31014
233.8994  10.23516
233.9132  10.15946
233.9277  10.08099
233.9394  10.00045
>           Pacific Ocean: PACIFIC PLATE, set 11 isochron: 11
218.3084  44.56038
218.2762  44.49125
218.2427  44.42255
218.2077  44.35180
218.1763  44.28095
218.1490  44.20501
218.1286  44.12547
218.1075  44.03928
218.0905  43.94844
218.0666  43.85547
218.0462  43.76339
218.0210  43.67973
218.0020  43.60455
217.9796  43.53635
217.9627  43.46957
217.9465  43.40271
217.9400  43.33627
217.9364  43.26978
217.9424  43.19708
217.9476  43.11459
217.9494  43.02335
217.9415  42.93608
217.9309  42.85844
217.9223  42.78886
217.9221  42.71918
217.9232  42.64531
217.9230  42.56417
217.9144  42.47828
217.9037  42.39128
217.8916  42.30932
217.8810  42.23034
217.8661  42.15124
217.8541  42.07414
217.8483  41.99849
217.8459  41.91959
217.8429  41.83179
217.8273  41.73606
217.8138  41.63810
217.8031  41.54106
217.8077  41.44961
217.8116  41.37007
217.8148  41.30091
217.8228  41.17499
>           Pacific Ocean: PACIFIC PLATE, set 11 isochron: 11
233.3714  33.69672
233.3691  33.62170
233.3696  33.55304
233.3824  33.42429
233.3892  33.35489
233.3945  33.28135
233.3951  33.21010
233.3976  33.13994
233.3981  33.07323
233.4014  33.00765
233.4061  32.94084
233.4163  32.86988
233.4272  32.79297
233.4352  32.71600
233.4371  32.64310
233.4328  32.57427
233.4171  32.43526
233.4127  32.35740
233.4083  32.26885
233.4025  32.17665
233.3953  32.08794
233.3910  32.00505
233.3928  31.92505
233.3982  31.83963
233.4035  31.74937
233.4032  31.65308
233.4001  31.55788
233.3978  31.46500
233.3982  31.37378
233.4007  31.27948
233.4033  31.18809
233.4058  31.10559
233.4056  31.03320
233.4054  30.96432
233.4045  30.89241
233.4057  30.81683
233.4076  30.73941
233.4129  30.66552
233.4225  30.59697
233.4327  30.53321
233.4401  30.46516
233.4413  30.38742
233.4418  30.29939
233.4450  30.20279
233.4538  30.10674
233.4625  30.00756
233.4650  29.91920
233.4627  29.83439
233.4597  29.75739
233.4651  29.67424
233.4718  29.58799
233.4805  29.49679
233.4852  29.40858
233.4918  29.31904
233.4986  29.23370
233.5046  29.14952
233.5099  29.07565
233.5125  29.00602
233.5172  28.93877
233.5239  28.86841
233.5334  28.79678
233.5409  28.72448
233.5427  28.64846
233.5439  28.56808
233.5507  28.48335
233.5636  28.40039
233.5801  28.32166
233.5882  28.25027
233.5922  28.18069
233.5913  28.10796
233.5973  28.02779
233.6068  27.94448
233.6177  27.86356
233.6251  27.78816
233.6333  27.71642
233.6393  27.64709
233.6454  27.57958
233.6466  27.51205
233.6548  27.43887
233.6664  27.35880
233.6786  27.26563
233.6839  27.16367
233.6877  27.05231
233.6951  26.94893
233.7074  26.85795
233.7161  26.77935
233.7257  26.70132
233.7296  26.61949
233.7370  26.53195
233.7375  26.44313
233.7435  26.35296
233.7474  26.26966
233.7562  26.19252
233.7574  26.12037
233.7538  26.04881
233.7439  25.97661
>           Pacific Ocean: PACIFIC PLATE, set 11 isochron: 11??
214.8467  55.09322
214.8476  54.99539
214.8500  54.90947
214.8531  54.83661
214.8542  54.77080
214.8536  54.64290
214.8547  54.57678
214.8564  54.50731
214.8574  54.43367
214.8549  54.35627
214.8469  54.27303
214.8354  54.19000
214.8253  54.10806
214.8215  54.03456
214.8226  53.96748
214.8296  53.84196
214.8321  53.77619
214.8359  53.70826
214.8412  53.63855
214.8450  53.56664
214.8425  53.49216
214.8338  53.41671
214.8244  53.34071
214.8193  53.26667
214.8182  53.18997
214.8192  53.10979
214.8175  53.02486
214.8129  52.94398
214.8049  52.86849
>           Pacific Ocean: PACIFIC PLATE, set 11 isochron: 11??
217.3751  57.24679
217.3844  57.16756
217.3888  57.09238
217.3864  57.02276
217.3808  56.89071
217.3805  56.82183
217.3801  56.74899
217.3742  56.67912
217.3583  56.54969
217.3500  56.42057
217.3420  56.34850
217.3340  56.26895
217.3329  56.18575
217.3373  56.10280
217.3411  56.02668
217.3408  55.95816
217.3339  55.83369
217.3221  55.69584
217.3106  55.61580
>           Pacific Ocean: EURASIA PLATE, set 02 isochron: 11
115.8927  18.31853
116.0349  18.33276
116.1735  18.35421
116.3087  18.38688
116.4418  18.42679
>           Pacific Ocean: NAZCA PLATE, set 06 isochron: 11
282.0467 -35.01052
282.0951 -35.07623
282.1470 -35.14246
282.2045 -35.20982
282.2647 -35.27768
282.3250 -35.34605
282.3860 -35.41491
282.4428 -35.48315
282.4989 -35.55077
282.5501 -35.62060
282.6055 -35.69659
282.6615 -35.78326
282.7162 -35.87323
282.7619 -35.96085
282.8041 -36.03876
282.8504 -36.10987
282.9024 -36.17808
282.9592 -36.24287
283.0118 -36.30701
283.0651 -36.36943
283.1129 -36.43571
283.1634 -36.50643
283.2174 -36.58157
283.2790 -36.66222
283.3420 -36.74561
283.4030 -36.83167
283.4611 -36.91542
283.5207 -36.99462
283.5788 -37.06929
283.6342 -37.13943
283.6855 -37.20786
>           Pacific Ocean: NAZCA PLATE, set 06 isochron: 11
276.0173 -29.70294
276.0567 -29.77569
276.1010 -29.85324
276.1466 -29.93258
276.1937 -30.00639
276.2339 -30.07411
276.2712 -30.13876
276.3086 -30.20638
276.3453 -30.27635
276.3840 -30.34810
276.4179 -30.41679
276.4539 -30.48540
276.4899 -30.55219
276.5321 -30.62373
276.5771 -30.69282
276.6214 -30.76545
276.6616 -30.83323
276.6982 -30.90218
276.7308 -30.96866
276.7619 -31.03688
276.7951 -31.10268
276.8318 -31.16544
276.8699 -31.22517
276.9107 -31.28607
276.9564 -31.35526
277.0139 -31.43691
277.0762 -31.53042
277.1447 -31.62383
277.2050 -31.71064
277.2589 -31.78606
277.3040 -31.85548
277.3545 -31.91952
277.4016 -31.98471
277.4459 -32.05100
277.4777 -32.12139
277.5116 -32.19055
277.5469 -32.25730
277.5898 -32.32105
277.6348 -32.38654
277.6805 -32.45666
277.7248 -32.52911
277.7698 -32.60031
277.8190 -32.66853
277.8688 -32.73552
277.9138 -32.80246
277.9561 -32.86758
277.9990 -32.93207
278.0468 -32.99768
278.0959 -33.06676
278.1486 -33.13695
278.2060 -33.20884
278.2690 -33.28067
278.3300 -33.35536
278.3846 -33.42764
278.4304 -33.50045
278.4753 -33.57203
278.5238 -33.64414
278.5785 -33.71792
278.6353 -33.79224
278.6914 -33.86763
278.7461 -33.94125
>           Pacific Ocean: NAZCA PLATE, set 06 isochron: 11
273.1074 -13.59600
273.1489 -13.68230
273.1917 -13.76791
273.2346 -13.85007
273.2734 -13.92542
273.3108 -13.99600
273.3475 -14.06452
273.3856 -14.13440
273.4243 -14.20829
273.4686 -14.29302
273.5198 -14.38853
273.5786 -14.49013
273.6334 -14.58288
273.6832 -14.66679
273.7206 -14.74119
273.7566 -14.81623
273.7885 -14.88991
273.8244 -14.96288
273.8611 -15.03313
273.9034 -15.10539
273.9463 -15.18706
273.9933 -15.27071
274.0300 -15.34962
274.0646 -15.42176
274.0915 -15.50059
274.1310 -15.59220
274.1697 -15.68578
274.2140 -15.77529
274.2576 -15.85738
274.3047 -15.93674
274.3483 -16.01742
274.3871 -16.09870
274.4300 -16.18334
274.4743 -16.26257
274.5172 -16.33640
274.5546 -16.40416
274.5934 -16.47591
274.6335 -16.54899
274.6653 -16.61667
274.7089 -16.70174
274.7512 -16.77071
274.7851 -16.84233
274.8190 -16.91192
274.8681 -17.00553
274.8986 -17.07573
274.9388 -17.12853
274.9692 -17.19599
275.0093 -17.25945
275.0426 -17.32021
275.0744 -17.40294
275.1062 -17.47565
275.1381 -17.53898
275.1712 -17.61296
275.2176 -17.71487
275.2522 -17.77215
275.2951 -17.83539
275.3395 -17.90726
275.3900 -17.99172
275.4391 -18.06819
275.4807 -18.13666
275.5174 -18.19180
275.5790 -18.29539
275.6364 -18.41812
275.6690 -18.49107
275.7063 -18.56597
275.7465 -18.64017
275.7831 -18.71435
275.8163 -18.79179
275.8495 -18.86919
275.8856 -18.94394
275.9222 -19.01005
275.9561 -19.07349
275.9873 -19.13821
276.0212 -19.20821
276.0544 -19.28146
276.0911 -19.35600
276.1299 -19.43250
276.1741 -19.50961
276.2157 -19.58603
276.2544 -19.66372
276.2967 -19.74665
276.3451 -19.84266
276.4012 -19.94127
276.4572 -20.03194
276.5147 -20.10815
>           Pacific Ocean: ANTARCTICA PLATE, set 01 isochron: 11
220.5590 -64.63568
220.6676 -64.56618
220.7830 -64.49863
220.8947 -64.43449
220.9974 -64.37234
221.0849 -64.30698
221.1683 -64.23694
221.2531 -64.16127
221.3364 -64.08725
221.4267 -64.01517
221.5211 -63.94748
221.6245 -63.88239
221.7277 -63.81963
>           Pacific Ocean: ANTARCTICA PLATE, set 01 isochron: 11
226.6774 -60.20964
226.7408 -60.13727
226.8082 -60.06551
226.8783 -59.99391
226.9527 -59.92113
227.0270 -59.84961
227.1048 -59.77791
227.1861 -59.70428
227.2694 -59.62772
227.3507 -59.55238
227.4229 -59.48183
227.4874 -59.41499
227.5463 -59.34950
>           Pacific Ocean: ANTARCTICA PLATE, set 01 isochron: 11
227.6155 -58.99324
227.6600 -58.93004
227.7108 -58.86497
227.7762 -58.79909
227.8553 -58.73456
227.9468 -58.67245
>           Pacific Ocean: ANTARCTICA PLATE, set 01 isochron: 11
234.4435 -60.00146
234.5722 -59.94197
234.6854 -59.87990
234.7756 -59.81668
234.8554 -59.75333
234.9381 -59.69162
235.0339 -59.62982
235.1436 -59.56718
235.2568 -59.50478
235.3727 -59.44334
235.4796 -59.38425
235.5802 -59.32364
235.6732 -59.25969
235.7726 -59.19423
235.8746 -59.13045
235.9794 -59.07152
236.0801 -59.00783
236.1801 -58.93896
236.2738 -58.86279
236.3620 -58.79008
236.4439 -58.71973
236.5300 -58.65179
236.6154 -58.58296
236.7105 -58.51474
236.8050 -58.44640
236.9049 -58.37788
236.9952 -58.30815
237.0854 -58.23903
237.1750 -58.16977
237.2702 -58.10001
237.3688 -58.02937
237.4736 -57.95749
237.5827 -57.88547
237.6896 -57.81255
237.7923 -57.74171
237.8909 -57.67409
237.9817 -57.61119
238.0595 -57.54964
238.1303 -57.48799
238.2053 -57.42513
238.2880 -57.36292
238.3734 -57.30096
238.4594 -57.24004
238.5489 -57.17978
238.6425 -57.12057
>           Pacific Ocean: ANTARCTICA PLATE, set 01 isochron: 11
253.1550 -58.37889
253.1885 -58.30211
253.2226 -58.22853
253.2560 -58.15848
253.2894 -58.08829
253.3207 -58.01869
253.3499 -57.94969
253.3756 -57.88393
253.3972 -57.81876
253.4181 -57.75082
253.4439 -57.67909
253.4822 -57.60347
253.5336 -57.52846
253.5871 -57.45255
253.6379 -57.37796
253.6837 -57.30476
253.7309 -57.23448
>           Pacific Ocean: ANTARCTICA PLATE, set 01 isochron: 11
258.2158 -55.10635
258.1292 -55.16122
258.0459 -55.21919
257.9688 -55.28421
257.8987 -55.35072
257.8320 -55.41910
257.7702 -55.48579
257.7063 -55.55161
257.6451 -55.61728
257.5785 -55.68285
257.5153 -55.74948
257.4458 -55.81718
257.3737 -55.88358
257.2993 -55.94908
257.2278 -56.01213
257.1653 -56.07588
257.1034 -56.13951
257.0485 -56.20381
256.9839 -56.26530
256.9256 -56.32440
256.8618 -56.38028
256.8076 -56.43687
256.7458 -56.49338
256.6345 -56.60693
>           Pacific Ocean: ANTARCTICA PLATE, set 01 isochron: 11
258.5803 -52.04558
258.7241 -51.84476
>           Pacific Ocean: ANTARCTICA PLATE, set 01 isochron: 11
262.8352 -49.30850
262.7783 -49.41087
262.7359 -49.49684
262.7018 -49.56689
262.6356 -49.69537
262.5960 -49.76242
262.5487 -49.83293
262.4966 -49.90515
262.4452 -49.97682
262.3958 -50.04747
262.3458 -50.12337
262.2916 -50.20494
262.2366 -50.28772
262.1893 -50.36150
262.1503 -50.42717
262.1169 -50.48964
262.0828 -50.55511
262.0452 -50.62228
262.0056 -50.68758
261.9673 -50.74971
261.9291 -50.81218
261.8874 -50.87898
261.8400 -50.95053
>           Pacific Ocean: ANTARCTICA PLATE, set 06 isochron: 11
284.0912 -64.86198
283.9956 -64.93005
283.8936 -64.99829
283.7812 -65.06404
283.6583 -65.12755
283.5291 -65.18857
283.3976 -65.24974
>           Pacific Ocean: ANTARCTICA PLATE, set 06 isochron: 11
287.0792 -62.78775
286.9684 -62.84805
286.8553 -62.90604
286.7372 -62.96170
286.6106 -63.01567
>           Pacific Ocean: ANTARCTICA PLATE, set 08 isochron: 11
278.9259 -55.44841
279.0416 -55.47296
279.1560 -55.50652
279.2682 -55.54320
279.3799 -55.58141
279.4950 -55.61018
279.6163 -55.63892
279.7452 -55.66998
279.8770 -55.70534
280.0114 -55.74300
280.1446 -55.77791
280.2763 -55.81238
280.3990 -55.84291
280.5176 -55.87224
280.6348 -55.90039
280.7554 -55.92931
280.8740 -55.95702
280.9877 -55.98120
281.0980 -56.00148
281.2117 -56.02292
281.3288 -56.04980
281.4522 -56.08131
281.5750 -56.11281
281.6998 -56.14465
281.8190 -56.17761
281.9341 -56.21442
282.0423 -56.24541
282.1477 -56.27174
282.3571 -56.31314
282.4694 -56.33557
282.5941 -56.35838
282.7273 -56.38158
282.8625 -56.40358
282.9895 -56.42017
283.1067 -56.43059
283.2169 -56.43716
283.4312 -56.46416
283.5374 -56.48413
>           Pacific Ocean: ANTARCTICA PLATE, set 08 isochron: 11
271.3997 -49.83720
271.4648 -49.89064
271.5416 -49.94449
271.6282 -50.00497
271.7177 -50.07121
>           Pacific Ocean: ANTARCTICA PLATE, set 08 isochron: 11
270.2396 -49.14058
270.3261 -49.19708
270.4127 -49.25713
270.4951 -49.32391
270.5701 -49.39427
>           Pacific Ocean: ANTARCTICA PLATE, set 08 isochron: 11??
274.6318 -50.87807
274.7253 -50.92729
274.8153 -50.97775
274.9033 -51.02818
274.9900 -51.07767
275.0786 -51.12405
275.1632 -51.16994
275.2430 -51.21709
>           Pacific Ocean: AUSTRALIA PLATE, set 07 isochron: 11
172.0416 -24.70404
172.1810 -24.69120
172.3204 -24.67195
172.4597 -24.64629
>           Pacific Ocean: AUSTRALIA PLATE, set 07 isochron: 11
175.3352 -23.03421
175.2134 -23.16588
175.0853 -23.29298
174.9509 -23.41932
174.8082 -23.54236
174.6675 -23.66974
174.5276 -23.79698
174.4035 -23.92535
174.2844 -24.05485
174.1708 -24.18423
174.0426 -24.29765
173.9054 -24.38559
173.7577 -24.44301
173.6073 -24.48833
173.4568 -24.51904
173.3084 -24.54206
>           Pacific Ocean: AUSTRALIA PLATE, set 07 isochron: 11
177.4320 -22.85126
177.4890 -22.99941
177.5335 -23.13853
177.5627 -23.26920
177.5830 -23.39848
177.5970 -23.52763
177.6020 -23.65923
177.5973 -23.79136
177.5788 -23.92656
177.5519 -24.05656
177.5160 -24.18135
177.4772 -24.30036
>           Pacific Ocean: AUSTRALIA PLATE, set 07 isochron: 11
177.5836 -24.58575
177.4375 -24.66653
177.3121 -24.76297
177.2254 -24.87633
177.1860 -25.00279
177.1826 -25.13412
177.1973 -25.27033
177.2169 -25.40386
177.2357 -25.53600
177.2532 -25.66483
177.2672 -25.79102
177.2784 -25.91460
177.2883 -26.03487
177.2995 -26.15504
177.3163 -26.27383
177.3393 -26.39249
177.3672 -26.51044
>           Pacific Ocean: AUSTRALIA PLATE, set 07 isochron: 11??
172.5407 -24.50349
172.6870 -24.50584
172.8306 -24.50433
172.9665 -24.50089
173.0961 -24.49678
>           Pacific Ocean: AUSTRALIA PLATE, set 08 isochron: 11
177.1474 -32.15072
177.0528 -32.31609
176.9683 -32.46830
176.8935 -32.61372
176.8291 -32.75591
176.7605 -32.90262
176.6871 -33.04443
176.6020 -33.18606
176.5126 -33.32863
176.4191 -33.47330
176.3304 -33.61196
176.2458 -33.74628
176.1682 -33.87630
176.0912 -34.00500
176.0142 -34.12714
175.9357 -34.24456
>           Pacific Ocean: AUSTRALIA PLATE, set 09 isochron: 11??
178.7025 -20.15754
178.6368 -20.27869
178.5758 -20.39976
178.5253 -20.52136
178.4838 -20.64483
178.4500 -20.76818
178.4182 -20.89011
178.3844 -21.01001
178.3491 -21.12980
178.3111 -21.25081
178.2730 -21.37305
>           Pacific Ocean: AUSTRALIA PLATE, set 09 isochron: 11??
180.3876 -20.26632
180.3372 -20.39257
180.2860 -20.51614
180.2341 -20.63833
180.1899 -20.76430
180.1470 -20.89798
180.1042 -21.03610
180.0502 -21.17284
179.9880 -21.30554
179.9174 -21.43944
179.8447 -21.57775
179.7713 -21.72054
>           South Atlantic Ocean: SOUTH AMERICA PLATE, set 02 isochron: 11
338.4850 -58.48357
338.4276 -58.57341
338.3769 -58.65945
338.3351 -58.74277
338.2961 -58.81900
338.2536 -58.89259
338.2054 -58.96252
>           South Atlantic Ocean: SCOTIA PLATE, set 02 isochron: 11(6?)
317.9085 -57.85661
318.0541 -57.84892
318.1914 -57.84303
318.3253 -57.83975
318.4668 -57.83646
318.6215 -57.83160
318.7782 -57.82336
318.9225 -57.81926
319.0515 -57.81523
319.1750 -57.81200
319.3005 -57.80580
319.4288 -57.80217
319.5565 -57.80142
>           South Atlantic Ocean: SCOTIA PLATE, set 03 isochron: 11
308.2338 -59.08917
308.1866 -59.15085
308.1394 -59.21281
308.0920 -59.27467
308.0503 -59.33467
308.0058 -59.39314
307.9585 -59.45050
>           South Atlantic Ocean: SCOTIA PLATE, set 03 isochron: 11
316.1164 -56.19240
316.0616 -56.25887
316.0081 -56.32600
315.9518 -56.39650
315.8879 -56.47110
315.8162 -56.54944
>           Indian Ocean: ANTARCTICA PLATE, set 05 isochron: 11
 67.1825 -34.21478
 67.3331 -34.31950
 67.4775 -34.43032
 67.6101 -34.54839
 67.7399 -34.66803
 67.8698 -34.78808
 68.0100 -34.90400
 68.1552 -35.01410
 68.3059 -35.11723
 68.4561 -35.21227
 68.6048 -35.30605
 68.7495 -35.39741
 68.8915 -35.49091
>           Indian Ocean: ANTARCTICA PLATE, set 05 isochron: 11
 68.4127 -38.29588
 68.6104 -38.44388
 68.7913 -38.57573
 68.9537 -38.69099
 69.1064 -38.80383
 69.2577 -38.92029
 69.4075 -39.04356
 69.5539 -39.16446
 69.6982 -39.28836
 69.8421 -39.41261
>           Indian Ocean: ANTARCTICA PLATE, set 05 isochron: 11
 69.2646 -39.89189
 69.4678 -40.09177
 69.6532 -40.27042
 69.8230 -40.42213
 69.9811 -40.55074
 70.1413 -40.66855
 70.3036 -40.78349
 70.4639 -40.90085
 70.6228 -41.01695
 70.7735 -41.12495
 70.9224 -41.22441
>           Indian Ocean: ANTARCTICA PLATE, set 05 isochron: 11
 70.1992 -43.29028
 70.4217 -43.48947
 70.6141 -43.65585
 70.7819 -43.78810
 70.9411 -43.90446
>           Indian Ocean: ANTARCTICA PLATE, set 05 isochron: 11
 69.1458 -45.29536
 69.3318 -45.41759
 69.5043 -45.53900
 69.6638 -45.65625
 69.8199 -45.76550
 69.9781 -45.87210
 70.1369 -45.98088
 70.3005 -46.09482
 70.4648 -46.21042
 70.6340 -46.32341
 70.8011 -46.43947
 70.9757 -46.55818
 71.1530 -46.68524
 71.3277 -46.80629
 71.4989 -46.92656
 71.6708 -47.04611
 71.8499 -47.17297
>           Indian Ocean: ANTARCTICA PLATE, set 05 isochron: 11
 73.2630 -46.72952
 73.4487 -46.86279
 73.6237 -46.99428
 73.7879 -47.12308
 73.9561 -47.24922
 74.1354 -47.37512
 74.3251 -47.50166
 74.5072 -47.62645
 74.6735 -47.74947
 74.8273 -47.87169
 74.9816 -47.99643
 75.1416 -48.12091
 75.3030 -48.24048
 75.4590 -48.35326
 75.6107 -48.46483
 75.7557 -48.57248
 75.8877 -48.66614
 75.9841 -48.72562
 76.0550 -48.77574
 76.1131 -48.78101
>           Indian Ocean: ANTARCTICA PLATE, set 05 isochron: 11
 83.0013 -49.48895
 83.1790 -49.59003
 83.3543 -49.69536
 83.5344 -49.80185
 83.7208 -49.90771
 83.9163 -50.00577
 84.1133 -50.09651
 84.3123 -50.18661
 84.5106 -50.27785
 84.7075 -50.37556
 84.9037 -50.47131
 85.1033 -50.56778
 85.3051 -50.65965
 85.5056 -50.74738
 85.6992 -50.83141
 85.8872 -50.91481
 86.0717 -51.00502
 86.2595 -51.09946
 86.4472 -51.20323
 86.6350 -51.30592
 86.8161 -51.40453
 86.9972 -51.48776
 87.1805 -51.56355
 87.3671 -51.64087
 87.5557 -51.72668
 87.7429 -51.81961
 87.9315 -51.91069
 88.1203 -51.99814
 88.3108 -52.08110
>           Indian Ocean: AUSTRALIA PLATE, set 02 isochron: 11
 77.9190 -22.00399
 78.1152 -22.12764
 78.2930 -22.23684
 78.4557 -22.33493
 78.6073 -22.42647
 78.7616 -22.52310
 78.9131 -22.62799
 79.0653 -22.73730
 79.2113 -22.84651
 79.3552 -22.94985
 79.4977 -23.05822
 79.6416 -23.16204
 79.7835 -23.25938
 79.9275 -23.34897
 80.0743 -23.43980
 80.2217 -23.53567
 80.3609 -23.63651
 80.4917 -23.74297
>           Indian Ocean: AUSTRALIA PLATE, set 02 isochron: 11
 81.1442 -26.45220
 81.3291 -26.59450
 81.5088 -26.71980
 81.6791 -26.82006
 81.8453 -26.90469
 82.0018 -26.98112
 82.1528 -27.06490
 82.2940 -27.15787
 82.4318 -27.24953
 82.5655 -27.32565
 82.6988 -27.37944
 82.8314 -27.42079
>           Indian Ocean: AUSTRALIA PLATE, set 02 isochron: 11
 88.2763 -34.71018
 88.4759 -34.80830
 88.6600 -34.89814
 88.8289 -34.97470
 88.9922 -35.05515
 89.1534 -35.14061
 89.3166 -35.24077
 89.4790 -35.34083
 89.6464 -35.43568
 89.8077 -35.51965
 89.9649 -35.59725
 90.1123 -35.68037
 90.2541 -35.77240
 90.3904 -35.87389
>           Indian Ocean: AUSTRALIA PLATE, set 02 isochron: 11
 90.8122 -35.36733
 90.9698 -35.44743
 91.1255 -35.52516
 91.2778 -35.60106
 91.4301 -35.67745
 91.5872 -35.75888
 91.7540 -35.84249
 91.9286 -35.92656
>           Indian Ocean: AUSTRALIA PLATE, set 02 isochron: 11
101.8225 -38.53532
102.0161 -38.60910
102.2003 -38.67558
102.3791 -38.73604
102.5633 -38.79753
102.7565 -38.86389
102.9517 -38.93719
103.1427 -39.01311
103.3240 -39.09157
103.4950 -39.16345
103.6564 -39.22932
103.8130 -39.28810
103.9738 -39.34634
104.1407 -39.40454
104.3139 -39.46272
104.4830 -39.52028
104.6473 -39.57713
