> Mid ocean ridges                                  
 -62.89428  156.29649
 -62.81667  156.52135
 -62.69753  156.93111
 -62.64469  157.09100
 -62.55028  157.37083
 -62.37909  157.90051
 -62.27680  158.28032
 -62.08294  158.94495
 -61.95614  159.37471
 -61.83115  159.88448
 -61.75546  160.10434
 -61.68665  160.43921
 -61.62487  160.66409
 -61.58203  160.80402
>
 -62.07707  161.84995
 -61.99026  162.05478
 -61.91496  162.31964
 -61.83240  162.54449
 -61.78986  162.67941
>
 -62.39284  163.97054
 -62.34177  164.15543
 -62.26034  164.45529
 -62.20203  164.68518
 -62.14595  164.89507
>
 -62.86063  166.40143
 -62.76464  166.60124
 -62.66602  166.86606
 -62.59238  167.13591
 -62.55782  167.23586
 -62.44458  167.63063
 -62.37505  167.86549
>
 -62.75236  168.71123
 -62.70650  168.87112
 -62.64448  169.06601
 -62.56157  169.35585
>
 -66.09996  181.23302
 -66.00858  181.49782
 -65.86986  181.95752
 -65.76121  182.33730
 -65.65826  182.75708
 -65.59010  183.01193
 -65.49480  183.35173
 -65.42828  183.60159
 -65.40121  183.71654
>
 -65.65958  184.80707
 -65.56663  185.06187
 -65.41928  185.48157
 -65.22085  185.98615
 -65.08629  186.41087
 -64.94257  186.86058
 -64.80237  187.24028
 -64.64859  187.62497
 -64.53909  187.99976
 -64.42268  188.38951
>
 -64.77784  190.21524
 -64.63683  190.42995
 -64.42826  190.73952
 -64.24197  191.10915
 -64.09595  191.41885
 -63.97770  191.65361
 -63.81704  192.01830
 -63.64659  192.35796
 -63.42817  192.79253
 -63.22831  193.27213
 -63.08147  193.63185
 -62.97482  193.91165
 -62.86324  194.14143
 -62.75351  194.41122
 -62.67783  194.59607
>
