> SW Pacific FZs                                    
 -51.85726  185.92357
 -52.01447  186.17918
 -52.16805  186.43478
 -52.32104  186.75041
 -52.42753  187.22597
 -52.52491  187.44638
 -52.74031  187.84224
 -52.94247  188.32310
 -53.17381  188.74403
 -53.32035  189.03964
 -53.50511  189.35539
 -53.76302  189.78641
 -53.99583  190.20236
 -54.26539  190.62843
 -54.46642  190.93423
 -54.84267  191.35565
 -55.03801  191.66646
 -55.20098  191.94713
 -55.42009  192.32304
 -55.63234  192.69893
 -55.75624  193.00449
 -55.89938  193.33014
 -56.11452  193.80609
 -56.22023  194.07158
 -56.38942  194.37729
 -56.49994  194.60779
 -56.59634  194.83324
 -56.62108  194.90335
>
 -52.14880  189.81140
 -52.53985  190.37288
 -52.87919  190.85918
 -53.19175  191.48047
 -53.48431  191.96663
 -53.83688  192.54303
 -54.18663  193.01437
 -54.48695  193.46057
 -54.77343  193.98175
 -55.01490  194.44777
 -55.14359  194.77835
 -55.19781  194.89859
 -55.19780  194.90359
>
 -56.99352  182.06821
 -57.13215  182.32881
 -57.30259  182.75462
 -57.52870  183.23564
 -57.69207  183.54137
 -57.89456  183.94728
 -58.07744  184.29810
 -58.21467  184.53871
 -58.40105  185.00461
 -58.50035  185.30011
 -58.69300  185.80606
 -58.89741  186.44212
 -59.00308  186.70264
 -59.22887  187.20370
 -59.38947  187.69453
 -59.56453  188.18542
 -59.68327  188.52103
 -59.78143  188.84157
 -59.86681  189.08200
 -59.93445  189.28235
>
 -58.57792  186.18584
 -58.63764  186.47620
 -58.81143  186.93205
 -58.97394  187.47791
 -59.16135  188.04887
 -59.31207  188.50966
 -59.46725  188.93544
 -59.59138  189.29608
 -59.77037  189.87703
 -59.99103  190.44315
 -60.13562  190.86389
 -60.27213  191.27962
 -60.40060  191.75034
 -60.49164  192.16089
 -60.63638  192.70172
 -60.75621  193.03734
 -60.85607  193.37790
 -60.92400  193.70833
 -61.02808  194.16895
 -61.08356  194.48431
 -61.16547  194.84482
 -61.17989  194.92493
> 
 -57.07090  183.69930
 -57.22816  184.02499
 -57.38210  184.31567
 -57.54070  184.66141
 -57.73349  184.92221
 -57.85607  185.14775
 -57.98859  185.63847
 -58.13905  186.21428
 -58.24414  186.73991
 -58.33853  187.13046
 -58.43524  187.58603
 -58.51862  188.01653
 -58.61231  188.37206
 -58.73697  188.73268
 -58.85603  189.05827
 -59.01080  189.39401
 -59.12127  189.64954
 -59.27737  190.02029
 -59.44547  190.41609
 -59.59001  190.73680
 -59.73133  191.12752
 -59.84690  191.51814
 -59.98458  191.97388
 -60.09434  192.30446
 -60.20618  192.68507
 -60.34230  193.20085
 -60.41375  193.58130
 -60.53431  194.01698
 -60.61275  194.34244
 -60.68371  194.61784
 -60.77158  194.95335
>
 -62.55422  194.96039
 -62.47358  194.64491
 -62.34398  194.27420
 -62.20220  193.82841
 -62.11131  193.43285
 -61.97780  193.05212
 -61.89327  192.70160
 -61.84652  192.15614
 -61.76651  191.64558
 -61.60787  191.03966
 -61.49132  190.61899
 -61.40306  190.25346
 -61.30258  189.83786
 -61.18487  189.42218
 -61.07393  189.07658
 -60.96508  188.67596
 -60.86310  188.35541
 -60.81953  187.96005
 -60.73185  187.57452
 -60.63655  187.18896
 -60.55081  186.81345
 -60.44266  186.39282
 -60.34898  186.00726
 -60.26014  185.49168
 -60.20320  185.20132
>
 -61.27308  190.52309
 -61.18658  190.19757
 -61.12172  189.77710
 -61.01295  189.46153
 -60.94519  189.15112
 -60.85294  188.79059
 -60.76283  188.48009
 -60.67239  188.25462
 -60.58669  187.95415
 -60.49585  187.61862
 -60.40228  187.27310
 -60.27614  186.97748
 -60.20174  186.76709
 -60.03762  186.14616
 -59.82738  185.54008
 -59.68394  185.14935
 -59.56518  184.84377
 -59.45361  184.56320
 -59.33910  184.31265
 -59.21144  183.99203
 -59.13973  183.82669
 -58.98551  183.53098
 -58.89544  183.13045
 -58.78939  182.91496
 -58.71946  182.68959
 -58.59731  182.38400
 -58.45647  181.99330
 -58.34910  181.75279
 -58.21508  181.46217
 -58.15712  181.32190
 -57.98248  181.11618
 -57.81766  180.90048
 -57.66018  180.62480
 -57.45086  180.33893
 -57.27551  180.08820
 -57.15907  179.91769
>
 -53.49210  174.32281
 -53.70886  174.53860
 -54.01887  174.66466
 -54.32355  174.91077
 -54.58251  175.11169
 -54.87741  175.22771
 -55.11300  175.26350
 -55.41824  175.38957
 -55.69581  175.46051
 -56.04977  175.58676
 -56.28942  175.75766
 -56.53592  175.87856
 -56.78901  176.04449
 -57.05405  176.19548
 -57.23061  176.27614
 -57.46825  176.46204
 -57.80315  176.72835
 -57.97345  176.83900
 -58.19831  177.06992
 -58.44015  177.25587
 -58.64381  177.49672
 -58.88251  177.78773
 -59.09900  178.07367
 -59.31422  178.26955
 -59.56879  178.38554
 -59.78105  178.57643
 -59.92928  178.78209
 -60.12927  178.98293
 -60.22121  179.22839
 -60.35741  179.61411
>
 -51.53705  175.61745
 -51.76381  175.72319
 -52.09099  175.92929
 -52.38535  176.03024
 -52.72326  176.16135
 -52.95317  176.21208
 -53.25974  176.34811
 -53.70056  176.66466
 -54.03413  176.83580
 -54.31849  176.86172
 -54.76031  176.75810
 -55.03679  176.79401
 -55.38823  176.86020
 -55.74768  177.09651
 -56.11212  177.43790
 -56.48148  177.73929
 -56.93215  177.99097
 -57.31789  178.33746
 -57.61658  178.65866
 -57.95274  178.95499
 -58.25681  179.26624
 -58.52685  179.62738
 -58.74299  179.89328
 -58.88546  180.08389
 -59.13797  180.32994
 -59.30444  180.48062
 -59.46251  180.58125
 -59.58410  180.95689
 -59.72797  181.34262
 -59.86371  181.70331
 -60.04140  182.11417
 -60.15092  182.49477
 -60.25259  182.92038
 -60.34897  183.36096
 -60.48935  183.97179
 -60.60456  184.56252
 -60.69993  184.97809
 -60.75834  185.37352
 -60.82878  185.85904
 -60.92337  186.39966
 -61.06120  187.08554
 -61.15759  187.54614
 -61.22952  188.06668
>
 -63.15639  188.29953
 -62.97769  187.66348
 -62.76130  186.94223
 -62.55939  186.31108
 -62.39082  185.85017
 -62.23761  185.38432
 -61.95689  184.74289
 -61.67355  184.09644
 -61.48334  183.51540
 -61.24867  182.88416
>
 -66.42184  194.84718
 -66.26345  194.32619
 -66.02711  193.43965
 -65.85401  192.80853
 -65.63449  191.95712
 -65.33790  191.17538
 -65.03582  190.37863
 -64.74728  189.72203
 -64.51169  189.10071
 -64.25865  188.69440
 -63.99683  188.11798
 -63.79231  187.54182
 -63.50615  186.77023
 -63.31380  186.20413
 -63.13369  185.71315
 -62.90493  184.81175
 -62.65840  183.75021
 -62.52060  183.10434
 -62.31019  182.33810
 -62.13091  181.78210
 -61.99523  181.29132
 -61.83294  180.80542
 -61.71746  180.13963
 -61.69225  179.11902
 -61.63341  178.44345
 -61.56979  177.65280
 -61.52267  176.96729
 -61.44675  176.28664
 -61.36107  175.59596
 -61.25317  175.24036
 -61.03369  174.66922
 -60.68540  174.10760
 -60.41232  173.78140
 -59.92950  173.20930
 -59.57146  172.90282
 -59.28641  172.61160
 -58.98853  172.40543
 -58.75822  172.26953
>
 -61.54399  179.82379
 -61.37206  179.38789
 -61.22082  179.03214
 -60.97680  178.48592
 -60.78709  178.03494
 -60.61830  177.66412
 -60.41362  177.71837
 -59.97326  177.34653
 -59.53209  176.93468
 -59.04660  176.35262
 -58.55927  175.89563
 -58.09943  175.49377
 -57.69244  175.16719
>
 -66.95622  187.93126
 -66.74986  187.40001
 -66.46404  186.65828
 -66.20117  185.93170
 -66.06768  185.57089
 -65.91109  185.11995
 -65.70002  184.62373
 -65.41232  184.08717
 -65.19710  183.67101
 -64.96105  183.22473
 -64.68667  182.59821
 -64.51085  182.14221
 -64.38795  181.83151
 -64.24734  181.21561
 -64.06877  180.63956
 -63.92635  180.25876
 -63.72366  179.53754
 -63.53505  178.92644
 -63.40822  178.10049
 -63.24250  177.28938
 -62.98272  176.43289
 -62.74560  175.86662
 -62.47886  175.22021
 -62.35157  174.90456
>
 -66.04075  180.89844
 -65.95735  180.71297
 -65.68274  180.29649
 -65.43445  179.76012
 -65.17947  179.36377
 -64.94548  178.80244
 -64.74562  178.44640
 -64.56360  178.15045
 -64.34355  177.79431
 -64.08023  177.35295
 -63.82537  177.00668
 -63.67712  176.78596
>
 -63.83904  176.51651
 -64.03043  176.63239
 -64.21603  176.89832
 -64.45438  177.25452
 -64.72269  177.71092
 -64.96515  178.06216
 -65.19487  178.49341
 -65.47461  178.96489
 -65.71439  179.35117
 -65.90288  179.81726
 -66.13654  180.42865
 -66.30562  181.18481
 -66.44774  181.71074
>
 -64.73276  175.83002
 -64.58501  175.60426
 -64.39119  175.17322
 -64.09553  174.72171
 -63.92684  174.32579
 -63.69072  173.78952
 -63.36510  173.34293
 -63.14226  172.95181
 -62.97222  172.73099
>
 -63.58986  174.72955
 -63.37113  174.18338
 -63.17562  173.61227
 -62.95377  173.01605
 -62.79895  172.45514
 -62.69394  171.87442
 -62.52855  171.26843
 -62.36924  170.62749
 -62.25804  170.03674
 -62.08324  169.36569
 -61.85071  168.76447
 -61.78011  168.33897
 -61.79943  167.91385
 -61.68862  167.18805
 -61.55347  166.56720
 -61.45829  166.11160
 -61.38202  165.65607
 -61.26474  165.09534
 -61.18069  164.70480
 -61.00208  164.06380
 -60.86126  163.69807
 -60.72722  163.27734
 -60.60728  162.95172
 -60.51390  162.76128
 -60.48720  162.29094
 -60.43330  161.82050
>
 -50.03201  165.70804
 -50.18634  165.60844
 -50.46148  165.51419
 -50.69700  165.39484
 -50.99448  165.24565
 -51.17710  165.14613
 -51.37144  165.10170
 -51.76083  164.94780
 -52.13767  164.79387
 -52.41355  164.75970
 -52.68473  164.67549
 -52.96632  164.58632
 -53.18614  164.45694
 -53.34207  164.33736
 -53.62243  164.19818
 -53.93919  164.12915
 -54.26534  164.01012
 -54.59760  163.91615
 -54.87252  163.75195
 -55.00491  163.73238
 -55.30264  163.65833
 -55.57830  163.62421
 -55.82674  163.57501
 -56.02883  163.54066
 -56.24098  163.52638
 -56.61212  163.57266
 -56.94418  163.58879
 -57.20279  163.63470
 -57.51078  163.66580
 -57.78946  163.73682
 -57.99445  163.75253
 -58.24311  163.78343
 -58.47956  163.81929
 -58.77415  163.91042
 -59.14335  164.07683
 -59.40932  164.25789
 -59.59991  164.32863
>
 -54.52289  163.17053
 -54.58418  162.91060
 -54.89383  162.69650
 -55.38070  162.58804
 -55.76025  162.53928
 -56.18623  162.61073
 -56.52205  162.60687
 -56.82738  162.73297
 -57.17920  162.81422
 -57.30926  162.84969
>
 -63.82229  170.05821
 -63.73612  169.88275
 -63.61196  169.59709
 -63.46273  169.21628
 -63.28339  168.90036
 -63.14141  168.61964
 -62.98054  168.31882
 -62.84156  168.12816
 -62.79821  167.98289
>
 -61.21327  163.37927
 -61.37655  163.73009
 -61.55576  164.00092
 -61.74099  164.35684
 -61.90636  164.57260
 -62.10361  164.86353
 -62.26933  165.12433
 -62.40636  165.31497
 -62.65330  165.66615
 -62.81821  166.01199
 -63.09109  166.52837
 -63.30969  167.08456
 -63.56900  167.67595
 -63.73977  168.16191
 -63.89192  168.59277
 -64.06934  169.28387
 -64.14790  169.51433
 -64.38656  170.21071
 -64.58226  171.01695
 -64.75110  171.60799
>
 -61.33953  162.18417
 -61.47599  162.37981
 -61.66420  162.59065
 -61.90774  163.01183
 -62.18687  163.32309
 -62.23802  163.58842
 -62.41687  163.89931
 -62.62924  164.20532
 -62.76910  164.53607
 -62.91740  164.89685
 -63.08765  165.23271
 -63.28160  165.68875
 -63.42274  166.16959
 -63.67438  166.74593
 -63.89738  167.32216
 -64.02013  167.80293
 -64.09643  168.28848
 -64.16390  168.63396
 -64.27660  169.34479
 -64.38246  169.91554
 -64.47282  170.47621
>
 -60.77376  160.57117
 -61.01484  160.71718
 -61.27103  160.79822
 -61.46282  161.05910
 -61.75307  161.43042
 -61.93014  161.68625
 -62.18802  162.01744
 -62.42503  162.51865
 -62.58896  162.80946
 -62.74732  163.19530
>
 -50.04457  157.96921
 -50.26582  158.12993
 -50.53063  158.30580
 -50.78117  158.59169
 -51.08704  158.87773
 -51.37858  159.00868
 -51.64033  159.11952
 -51.97784  159.17557
>
 -52.36190  159.14673
 -52.71832  159.16783
 -53.05092  159.06882
 -53.22834  158.95432
 -53.38399  158.94479
>
 -61.95481  155.08806
 -62.19157  155.29410
 -62.43803  155.57524
 -62.71461  155.86650
 -62.91579  156.11244
 -63.13823  156.36850
 -63.32531  156.56438
 -63.56244  156.86551
 -63.76669  157.08649
 -64.01549  157.44772
 -64.17288  157.66351
 -64.34019  157.91936
 -64.47639  158.06502
 -64.72966  158.36128
 -64.97838  158.75757
 -65.20598  159.05873
 -65.40039  159.34975
 -65.58298  159.68074
 -65.72324  159.89648
 -65.89751  160.16241
 -66.03195  160.42316
 -66.21822  160.75418
 -66.43316  161.12038
 -66.54685  161.39604
 -66.72924  161.86714
 -66.85139  162.19789
 -66.96506  162.57362
 -67.02565  162.70398
>
