> Campbell Plateau                                  
 -49.98724  178.10451
 -50.08078  177.88959
 -50.21596  177.55969
 -50.35720  177.17479
 -50.47887  176.79984
 -50.50776  176.59477
 -50.32910  176.45927
 -50.13049  176.34373
 -50.06945  176.30856
 -50.07275  176.21852
 -50.09212  176.13351
 -50.23338  176.11884
 -50.32300  176.15407
 -50.38382  176.07416
 -50.55301  175.89946
 -50.59124  175.86952
 -50.73420  175.82483
 -50.88616  175.84520
 -51.12896  175.79575
 -51.22952  175.76096
 -51.34555  175.67119
 -51.49255  175.53145
 -51.61414  175.42668
 -51.73857  175.27188
 -51.78523  175.12691
 -51.84109  175.01196
 -51.90921  174.94209
 -51.95870  174.87717
 -52.01124  174.79225
 -52.05762  174.63727
 -52.09162  174.50226
 -52.13787  174.40732
 -52.19629  174.37244
 -52.26073  174.38760
 -52.32505  174.43280
 -52.35565  174.44287
 -52.35880  174.34781
 -52.39866  174.23785
 -52.45985  174.14293
 -52.51786  174.10306
 -52.60931  174.02322
 -52.66404  174.01836
 -52.74298  174.01855
 -52.76414  174.09866
 -52.81245  174.28889
 -52.84569  174.35402
 -52.88801  174.38414
 -52.93338  174.34424
 -52.95458  174.26924
 -52.99382  174.24933
 -53.06012  174.24449
 -53.11432  174.21460
 -53.19261  174.02969
 -53.25566  173.96480
 -53.37553  173.82503
 -53.45324  173.75517
 -53.51600  173.58522
 -53.59059  173.39529
 -53.62633  173.31032
 -53.67695  173.16536
 -53.76902  172.97548
 -53.81061  172.80548
 -53.85511  172.64047
 -53.89958  172.47049
 -53.97351  172.26056
 -54.01193  172.10556
 -54.07090  171.96562
 -54.14153  171.83070
 -54.21788  171.70082
 -54.31746  171.60101
 -54.36131  171.56110
 -54.36725  171.44104
 -54.42870  171.23106
 -54.49870  171.10617
 -54.54530  171.02124
 -54.60934  170.85631
 -54.67618  170.67636
 -54.71682  170.56140
 -54.76025  170.51648
 -54.82098  170.45160
 -54.82685  170.33154
 -54.84718  170.18651
 -54.85592  170.08147
 -54.94534  169.96661
 -55.01161  169.80669
 -55.03182  169.69168
 -55.08357  169.58673
 -55.14097  169.48683
 -55.16396  169.38683
 -55.12107  169.31667
 -55.12120  169.16658
 -55.13848  169.04654
 -55.17010  168.91154
 -55.20446  168.85660
 -55.25024  168.79169
 -55.26173  168.71666
 -55.33025  168.66180
 -55.39013  168.57692
 -55.41865  168.48694
 -55.41592  168.35684
 -55.44449  168.19681
 -55.46452  168.02678
 -55.50436  167.91679
 -55.54699  167.82187
 -55.66027  167.74712
 -55.70551  167.70721
 -55.74792  167.60225
 -55.78752  167.43726
 -55.78762  167.32718
 -55.76234  167.22707
 -55.74263  167.18198
 -55.76241  167.13699
 -55.79906  167.10709
 -55.84688  167.15224
 -55.90857  167.31750
 -55.94780  167.40767
 -56.00947  167.42284
 -56.09074  167.27797
 -56.18018  167.16313
 -56.22764  167.07321
 -56.24720  166.97820
 -56.38346  166.87851
 -56.45556  166.83368
 -56.48052  166.77370
 -56.40299  166.73848
 -56.45859  166.51849
 -56.48082  166.40347
 -56.54162  166.43866
 -56.62722  166.36885
 -56.65490  166.20883
 -56.64954  166.02869
 -56.61115  165.80345
 -56.56434  165.67325
 -56.48709  165.51794
 -56.38464  165.45763
 -56.29577  165.46239
 -56.19548  165.53716
 -56.12290  165.57199
 -56.02503  165.55672
 -56.01111  165.46661
 -55.97195  165.37646
 -56.01975  165.18648
 -56.10099  165.05161
 -56.16247  164.99173
 -56.20716  164.89679
 -56.16543  164.78661
 -56.04253  164.73125
 -55.85738  164.71574
 -55.76727  164.73051
 -55.74178  164.86052
 -55.72760  164.94554
 -55.65710  164.82527
 -55.52689  164.78491
 -55.39333  164.82959
 -55.31917  164.94446
 -55.27629  165.04440
 -55.20469  165.26936
 -55.17032  165.30930
 -55.11883  165.25414
 -55.07303  165.16396
 -55.00126  165.14876
 -54.95815  165.12863
 -54.95823  165.02856
 -54.95255  164.94850
 -54.92098  164.83334
 -54.93267  164.63324
 -54.97024  164.45323
 -55.01341  164.38831
 -55.07665  164.28841
 -55.17136  164.10355
 -55.20585  163.91351
 -55.05696  163.82808
 -55.02546  163.74294
 -54.95653  163.67271
 -54.81236  163.73738
 -54.71109  163.82718
 -54.62699  163.90701
 -54.57180  163.95689
 -54.50779  164.03178
 -54.40870  164.09155
 -54.30354  164.14632
 -54.22155  164.20116
 -54.10128  164.17583
 -54.06897  164.15073
 -54.02785  164.08058
 -53.95729  163.92029
 -53.85699  163.86501
 -53.78598  163.88985
 -53.71780  163.91968
 -53.64066  163.89948
 -53.56639  163.83426
 -53.50377  163.92915
 -53.46784  164.09416
 -53.41091  164.34418
 -53.38692  164.44917
 -53.37177  164.67429
 -53.31189  164.72917
 -53.15301  164.64873
 -52.99648  164.64833
 -52.85445  164.70302
 -52.66642  164.74257
 -52.49586  164.81219
 -52.29092  164.89674
 -52.09121  164.95129
 -51.86272  165.05080
 -51.72632  165.10049
 -51.51472  165.16502
 -51.36795  165.14967
 -51.21125  165.16431
 -51.04762  165.28398
 -50.86760  165.41864
 -50.66471  165.48320
 -50.51191  165.58791
 -50.32979  165.74757
 -50.18561  165.77725
 -50.03452  165.82693
 -49.95718  165.86179
>
