> Fracture zones: eastern SW Pacific              
 -50.05593  223.37254
 -50.18001  223.62827
 -50.33860  223.96916
 -50.48656  224.51486
 -50.62854  224.77071
 -50.77935  225.10158
 -50.90150  225.37727
 -51.13235  225.92360
 -51.27796  226.41434
 -51.43584  226.80522
 -51.61466  227.27621
 -51.79870  227.83722
 -51.92071  228.30780
 -52.03894  228.91829
 -52.17540  229.46396
 -52.25628  230.07916
 -52.34005  230.69939
 -52.45132  231.22488
 -52.59265  231.74559
 -52.71472  232.51103
 -52.83990  233.11658
 -52.98573  233.73228
 -53.11605  234.36287
 -53.19252  234.86813
>                                                 
 -55.31486  234.90448
 -55.24203  234.47418
 -55.12355  233.99854
 -54.97924  233.40277
 -54.84883  232.79213
 -54.73789  232.29156
 -54.60622  231.86081
 -54.51196  231.37538
 -54.43476  230.95006
 -54.34861  230.54964
 -54.22170  230.05397
 -54.13776  229.75351
 -54.02435  229.45284
 -53.96071  229.10257
 -53.92654  228.69255
 -53.83930  228.30212
 -53.77499  228.09677
 -53.71397  227.73154
 -53.63794  227.41116
 -53.60635  227.04614
 -53.47763  226.37059
 -53.38974  225.87524
 -53.25708  225.31459
 -53.12669  224.86389
 -53.01401  224.38335
 -52.88877  223.98766
 -52.75416  223.56691
 -52.63125  223.15126
 -52.52344  222.64078
 -52.38774  222.20505
 -52.21487  221.79903
 -52.13653  221.34373
 -52.08239  220.96358
 -52.00036  220.64818
 -51.75190  220.22662
 -51.57930  219.94556
 -51.38460  219.53439
 -51.24546  219.08368
 -51.10571  218.70291
 -50.89369  218.13174
 -50.71818  217.73076
 -50.56084  217.39484
 -50.39327  217.11882
 -50.27645  216.74324
 -50.12722  216.41240
 -50.02533  216.19681
>                                                 
 -53.60110  225.68196
 -53.51326  225.26656
 -53.43401  224.89618
 -53.33692  224.46573
 -53.26353  224.02045
 -53.19308  223.55020
 -53.10198  222.91492
 -53.04600  222.54474
 -53.00803  222.15469
 -52.96407  221.73962
 -52.91399  221.34450
 -52.79462  220.90388
 -52.67779  220.51825
 -52.50979  219.85741
 -52.35308  219.28662
 -52.17122  218.75562
 -52.08943  218.41522
 -51.97380  218.02463
 -51.89167  217.67424
 -51.75409  217.21854
 -51.65005  216.80803
 -51.56755  216.37770
 -51.46005  215.93719
 -51.34596  215.53162
 -51.14400  215.12042
 -50.91012  214.55910
 -50.72562  214.00314
 -50.48944  213.50676
 -50.37586  213.19615
 -50.23307  212.95529
 -50.06407  212.76923
>                                                 
 -56.55912  234.82953
 -56.52176  234.35452
 -56.44878  233.77429
 -56.35048  233.31377
 -56.28279  232.70361
 -56.17890  232.08316
 -56.11328  231.63290
 -55.97540  231.02718
 -55.83938  230.59137
 -55.75351  230.15094
 -55.67048  229.62061
 -55.54190  229.17986
 -55.48628  228.81964
 -55.46452  228.47968
 -55.38633  228.03433
 -55.26261  227.54866
 -55.19242  227.16335
 -55.15910  226.81830
 -55.06907  226.30292
 -55.03572  225.92789
 -54.96807  225.51262
 -54.90590  225.15735
 -54.82341  224.83690
 -54.75212  224.58151
 -54.62239  224.53552
 -54.54740  224.44998
 -54.49604  224.14978
 -54.43000  223.88443
 -54.36975  223.58415
 -54.30348  223.33380
>                                                 
 -57.62242  234.73340
 -57.54853  234.30307
 -57.46978  233.60283
 -57.32871  232.99203
 -57.29484  232.50705
 -57.21247  231.95673
 -57.14606  231.45148
 -57.09261  231.14124
 -57.04988  230.86105
>                                                 
 -58.74694  233.22896
 -58.72202  232.80901
 -58.60422  232.11342
 -58.54570  231.53827
 -58.46331  231.08784
 -58.39108  230.68248
 -58.35998  230.55229
 -58.30826  230.25702
 -58.19925  229.70644
 -58.08547  228.80103
 -57.92307  228.13507
 -57.86832  227.72986
 -57.73388  227.22404
 -57.58843  226.63318
 -57.47186  226.07756
 -57.37370  225.54207
 -57.26987  225.01653
 -57.17385  224.49106
 -57.09351  224.11063
 -57.01010  223.80014
 -56.86431  223.28426
 -56.76432  222.83371
 -56.69934  222.53337
 -56.68332  222.35834
 -56.64086  221.77835
 -56.51270  221.34756
>                                                 
 -56.19963  220.45558
 -56.13107  220.08527
 -55.98763  219.49448
 -55.81544  218.96843
 -55.66793  218.40759
 -55.49144  217.90651
 -55.31428  217.35544
 -55.15087  216.69456
 -55.04370  216.15906
 -54.88185  215.57816
 -54.71048  215.07712
 -54.57935  214.40651
 -54.46201  213.85095
 -54.34703  213.37537
 -54.22577  212.94469
 -54.08392  212.41893
 -54.02923  212.04875
 -53.91304  211.57315
 -53.77922  210.94753
 -53.62441  210.26677
 -53.46528  209.88080
 -53.27905  209.35474
 -53.12524  208.73396
 -53.08703  208.45885
>                                                 
 -53.92384  217.48953
 -53.81599  217.09396
 -53.69987  216.36853
 -53.60331  215.96304
 -53.48898  215.45749
 -53.38607  215.02199
 -53.24745  214.45129
 -53.09913  213.97049
 -53.04337  213.52036
 -52.95716  213.17992
 -52.87677  212.85953
 -52.79306  212.58907
 -52.71234  212.27367
 -52.63741  212.00328
 -52.57744  211.76299
 -52.38345  211.54668
 -52.33233  211.29147
>                                                 
 -60.39147  234.80260
 -60.31821  234.43716
 -60.14114  233.81595
 -59.96804  233.22476
 -59.83876  232.82884
 -59.69677  232.26791
 -59.59179  231.83725
 -59.42602  231.22116
 -59.31531  230.70052
 -59.19674  230.10484
 -59.07499  229.59909
 -58.98646  229.00368
 -58.88464  228.48312
 -58.82111  228.04784
 -58.71648  227.40733
 -58.62668  226.95683
 -58.53916  226.55133
 -58.49040  226.22112
 -58.44168  225.84593
 -58.37993  225.41568
 -58.29425  225.08014
 -58.22960  224.65987
 -58.13620  224.09441
 -58.07595  223.91901
 -58.00856  223.37376
 -57.88538  222.81308
 -57.83567  222.49785
 -57.78337  222.12764
 -57.72568  221.75238
 -57.67057  221.37216
 -57.58045  221.05661
 -57.49276  220.75606
 -57.39411  220.45041
 -57.27032  220.37943
 -57.15739  220.13864
 -56.97692  219.58249
 -56.89597  219.27202
 -56.81763  218.94658
 -56.75819  218.65628
 -56.70133  218.39096
 -56.61706  218.07547
 -56.50236  217.73975
 -56.46132  217.61449
 -56.35716  217.29385
 -56.26925  217.01830
 -56.20341  216.72295
 -56.11788  216.46242
 -56.05148  216.28700
 -56.00997  216.15674
 -55.96284  216.02145
 -55.88219  215.83592
>                                                 
 -57.45829  220.58087
 -57.41624  220.19077
 -57.37405  219.84064
 -57.26995  219.42502
 -57.18960  219.13454
 -57.07952  218.72887
 -56.98779  218.47328
 -56.92891  218.06305
 -56.82858  217.82237
 -56.74729  217.52689
 -56.66022  217.27133
 -56.61682  217.06111
 -56.55414  216.84073
 -56.48846  216.67529
 -56.44460  216.57001
 -56.39530  216.40970
 -56.30444  216.23907
 -56.22735  216.02858
>                                                 
 -50.04986  199.91716
 -50.20930  200.11316
 -50.37436  200.38416
 -50.55461  200.69023
 -50.68382  200.91602
 -50.82832  201.18687
 -50.96602  201.47768
 -51.14095  201.75876
 -51.30573  202.08473
 -51.41419  202.31038
 -51.57190  202.59634
 -51.67331  202.90688
 -51.78389  203.16753
 -51.88815  203.38814
 -52.00729  203.69882
 -52.15986  203.98976
 -52.26631  204.21040
 -52.46933  204.64664
 -52.63833  204.99767
 -52.80381  205.29871
 -52.93849  205.63449
 -53.06967  206.00024
 -53.17658  206.34584
 -53.23587  206.53616
 -53.36606  206.93190
 -53.46936  207.24249
 -53.60751  207.71823
 -53.69840  208.02873
 -53.79192  208.38423
 -53.88227  208.74969
 -53.92319  208.84494
 -54.05722  209.21573
 -54.21697  209.63170
 -54.36169  209.99759
 -54.40165  210.28271
 -54.54273  210.68855
 -54.62566  211.05898
 -54.75166  211.42471
 -54.88024  211.75552
 -54.96544  212.09099
 -55.03061  212.35632
 -55.10125  212.67668
 -55.19173  212.98720
 -55.27626  213.32765
 -55.33545  213.51300
 -55.36597  213.78809
 -55.38803  214.03310
 -55.42119  214.36816
 -55.47145  214.64339
 -55.52728  214.92865
 -55.56309  215.28371
 -55.60477  215.53389
 -55.67416  215.94919
 -55.72980  216.19447
 -55.78253  216.44473
 -55.85219  216.62518
 -55.92157  216.86559
>                                                 
 -57.35182  212.35013
 -57.27156  212.09462
 -57.17529  211.67409
 -57.09215  211.33360
 -56.99015  210.84306
 -56.89568  210.50249
 -56.73557  210.06146
 -56.58560  209.68547
 -56.48731  209.35986
 -56.39437  209.00433
 -56.28479  208.56871
 -56.20791  208.25328
 -56.16419  207.96312
 -56.12594  207.69298
 -56.08207  207.42278
>                                                 
 -55.97041  206.34256
 -55.90701  205.98227
 -55.82109  205.61681
 -55.76294  205.30653
 -55.66823  204.95599
 -55.59837  204.72559
 -55.53399  204.51021
 -55.46115  204.24480
 -55.35404  204.01410
 -55.29192  203.87369
>                                                 
 -58.51078  209.76158
 -58.29802  209.04021
 -58.16819  208.37451
 -57.96700  207.48834
 -57.81483  206.76750
 -57.60066  205.99619
 -57.41196  205.29504
 -57.20861  204.65375
 -57.02824  204.16257
 -56.90134  203.75177
 -56.78210  203.38602
 -56.66799  203.01530
 -56.59139  202.89975
 -56.47290  202.94876
 -56.35695  202.93781
 -56.26023  202.85709
 -56.18847  202.70160
 -56.23074  202.44710
 -56.26721  202.28250
 -56.32048  202.02809
 -56.32084  201.88318
 -56.29086  201.68805
 -56.24179  201.35786
 -56.23626  201.35283
>                                                 
 -59.60003  209.32640
 -59.49436  209.06563
 -59.43392  208.87520
 -59.33041  208.55948
 -59.20910  208.06873
 -59.07931  207.72780
 -58.95423  207.36691
 -58.89803  207.15657
 -58.88265  207.11646
 -58.74663  206.69554
 -58.59990  206.17958
 -58.50463  205.71405
 -58.36470  205.21317
 -58.29203  204.91272
 -58.16679  204.52191
 -58.08585  204.19641
 -58.03383  203.86118
 -57.98947  203.61096
 -57.91876  203.27557
 -57.80043  202.77989
 -57.74281  202.38963
 -57.65565  202.02412
 -57.57612  201.74364
 -57.52621  201.33847
 -57.36865  200.96239
 -57.20228  200.59123
 -57.05173  200.10529
 -56.93575  199.71957
 -56.79780  199.22873
 -56.70845  198.83826
 -56.65727  198.46806
 -56.55105  198.08743
 -56.45288  197.68188
 -56.30744  197.26096
 -56.16114  196.95996
 -55.98383  196.55879
 -55.80309  196.08263
 -55.69157  195.74194
 -55.57105  195.48615
 -55.44436  195.28027
 -55.31739  195.02443
>                                                 
 -59.24121  204.09648
 -59.17045  203.75108
 -59.04861  203.24034
 -58.92871  202.81955
 -58.78789  202.31863
 -58.65958  201.77286
 -58.59031  201.38750
 -58.50774  201.05699
 -58.43594  200.50671
 -58.32969  200.06609
 -58.22844  199.59552
 -58.14233  199.28497
 -57.95098  198.65373
 -57.80885  198.15285
 -57.70588  197.78221
 -57.55972  197.43619
 -57.30863  196.82448
 -57.19581  196.58369
 -57.09087  196.30299
 -56.97490  195.96223
 -56.83948  195.61134
 -56.75801  195.39581
 -56.67620  195.24524
 -56.55046  194.99435
>                                                 
 -60.91087  202.25273
 -60.79491  201.91685
 -60.66405  201.48592
 -60.58165  201.09541
 -60.48944  200.59988
 -60.42876  200.21455
 -60.33601  199.76900
 -60.24039  199.37337
 -60.14223  198.88779
 -60.06096  198.50728
 -59.93707  198.10143
 -59.85751  197.85587
 -59.79563  197.48055
 -59.71867  197.04514
 -59.65670  196.59985
 -59.58961  196.12955
 -59.50668  195.88396
 -59.42886  195.53850
 -59.36079  195.29803
 -59.31541  195.10277
 -59.29008  195.03258
>                                                 
 -62.24099  204.59885
 -62.14372  204.33806
 -62.02081  203.88217
 -61.80807  203.35547
 -61.63424  202.79916
 -61.49983  202.30319
 -61.38150  201.84238
 -61.22681  201.32625
 -61.11212  200.93042
 -60.99929  200.60458
 -60.89114  200.17384
 -60.78720  199.87306
 -60.70250  199.56248
 -60.58079  199.26654
 -60.51017  199.01105
 -60.46637  198.80080
 -60.37580  198.53014
 -60.26289  198.17433
 -60.15205  197.82854
 -60.08783  197.62808
 -60.03094  197.44269
 -59.98637  197.29237
>                                                 
 -62.90147  202.10187
 -62.80433  201.71616
 -62.67023  201.32008
 -62.55370  201.03911
 -62.48036  200.85352
 -62.39678  201.06256
 -62.37814  201.12234
 -62.26518  200.80646
 -62.12164  200.41031
 -61.99131  200.09425
 -61.85811  199.75818
 -61.72656  199.48212
 -61.63957  199.19147
>                                                 
 -62.45410  199.05437
 -62.35524  198.77859
 -62.16343  198.28204
 -61.97720  197.89050
 -61.81355  197.43922
 -61.67741  197.00819
 -61.57133  196.68739
 -61.46489  196.37157
 -61.36763  196.06085
 -61.23435  195.61488
 -61.16270  195.38435
 -61.11243  195.23398
 -61.05006  195.05351
>                                                 
 -61.17891  196.79362
 -61.08791  196.52795
 -60.95348  196.06198
 -60.81602  195.61099
 -60.70454  195.30016
 -60.59505  195.01933
>                                                 
 -57.60681  212.33228
 -57.65982  212.51262
 -57.81103  212.79871
 -57.88999  213.10419
 -58.00059  213.38495
 -58.09764  213.67558
 -58.24135  214.13654
 -58.31921  214.50696
 -58.41508  214.93253
 -58.48233  215.21294
 -58.55219  215.43839
 -58.65528  215.83405
 -58.75023  216.26459
 -58.83234  216.55013
 -58.91405  216.92061
 -58.98265  217.31596
 -59.05387  217.63138
 -59.11485  217.88176
 -59.11659  218.23656
 -59.22557  218.68222
 -59.30111  219.11763
 -59.37152  219.49800
 -59.46957  219.93361
 -59.52233  220.12897
 -59.61230  220.59445
 -59.69960  221.01997
 -59.73684  221.24516
 -59.76132  221.54021
 -59.76571  221.82506
 -59.82787  222.10045
 -59.92238  222.40610
 -59.96692  222.61137
 -59.96138  222.85617
 -60.04836  223.01686
 -60.09275  223.21213
 -60.13942  223.47739
 -60.16873  223.69753
 -60.23722  224.13287
 -60.29856  224.37827
 -60.31241  224.82312
>                                                 
 -60.32176  217.28792
 -60.19880  216.90704
 -60.01591  216.36572
 -59.92486  215.75029
 -59.82594  215.17975
 -59.72906  214.67920
 -59.66678  214.37883
 -59.52136  213.88785
 -59.39305  213.42200
 -59.29469  213.02637
 -59.12512  212.31534
 -58.96691  211.89421
 -58.87992  211.62363
 -58.75925  211.28278
>                                                 
 -59.75435  209.06793
 -59.84164  209.33354
 -59.99081  209.75963
 -60.14912  210.25075
 -60.30177  210.71684
 -60.43159  211.16273
 -60.48775  211.36313
 -60.56565  211.67865
 -60.65794  212.03928
 -60.72571  212.33470
 -60.78854  212.59512
 -60.87048  212.95065
 -60.92573  213.22600
 -61.02901  213.61671
 -61.11780  213.87238
 -61.08088  214.20683
 -61.13342  214.44717
 -61.20004  214.80757
 -61.29280  215.22318
 -61.33535  215.49341
 -61.39928  215.79881
 -61.38939  215.95363
 -61.48182  216.25931
 -61.54075  216.53468
 -61.61639  216.71529
 -61.68230  216.93079
 -61.74799  217.19124
 -61.80161  217.50655
 -61.84112  217.77177
 -61.88996  218.05206
 -61.93166  218.34227
 -61.97099  218.61249
 -62.02876  219.00279
 -62.11659  219.47835
 -62.17405  219.88364
 -62.24995  220.31410
 -62.34857  220.86972
 -62.41047  221.15015
 -62.44469  221.36035
 -62.51310  221.74077
 -62.60428  222.14641
 -62.67939  222.43198
 -62.78836  222.82280
 -62.88779  223.22853
 -62.98927  223.57932
 -63.12867  223.98544
 -63.22478  224.35617
 -63.32490  224.80190
 -63.40476  225.14749
 -63.47124  225.39301
 -63.54849  225.72856
 -63.62780  226.04416
 -63.68497  226.25462
 -63.87146  226.75621
 -64.10673  227.34326
 -64.21069  227.58917
 -64.41106  228.03598
 -64.51817  228.28694
 -64.67795  228.71335
 -64.86040  228.99011
 -65.03944  229.32179
 -65.16082  229.59294
 -65.27754  229.83405
 -65.38356  229.96011
 -65.43530  230.06061
>                                                 
 -61.52429  210.88806
 -61.56171  211.18323
 -61.67007  211.55902
 -61.74731  211.94951
 -61.81488  212.36490
 -61.91286  212.78557
 -61.97327  213.08595
 -62.08015  213.47675
 -62.12847  213.82199
 -62.19545  214.12245
 -62.27147  214.46797
 -62.36794  214.91364
 -62.45504  215.26926
 -62.50048  215.60448
 -62.52970  215.95456
 -62.59094  216.37489
 -62.64977  216.79520
 -62.71533  217.21558
 -62.78763  217.62103
 -62.85536  217.94650
 -62.92733  218.35196
 -63.00589  218.76749
 -63.05734  219.06781
 -63.11987  219.42819
 -63.22040  219.85394
 -63.37191  220.36014
 -63.50735  220.72128
 -63.63096  221.12729
 -63.71651  221.52290
 -63.81279  221.93362
 -63.94827  222.32477
 -64.06128  222.71069
 -64.11086  223.01601
 -64.23402  223.42702
 -64.32442  223.72777
 -64.45967  224.07396
 -64.60275  224.45523
 -64.71328  224.75621
 -64.85524  225.03253
 -64.99426  225.34882
 -65.16823  225.67047
 -65.23485  225.87105
 -65.41747  226.27777
 -65.53091  226.55884
 -65.68075  226.91524
 -65.85836  227.25198
 -65.97818  227.44818
 -66.07729  227.59918
 -66.18798  227.81528
>                                                 
 -63.11804  209.21956
 -63.22555  209.53044
 -63.33017  209.96622
 -63.41892  210.33188
 -63.53611  210.80276
 -63.64828  211.33357
 -63.74255  211.76425
 -63.84298  212.25499
 -63.96500  212.73093
 -64.05586  213.24655
 -64.12475  213.71196
 -64.17838  214.10727
 -64.26881  214.49297
 -64.36752  214.89874
 -64.41241  215.11906
 -64.49349  215.48969
 -64.60846  215.94060
 -64.68901  216.28624
 -64.76717  216.64684
 -64.83252  216.92735
 -64.89980  217.22789
 -64.99850  217.56372
 -65.08004  217.88939
>                                                 
 -63.12346  202.10905
 -63.21736  202.46478
 -63.35339  202.89087
 -63.50196  203.40706
 -63.60792  203.78288
 -63.73762  204.24391
 -63.81188  204.61444
 -63.92746  205.09033
 -64.01001  205.44595
 -64.10098  205.82664
 -64.20485  206.13252
 -64.28657  206.49315
 -64.35738  206.78371
 -64.41702  207.18408
 -64.53023  207.60001
 -64.63437  208.04082
 -64.73395  208.42662
 -64.81214  208.70227
 -64.89440  208.94800
 -64.95972  209.08360
 -65.05211  209.29945
 -65.14421  209.50531
 -65.25044  209.80627
 -65.36028  210.17223
 -65.41177  210.43262
 -65.47350  210.70311
 -65.58641  211.14407
 -65.67850  211.46487
 -65.78454  211.81583
 -65.87398  212.08163
 -65.96917  212.37251
 -66.06620  212.56845
 -66.21282  212.99982
 -66.33283  213.28099
 -66.43832  213.55701
 -66.59289  213.88853
 -66.65202  214.05411
 -66.72479  214.22983
>                                                 
 -62.90518  200.28802
 -62.98420  200.50868
 -63.08547  200.79950
 -63.20882  201.12552
 -63.37177  201.54691
 -63.46037  201.92255
 -63.55767  202.25333
 -63.68763  202.69937
 -63.78175  203.14006
 -63.93472  203.63631
 -64.03234  204.09702
 -64.18402  204.55830
 -64.25045  205.00871
 -64.37064  205.51964
 -64.50954  206.08574
 -64.62438  206.56165
 -64.71751  206.99734
 -64.85065  207.43349
 -64.95364  207.83432
 -65.01006  208.13974
 -65.04745  208.42496
 -65.06161  208.72992
 -65.11354  209.07025
 -65.16135  209.31561
>                                                 
 -66.96742  213.54803
 -66.86795  213.35701
 -66.74464  213.04080
 -66.59504  212.68433
 -66.43446  212.36769
 -66.29288  212.08130
 -66.19689  211.79039
 -66.10864  211.48460
 -66.02605  211.24884
 -65.95539  211.01320
 -65.88243  210.81253
 -65.78065  210.59154
 -65.71539  210.40094
>                                                 
 -66.98873  210.31030
 -66.90720  209.98956
 -66.71152  209.47766
 -66.57168  209.10129
 -66.42508  208.70488
 -66.22775  208.09805
 -66.04514  207.45142
 -65.87146  206.78992
 -65.71482  206.26352
 -65.56762  205.70726
 -65.47104  205.35643
 -65.39697  205.01584
 -65.30222  204.47015
 -65.26082  204.28484
 -65.18634  203.84431
 -65.11337  203.60367
>                                                 
 -66.97977  208.74118
 -66.86098  208.41502
 -66.69643  207.97841
 -66.54073  207.52692
 -66.34992  207.13503
 -66.20390  206.80859
 -66.06722  206.45230
 -65.93202  205.99608
 -65.82467  205.57515
 -65.72944  205.01945
 -65.61710  204.60349
 -65.51665  204.21764
 -65.43448  203.83698
 -65.28971  203.35573
 -65.14650  202.73457
 -65.05684  202.35884
 -64.96911  201.92317
 -64.82838  201.31708
 -64.72272  200.95117
 -64.66168  200.51080
 -64.60464  200.14543
 -64.51328  199.70476
 -64.36354  199.17352
 -64.26250  198.83769
 -64.13510  198.43163
 -64.02685  198.00078
 -63.87211  197.53947
 -63.74510  197.14842
 -63.69073  196.69815
 -63.61602  196.39258
 -63.58096  196.16237
 -63.54815  195.90221
 -63.54867  195.64236
 -63.54930  195.32758
 -63.53196  195.10254
>                                                 
 -67.03123  197.19398
 -66.91843  196.94284
 -66.78003  196.41159
 -66.61313  195.87503
 -66.49059  195.52885
 -66.40144  195.18806
 -66.35567  195.05763
>
