> Hollister Ridge                                 
 -54.80991  221.85179
 -54.69240  221.64565
 -54.56331  221.33438
 -54.46533  221.15343
 -54.39032  220.99271
 -54.31503  220.87697
 -54.29761  220.85681
>                                                 
 -54.17647  220.41563
 -54.14169  220.32031
 -54.01345  220.11407
 -53.86747  219.81268
 -53.69727  219.52605
 -53.53535  219.21951
 -53.35497  218.90280
 -53.21244  218.66647
 -53.10526  218.48547
 -52.98573  218.31934
 -52.93792  218.22391
>                                                 
 -52.90272  217.94856
 -52.81870  217.82779
 -52.77661  217.77240
>                                                 
 -52.65317  217.59625
 -52.54745  217.46527
 -52.42341  217.27411
 -52.33244  217.13327
 -52.25635  217.05257
 -52.21680  216.99222
>                                                 
 -52.08076  216.45096
 -52.00774  216.25029
 -51.93775  216.02464
 -51.86427  215.88899
 -51.77529  215.73317
>
