> EPR (Pac-Ant spreading)                         
 -54.92471  232.61288
 -55.01950  232.54865
 -55.15135  232.42470
 -55.26849  232.32063
 -55.34544  232.25125
>                                                 
 -53.86520  225.38356
 -53.97124  225.33939
 -54.11524  225.24051
 -54.24710  225.12654
 -54.33776  225.02725
 -54.43986  224.91805
 -54.47775  224.86835
>                                                 
 -54.10699  222.88014
 -54.25049  222.79128
 -54.35557  222.73711
 -54.51573  222.60837
 -54.69255  222.48976
 -54.89459  222.32635
 -55.02396  222.21739
 -55.16729  222.06354
 -55.34701  221.92497
 -55.56268  221.78171
 -55.75760  221.59830
 -55.90658  221.48950
 -56.04940  221.38068
 -56.14988  221.31650
 -56.23899  221.25223
 -56.32784  221.20796
 -56.40833  221.10863
 -56.57698  220.94003
 -56.65979  220.80571
 -56.76424  220.70157
 -56.85744  220.61235
 -56.96680  220.50826
 -57.04587  220.43393
 -57.07580  220.41418
>                                                 
 -55.88421  214.98851
 -55.97969  214.85928
 -56.15302  214.69070
 -56.32006  214.51707
 -56.46698  214.36827
 -56.64355  214.22475
 -56.82212  214.04623
 -56.97806  213.87253
 -57.15770  213.71404
 -57.29599  213.56520
 -57.42028  213.42625
 -57.53602  213.32724
 -57.61119  213.26288
 -57.69962  213.16862
>                                                 
 -57.45360  211.92635
 -57.54236  211.85211
 -57.66841  211.74818
 -57.81017  211.57439
 -57.96731  211.38072
 -58.10524  211.21692
 -58.20575  211.06778
 -58.29277  210.95854
 -58.35062  210.90404
>                                                 
 -58.74666  210.96756
 -58.80643  210.88309
 -58.96432  210.70447
 -59.10622  210.48073
 -59.24489  210.29695
 -59.36771  210.11804
 -59.45442  209.99883
 -59.58653  209.85001
 -59.66766  209.72574
 -59.77629  209.58171
>                                                 
 -59.42718  208.61839
 -59.52372  208.56927
 -59.68578  208.44574
 -59.82720  208.22202
 -59.95783  208.08321
 -60.06553  207.93918
 -60.21777  207.71057
 -60.32208  207.59653
 -60.45074  207.46773
 -60.57407  207.30385
 -60.69204  207.13495
 -60.79242  207.01088
 -60.85835  206.93150
 -60.92665  206.81714
 -60.99000  206.68272
 -61.05080  206.55829
 -61.15733  206.41429
 -61.28992  206.27054
 -61.42432  206.13182
 -61.52010  205.97774
 -61.65592  205.82404
 -61.72952  205.74976
 -61.82906  205.60071
 -61.90465  205.50644
 -62.01764  205.37753
 -62.09978  205.27834
 -62.17236  205.18903
 -62.21912  205.11449
 -62.29841  205.01027
 -62.34036  204.92567
>                                                 
 -62.16092  204.00377
 -62.29157  203.86507
 -62.39624  203.71608
 -62.50518  203.55716
 -62.62063  203.38829
 -62.72188  203.22929
 -62.79074  203.10997
 -62.85715  202.99063
 -62.90742  202.91113
 -62.96214  202.83168
 -63.01221  202.75719
 -63.04177  202.70747
 -63.07812  202.64284
 -63.11219  202.56818
>                                                 
 -62.46768  200.58141
 -62.56249  200.44734
 -62.68018  200.19850
 -62.73078  200.10899
>                                                 
 -62.22060  197.94360
 -62.33476  197.80473
 -62.50645  197.55141
 -62.65639  197.36290
 -62.78952  197.19923
 -62.95634  196.94089
 -63.10844  196.79242
 -63.17179  196.71806
 -63.23281  196.61867
 -63.37684  196.43013
>
