36.564 233.445 0480-381
36.673 233.818
35.533 233.207 0480-384
35.644 233.592
35.498 233.258 conmcalf.c2
35.490 234.093
35.666 233.263 conmcalf.c3
35.649 234.052
35.830 233.246 conmcalf.c5
35.842 233.977
35.996 233.345 conmcalf.c7
35.982 234.027
36.153 233.373 conmcalf.c8
36.147 234.059
36.320 233.388 conmcalf.c10
36.323 233.921
36.501 233.522 conmcalf.c11
36.508 233.946
36.662 233.380 conmcalf.c13
36.636 233.873
36.830 233.409 conmcalf.c14
36.828 233.963
36.788 233.393 elt31
37.316 234.009
36.657 233.382 f284nc.c9
36.418 233.984
36.964 233.420 f284nc.c11
36.950 234.102
34.164 232.975 gecs-amv
34.021 234.053
35.004 233.078 indp01wt
35.002 233.978
34.453 233.060 lusi01ar
34.393 234.038
33.898 233.021 nova01ar
33.804 233.814
35.429 233.086 pol7103
35.595 234.129
33.811 233.009 scan01ar.c1 15
33.724 233.719
36.697 233.410 scan01ar.c2
36.427 234.011
36.403 233.483 si343410.c2
36.603 233.995
35.029 233.064 si932005
34.724 234.091
36.567 233.377 si933010
36.775 233.878
35.786 233.319 umppion.c14
35.807 234.017
36.325 233.390 umppion.c15
36.330 233.951
36.667 233.383 umppion.c16
36.673 233.817
36.473 233.474 umppion.c17
36.447 234.000
36.032 233.350 umppion.c18
36.027 234.051
35.680 233.261 umppion.c19
35.682 234.043
35.490 233.081 umppion.c20
35.481 234.086
35.131 233.141 umppion.c21
35.173 234.139
35.317 233.076 umppion.c23
35.336 234.059
36.818 233.384 umppion.c24
36.808 233.866
36.137 233.375 umppion.c25
36.150 234.050
